43
59
61
66
139
175
230
234
319
320
329
506
539
540
541
572
577
597
604
606
639
708
726
762
823
887
960
1005
1017
1080
1097
1123
1174
1175
1213
1215
1218
1274
1298
1377
1504
1514
1563
1639
1640
1647
1651
1694
1697
1710
1711
1727
1775
1801
1881
1991
2183
2261
2263
2285
2313
2380
2404
2416
2425
2449
2490
2592
2632
2682
2697
2735
2748
2803
2807
2828
2859
2945
3004
3013
3033
3054
3118
3126
3160
3184
3226
3297
3322
3369
3373
3493
3505
3507
3736
3846
3881
3900
3916
3938
3942
4009
4049
4127
4137
4158
4160
4166
4170
4178
4219
4284
4290
4316
4338
4343
4364
4421
4422
4430
4472
4479
4494
4548
4585
4597
4603
4612
4651
4681
4722
4824
4942
4965
4968
4996
5085
5096
5131
5303
5389
5405
5414
5447
5613
5634
5675
5725
5811
5848
5933
6011
6059
6060
6071
6150
6156
6285
6336
6385
6386
6429
6490
6502
6508
6509
6513
6557
6615
6682
6710
6736
6822
6828
6896
6907
6929
6982
6994
7003
7009
7036
7116
7311
7355
7357
7469
7508
7570
7653
7757
7772
7774
7978
8007
8020
8078
8153
8174
8200
8201
8246
8276
8336
8356
8405
8452
8482
8500
8517
8521
8695
8709
8726
8735
8767
8798
8855
8876
8890
8929
8976
8983
9007
9056
9186
9210
9355
9457
9486
9493
9519
9524
9528
9538
9553
9704
9766
9771
9772
9844
9884
9888
9932
9939
9959
9967
10056
10059
10072
10085
10117
10182
10241
10271
10292
10313
10392
10396
10439
10445
10469
10519
10528
10639
10645
10686
10696
10700
10706
10718
10741
10752
10756
10782
10874
10898
10904
10937
11002
11041
11062
11113
11143
11153
11166
11178
11252
11287
11327
11464
11485
11509
11554
11604
11615
11644
11650
11737
11749
11859
11867
11913
11948
12009
12023
12032
12070
12131
12133
12221
12243
12287
12290
12421
12479
12544
12573
12600
12653
12658
12690
12812
12815
12822
12845
12848
12868
12911
12917
12931
13038
13040
13066
13081
13082
13245
13289
13371
13377
13418
13426
13432
13497
13509
13545
13604
13622
13629
13637
13652
13724
13822
13823
13826
13904
14054
14116
14155
14174
14184
14211
14247
14268
14291
14321
14326
14400
14453
14468
14472
14480
14573
14580
14586
14587
14590
14595
14666
14701
14705
14917
14995
15008
15049
15066
15073
15132
15188
15201
15321
15341
15399
15498
15544
15549
15557
15623
15673
15685
15776
15808
15809
15846
15979
16016
16025
16027
16048
16146
16152
16182
16187
16212
16238
16334
16395
16551
16615
16664
16672
16700
16735
16742
16756
16788
16816
16823
16825
16855
16890
16896
16897
16932
16958
17011
17070
17169
17182
17189
17217
17248
17269
17272
17297
17329
17364
17376
17388
17418
17474
17541
17571
17586
17605
17626
17631
17726
17801
17811
17814
17816
17888
17940
17989
18050
18096
18125
18136
18199
18227
18259
18331
18365
18369
18450
18466
18472
18537
18582
18600
18615
18680
18697
18725
18732
18803
18886
19012
19021
19143
19170
19242
19379
19440
19477
19487
19511
19515
19516
19539
19571
19593
19596
19598
19631
19645
19684
19737
19784
19791
19868
19927
19940
20008
20060
20188
20291
20407
20484
20584
20603
20771
20789
20982
20996
21044
21047
21057
21066
21068
21152
21180
21429
21434
21542
21549
21552
21635
21651
21667
21696
21736
21811
21822
21869
21923
21986
21988
22021
22025
22085
22159
22238
22252
22281
22298
22344
22355
22380
22383
22394
22407
22498
22508
22518
22564
22568
22576
22577
22619
22644
22803
22823
22839
22854
22908
22956
23112
23118
23140
23149
23192
23277
23332
23345
23372
23374
23399
23404
23462
23569
23646
23659
23708
23818
24041
24088
24145
24171
24225
24238
24244
24249
24252
24271
24278
24316
24356
24380
24480
24481
24560
24581
24606
24614
24814
24831
24862
24877
24878
24885
24895
24928
24954
24979
25006
25036
25081
25110
25206
25210
25303
25308
25320
25433
25438
25502
25523
25546
25578
25645
25678
25749
25924
25942
25953
26007
26061
26081
26175
26279
26305
26312
26380
26447
26471
26484
26542
26544
26579
26627
26726
26762
26763
26852
26858
26871
27004
27047
27051
27115
27134
27145
27192
27249
27282
27412
27461
27486
27523
27548
27575
27585
27696
27741
27834
27839
27859
27921
28004
28023
28086
28125
28127
28141
28153
28197
28202
28213
28244
28250
28329
28370
28398
28420
28440
28498
28537
28591
28617
28674
28678
28714
28733
28782
28796
28876
29036
29052
29086
29102
29124
29136
29260
29268
29272
29299
29381
29414
29490
29651
29656
29690
29704
29709
29813
29835
29839
29993
30017
30032
30049
30071
30123
30130
30156
30221
30227
30251
30260
30293
30336
30354
30369
30471
30493
30516
30517
30547
30662
30775
30786
30788
30805
30901
30935
30936
30939
30960
30967
31014
31079
31127
31140
31166
31170
31193
31291
31295
31372
31380
31474
31532
31612
31634
31694
31698
31708
31710
31732
31752
31869
31914
31923
31924
31926
32064
32082
32083
32120
32161
32186
32206
32257
32267
32279
32344
32365
32401
32471
32490
32492
32542
32554
32564
32579
32591
32592
32661
32671
32712
32718
32784
32801
32837
32847
32861
32907
32915
32927
32934
32960
32993
33037
33043
33090
33111
33386
33433
33467
33579
33587
33600
33658
33716
33733
33759
33786
33804
33857
33918
34032
34098
34107
34134
34146
34236
34276
34278
34287
34292
34304
34444
34464
34654
34680
34691
34761
34834
34860
34944
35016
35059
35060
35068
35111
35148
35151
35199
35226
35275
35282
35316
35324
35334
35437
35438
35453
35458
35520
35562
35570
35600
35654
35707
35715
35719
35724
35802
35841
35894
35924
35982
35995
36003
36011
36035
36054
36119
36122
36128
36194
36208
36267
36317
36364
36422
36486
36488
36498
36503
36554
36587
36778
36801
36829
36848
36854
36884
36930
37012
37092
37102
37156
37215
37242
37374
37397
37416
37551
37553
37588
37609
37621
37647
37664
37700
37709
37720
37726
37751
37783
37889
37906
37907
37989
38167
38255
38256
38334
38373
38421
38448
38535
38599
38610
38621
38626
38668
38697
38722
38817
38905
38978
39043
39055
39059
39086
39115
39156
39187
39195
39346
39395
39397
39411
39532
39645
39682
39699
39710
39771
39825
39841
39845
39854
39866
39971
39984
-1
