2
68
80
88
92
105
189
226
283
285
366
450
461
486
487
552
579
604
629
631
644
714
725
746
776
798
811
812
851
915
921
1000
1004
1052
1058
1089
1113
1119
1199
1201
1285
1364
1395
1403
1419
1425
1471
1554
1688
1757
1779
1844
1914
1953
2038
2047
2102
2105
2113
2116
2135
2226
2354
2357
2360
2373
2411
2466
2474
2492
2609
2672
2674
2729
2754
2818
2841
2847
2897
2901
2913
2918
3008
3104
3111
3142
3164
3188
3213
3273
3295
3296
3315
3321
3326
3366
3463
3550
3631
3646
3678
3702
3740
3798
3814
3855
3859
3875
3909
3943
3957
3962
3978
4025
4026
4128
4137
4146
4154
4172
4239
4281
4318
4321
4380
4456
4508
4544
4557
4563
4642
4644
4675
4684
4761
4777
4798
4826
4879
4884
4925
4933
4964
4971
4973
4974
5137
5192
5197
5241
5247
5253
5305
5347
5348
5471
5485
5530
5609
5612
5708
5848
5942
5948
5977
6007
6052
6068
6081
6126
6143
6197
6239
6252
6290
6294
6305
6462
6466
6494
6532
6554
6592
6642
6719
6803
6825
6828
6844
6921
6971
7066
7180
7200
7244
7260
7262
7322
7329
7388
7426
7433
7476
7477
7569
7636
7682
7683
7748
7842
7862
7886
7897
8083
8095
8104
8116
8117
8193
8194
8242
8286
8310
8344
8353
8410
8423
8501
8510
8589
8657
8658
8665
8686
8696
8702
8739
8759
8790
8800
8849
8879
8913
8968
9036
9064
9072
9080
9085
9136
9248
9322
9346
9355
9383
9440
9480
9482
9489
9495
9502
9530
9598
9619
9636
9651
9724
9753
9920
9928
9931
9991
10029
10048
10073
10222
10231
10293
10296
10302
10314
10347
10365
10431
10471
10485
10494
10505
10524
10545
10551
10591
10767
10786
10813
10823
10889
10900
10955
10991
11016
11049
11104
11128
11131
11228
11278
11310
11330
11340
11363
11405
11460
11469
11523
11565
11579
11650
11689
11737
11751
11777
11800
11888
11936
11942
11945
11983
11996
12028
12063
12087
12175
12178
12186
12228
12229
12230
12231
12263
12331
12341
12358
12385
12386
12424
12438
12473
12477
12486
12494
12499
12507
12580
12717
12738
12776
12792
12866
12892
12924
12963
12968
12969
12987
13004
13010
13019
13063
13100
13114
13147
13165
13199
13205
13220
13267
13274
13345
13346
13384
13385
13444
13481
13487
13569
13644
13661
13698
13726
13736
13805
13867
14003
14047
14051
14092
14126
14235
14313
14327
14331
14394
14396
14423
14425
14501
14625
14674
14734
14844
14870
14910
14948
15008
15013
15022
15058
15090
15146
15249
15276
15280
15295
15331
15392
15430
15464
15477
15490
15518
15523
15563
15633
15819
15834
15836
15847
16055
16123
16132
16165
16228
16259
16336
16377
16397
16456
16529
16541
16546
16598
16602
16673
16735
16761
16786
16789
16802
16808
16847
16885
16919
17021
17101
17132
17158
17225
17294
17326
17345
17356
17486
17502
17507
17549
17552
17593
17658
17662
17698
17727
17758
17761
17788
17842
18090
18093
18140
18167
18289
18300
18349
18358
18366
18392
18468
18593
18596
18669
18685
18696
18716
18788
18793
18907
18935
19036
19042
19076
19114
19119
19145
19192
19223
19287
19289
19371
19394
19418
19433
19462
19473
19537
19568
19584
19707
19764
19765
19842
19989
20008
20048
20223
20280
20300
20302
20336
20382
20485
20503
20558
20569
20574
20605
20658
20669
20675
20735
20853
20859
20922
21025
21145
21168
21217
21232
21290
21321
21334
21342
21360
21464
21468
21477
21507
21521
21529
21566
21586
21594
21732
21777
21789
21816
21829
21933
21996
22094
22126
22214
22225
22265
22335
22425
22453
22483
22524
22563
22591
22607
22610
22722
22723
22782
22929
22998
23001
23013
23097
23131
23144
23145
23228
23258
23265
23274
23334
23380
23417
23507
23624
23631
23736
23744
23780
23827
23838
23847
23850
24196
24378
24429
24436
24566
24578
24605
24608
24681
24683
24700
24703
24737
24739
24779
24788
24856
24890
24897
25072
25157
25179
25205
25213
25256
25261
25339
25401
25464
25522
25562
25570
25596
25616
25625
25871
25872
25897
26018
26070
26209
26284
26286
26289
26403
26451
26459
26497
26499
26526
26543
26589
26601
26603
26688
26692
26813
26856
26951
26963
26990
27025
27181
27221
27226
27239
27299
27304
27521
27545
27561
27580
27616
27663
27710
27721
27736
27799
27808
27812
27822
27824
27892
27979
27997
28016
28027
28093
28109
28112
28119
28194
28215
28254
28266
28357
28361
28376
28540
28556
28559
28587
28597
28615
28686
28724
28735
28765
28785
28808
28817
28824
28857
28861
28883
28911
28943
28970
28997
29028
29115
29124
29130
29138
29171
29207
29213
29232
29335
29336
29343
29376
29379
29394
29409
29437
29477
29478
29520
29646
29682
29698
29723
29819
29854
29864
29957
29978
30007
30009
30040
30150
30168
30239
30321
30329
30467
30486
30522
30545
30552
30678
30739
30788
30797
30801
30817
30855
30864
30889
30919
30948
30992
31000
31006
31043
31191
31230
31238
31261
31343
31394
31420
31429
31436
31481
31512
31566
31578
31694
31709
31729
31789
31883
31910
31913
31966
32008
32065
32082
32095
32132
32134
32145
32335
32382
32429
32438
32553
32663
32707
32881
32901
32996
33011
33026
33030
33104
33118
33203
33232
33256
33337
33388
33418
33443
33455
33577
33589
33640
33643
33649
33673
33787
33799
33846
33945
33974
33993
33997
34001
34006
34009
34032
34125
34201
34215
34245
34259
34261
34291
34319
34345
34348
34349
34373
34380
34437
34513
34533
34556
34596
34627
34666
34702
34710
34799
34840
34893
34965
34977
34978
34981
35008
35054
35068
35158
35318
35357
35379
35410
35548
35557
35567
35613
35664
35708
35906
35941
35955
35967
35972
36029
36080
36166
36175
36187
36232
36239
36268
36272
36321
36394
36560
36611
36701
36813
36854
36874
36941
36982
37012
37045
37091
37128
37199
37303
37312
37340
37360
37366
37382
37386
37425
37471
37482
37769
37773
37781
37856
37867
37871
37927
37931
37939
37956
37983
38078
38091
38125
38144
38146
38194
38198
38203
38214
38227
38503
38598
38647
38700
38749
38753
38787
38837
38978
38984
39020
39033
39053
39067
39079
39131
39215
39225
39231
39247
39265
39269
39283
39298
39320
39418
39431
39444
39469
39752
39853
39885
39994
-1
