19
51
57
65
74
90
140
153
161
211
222
256
290
301
328
398
403
425
509
723
792
862
863
900
916
918
920
924
958
1019
1021
1022
1031
1047
1074
1155
1164
1276
1367
1377
1462
1466
1472
1483
1525
1550
1568
1589
1614
1638
1677
1818
1819
1855
1888
1893
1902
1911
1915
1932
1934
2037
2038
2054
2080
2083
2097
2145
2164
2189
2225
2270
2330
2365
2421
2478
2495
2650
2762
2778
2916
2928
3098
3123
3185
3196
3239
3274
3321
3431
3444
3481
3501
3532
3679
3692
3713
3715
3755
3769
3772
3835
3838
3851
3855
3883
3910
3993
3998
4040
4042
4066
4121
4141
4143
4154
4170
4239
4274
4333
4343
4382
4390
4394
4399
4405
4478
4488
4490
4495
4567
4760
4791
4834
4863
4870
4887
4915
4969
5037
5047
5048
5094
5204
5225
5283
5294
5368
5447
5490
5511
5643
5686
5728
5829
5902
5910
6000
6060
6062
6079
6090
6102
6138
6178
6191
6267
6311
6342
6361
6372
6377
6469
6481
6510
6589
6592
6597
6681
6714
6716
6726
6757
6898
6899
6926
6971
7200
7207
7220
7226
7313
7349
7356
7478
7529
7534
7545
7550
7590
7643
7645
7688
7706
7744
7798
7820
7967
7968
7989
8029
8031
8108
8119
8124
8180
8186
8272
8282
8347
8356
8409
8433
8460
8487
8497
8509
8517
8567
8597
8637
8650
8660
8758
8771
8779
8828
8931
8955
8986
9072
9104
9124
9126
9192
9202
9246
9267
9287
9333
9398
9469
9470
9510
9594
9641
9692
9768
9777
9788
9801
9832
9876
9908
9915
9999
10014
10078
10149
10174
10248
10255
10260
10263
10275
10323
10390
10500
10511
10520
10548
10620
10643
10658
10686
10692
10758
10764
10798
10805
10840
10861
10895
10977
10987
11021
11058
11067
11103
11137
11171
11235
11264
11333
11343
11375
11456
11460
11470
11479
11510
11528
11623
11709
11795
11803
11883
11893
11897
11924
12007
12030
12050
12064
12074
12108
12124
12139
12146
12218
12331
12360
12427
12473
12550
12551
12607
12611
12616
12722
12749
12841
12870
12980
13089
13174
13185
13216
13296
13303
13398
13447
13453
13533
13551
13573
13575
13616
13627
13630
13659
13675
13714
13723
13765
13955
13957
14006
14130
14162
14197
14216
14235
14291
14331
14344
14383
14458
14520
14555
14614
14697
14721
14727
14829
14881
14957
14970
14998
15058
15089
15090
15115
15151
15215
15216
15222
15242
15258
15263
15296
15483
15512
15518
15548
15569
15629
15631
15738
15757
15763
15767
15799
15802
15804
15808
15822
15823
15844
15847
15849
15951
16090
16164
16178
16184
16245
16367
16381
16387
16444
16487
16524
16586
16711
16779
16806
16814
16832
16846
16849
16922
16978
17110
17136
17187
17217
17363
17376
17405
17545
17617
17642
17654
17660
17733
17745
17748
17772
17778
17785
17790
17803
17815
17936
17964
18095
18174
18380
18404
18441
18524
18544
18568
18598
18604
18686
18724
18743
18861
18907
18934
18945
18948
18989
18997
19018
19059
19121
19163
19165
19177
19210
19218
19239
19257
19270
19281
19309
19314
19375
19379
19383
19405
19449
19463
19468
19513
19543
19607
19612
19664
19668
19689
19732
19786
19830
19884
19885
19907
19920
19934
19995
20033
20057
20059
20071
20096
20174
20237
20239
20246
20408
20412
20426
20453
20564
20572
20580
20614
20621
20724
20772
20850
20889
20976
20993
21008
21045
21059
21119
21161
21178
21187
21192
21199
21208
21302
21322
21355
21361
21475
21542
21583
21690
21721
21758
21782
21800
21870
21909
21921
21935
21972
22021
22035
22042
22107
22113
22124
22149
22230
22352
22372
22374
22433
22483
22532
22547
22669
22685
22730
22780
22868
22907
22967
22992
23026
23027
23088
23097
23123
23159
23190
23191
23271
23327
23452
23476
23485
23490
23547
23553
23661
23681
23726
23754
23780
23873
23896
23923
23925
23927
24046
24122
24136
24161
24231
24444
24579
24589
24638
24692
24715
24859
24864
24877
24885
24888
24914
24931
24936
24939
25003
25049
25092
25143
25198
25257
25358
25362
25399
25400
25416
25417
25479
25482
25487
25553
25599
25603
25625
25686
25693
25730
25751
25766
25863
25949
26017
26025
26029
26044
26055
26077
26137
26179
26223
26243
26367
26370
26374
26415
26421
26441
26443
26446
26501
26538
26559
26594
26604
26608
26731
26775
26804
26870
26956
27095
27138
27166
27182
27195
27408
27443
27450
27464
27523
27558
27591
27635
27654
27662
27687
27721
27729
27744
27769
27868
27906
28068
28073
28147
28156
28198
28236
28245
28271
28299
28359
28489
28507
28567
28630
28649
28689
28701
28729
28768
28770
28778
28857
28875
28961
29008
29090
29097
29113
29119
29159
29200
29284
29291
29310
29329
29334
29363
29379
29438
29481
29528
29543
29558
29647
29728
29772
29818
29829
29859
29886
29888
29906
29981
30051
30134
30153
30278
30299
30485
30491
30588
30601
30630
30713
30844
30910
30952
30966
30985
31005
31057
31060
31113
31129
31133
31159
31213
31219
31265
31301
31357
31366
31382
31411
31499
31719
31740
31827
31836
31842
31885
31903
31922
32015
32079
32094
32244
32265
32270
32376
32383
32421
32514
32551
32593
32662
32768
32860
32874
32917
32932
32937
32999
33004
33031
33081
33096
33107
33114
33155
33174
33224
33298
33317
33390
33424
33507
33517
33522
33528
33603
33687
33769
33780
33786
33838
33887
33953
33959
33974
34011
34107
34137
34174
34200
34292
34293
34361
34370
34391
34419
34430
34443
34450
34505
34521
34580
34586
34638
34670
34679
34694
34704
34868
35080
35161
35170
35184
35211
35245
35272
35274
35316
35439
35461
35524
35535
35597
35617
35630
35643
35676
35684
35837
35838
35923
35983
36003
36050
36109
36178
36277
36290
36292
36366
36414
36495
36513
36531
36583
36617
36674
36746
36759
36782
36857
36891
36980
37046
37065
37119
37121
37136
37149
37175
37193
37408
37429
37519
37539
37636
37639
37674
37740
37765
37802
37807
37822
37840
37898
37905
37912
37950
38063
38228
38262
38275
38280
38293
38301
38338
38360
38379
38475
38478
38580
38616
38692
38748
38750
38799
38899
38945
38962
39021
39085
39089
39093
39157
39194
39214
39221
39267
39279
39288
39391
39466
39502
39525
39532
39595
39637
39663
39720
39729
39740
39843
39911
39928
39954
-1
