0
40
61
88
107
126
153
231
306
327
365
386
439
443
477
700
710
744
762
792
948
1029
1038
1070
1079
1083
1137
1226
1282
1389
1434
1439
1462
1490
1537
1568
1689
1695
1696
1729
1779
1838
1899
1933
1965
1981
2085
2089
2133
2205
2218
2245
2256
2372
2436
2443
2446
2485
2541
2558
2632
2725
2813
2928
2930
2935
2959
2982
3073
3086
3163
3176
3180
3195
3209
3244
3255
3331
3386
3388
3478
3492
3517
3545
3590
3629
3683
3758
3821
3881
3888
3905
3961
3987
4036
4062
4125
4137
4194
4199
4231
4251
4263
4306
4307
4398
4432
4468
4469
4471
4652
4704
4738
4777
4803
4836
4841
4886
4935
4944
4999
5007
5074
5085
5093
5094
5100
5149
5179
5240
5301
5384
5386
5418
5511
5598
5613
5656
5661
5672
5697
5709
5739
5797
5809
5828
6052
6066
6087
6099
6143
6164
6184
6212
6261
6310
6311
6363
6387
6471
6488
6494
6508
6541
6571
6572
6589
6596
6719
6740
6741
6743
6809
6818
6841
6866
6935
6967
7117
7230
7232
7243
7246
7257
7308
7402
7468
7475
7525
7569
7627
7643
7679
7778
7793
7814
7849
7886
7889
7905
7984
8067
8120
8161
8169
8193
8197
8265
8275
8341
8344
8349
8419
8503
8513
8556
8604
8626
8646
8648
8689
8716
8758
8793
8811
8815
8846
8862
8962
8990
9017
9019
9029
9099
9192
9303
9354
9439
9452
9484
9494
9556
9559
9590
9614
9692
9712
9910
9957
9971
9977
10017
10044
10049
10105
10143
10165
10298
10363
10398
10517
10744
10793
10805
10847
10848
10887
10898
10912
10975
11030
11052
11130
11170
11307
11315
11316
11326
11365
11442
11478
11690
11727
11788
11809
11824
11837
11868
11911
11958
12013
12044
12050
12100
12103
12105
12129
12145
12229
12261
12382
12430
12440
12447
12519
12521
12614
12626
12673
12703
13034
13063
13065
13121
13140
13158
13169
13184
13220
13236
13248
13256
13360
13444
13450
13457
13492
13523
13563
13634
13640
13652
13737
13750
13839
13917
13919
13947
13948
13954
13995
14025
14096
14163
14204
14330
14473
14490
14523
14559
14584
14597
14610
14612
14624
14783
14793
14797
14872
14880
14926
14943
15066
15194
15251
15323
15388
15436
15441
15475
15480
15515
15561
15586
15655
15691
15695
15710
15772
15803
15818
15862
15867
15920
15929
15957
15988
16128
16131
16188
16266
16282
16297
16379
16480
16484
16579
16622
16656
16660
16669
16762
16777
16793
16924
16961
16974
16979
17061
17114
17131
17159
17187
17242
17267
17288
17316
17366
17428
17475
17518
17522
17581
17667
17699
17714
17752
17759
17840
17904
17935
18010
18084
18096
18125
18297
18304
18353
18355
18357
18405
18463
18507
18525
18526
18555
18613
18621
18736
18738
18785
18797
18874
18938
18954
18971
18989
18992
19015
19098
19135
19144
19150
19152
19157
19198
19214
19245
19259
19261
19285
19337
19385
19394
19405
19426
19486
19493
19590
19620
19661
19678
19739
19778
19829
19942
19949
20075
20120
20129
20168
20248
20262
20277
20291
20315
20440
20443
20451
20483
20526
20574
20620
20653
20695
20719
20721
20739
20741
20762
20770
20783
20791
20796
20819
20854
20933
20939
20945
20961
20985
20989
21009
21072
21076
21109
21134
21166
21185
21224
21248
21250
21413
21471
21474
21486
21508
21641
21655
21787
21850
21981
22104
22158
22231
22237
22320
22353
22459
22468
22498
22561
22615
22666
22668
22682
22687
22692
22718
22861
22896
22912
23032
23066
23072
23106
23140
23172
23256
23312
23342
23356
23405
23406
23460
23479
23496
23516
23743
23779
23784
23840
23847
23860
23861
23873
23914
23938
24069
24129
24143
24158
24181
24196
24213
24250
24303
24332
24370
24411
24486
24597
24599
24613
24653
24688
24859
24971
25093
25145
25185
25319
25323
25346
25378
25380
25502
25555
25604
25651
25674
25723
25739
25806
25816
25891
25924
26007
26069
26071
26134
26173
26186
26191
26222
26229
26330
26354
26362
26438
26504
26581
26592
26648
26662
26688
26711
26739
26773
26836
26855
26865
26871
26878
26880
26900
26903
26943
26965
26993
26999
27008
27040
27067
27086
27103
27104
27116
27133
27138
27223
27238
27257
27270
27299
27374
27388
27404
27586
27591
27660
27731
27759
27811
27819
27835
27866
27921
28011
28075
28126
28164
28220
28225
28261
28277
28304
28350
28461
28492
28552
28629
28632
28689
28702
28751
28814
28868
28875
28907
29026
29041
29044
29045
29073
29079
29137
29180
29235
29236
29237
29240
29258
29259
29365
29423
29458
29527
29532
29536
29540
29559
29613
29637
29745
29748
29898
29910
29930
29952
29971
29974
29996
30014
30122
30160
30194
30207
30338
30344
30469
30491
30513
30543
30658
30689
30750
30786
30813
30820
30871
30901
30914
30960
31003
31064
31123
31127
31165
31220
31237
31252
31257
31302
31342
31382
31460
31479
31527
31556
31583
31745
31785
31793
31794
31806
31874
31886
31900
31920
31938
31969
31986
32028
32054
32105
32114
32150
32220
32339
32346
32392
32490
32495
32537
32552
32598
32659
32666
32690
32761
32763
32768
32897
32923
32939
32976
33014
33106
33166
33207
33251
33283
33301
33314
33319
33343
33347
33361
33389
33406
33454
33498
33506
33526
33537
33652
33701
33709
33712
33739
33759
33823
33851
33895
33920
33938
33969
33985
33994
34085
34113
34184
34188
34193
34237
34293
34368
34392
34519
34530
34568
34623
34672
34719
34789
34863
34884
34899
34905
34937
35025
35035
35094
35096
35155
35198
35351
35421
35432
35612
35651
35677
35682
35720
35728
35849
35868
35892
35929
35951
35954
35957
35975
35985
35998
36004
36014
36027
36089
36118
36193
36295
36298
36319
36368
36403
36471
36549
36557
36575
36677
36743
36839
36840
36854
36865
36871
37040
37041
37058
37062
37077
37148
37164
37223
37243
37252
37282
37327
37374
37403
37496
37533
37566
37607
37655
37668
37682
37729
37830
37845
37852
37881
37917
38026
38068
38116
38182
38199
38244
38282
38340
38400
38433
38450
38527
38535
38546
38592
38674
38680
38757
38809
38835
38840
38903
38909
38934
39011
39052
39154
39191
39197
39205
39238
39267
39325
39372
39437
39453
39483
39507
39544
39591
39592
39608
39692
39717
39729
39732
39794
39848
39858
39882
39907
39945
39958
39963
39984
-1
