103
115
118
148
154
170
210
249
257
263
306
362
423
425
430
444
479
511
523
533
540
585
639
721
740
748
760
857
894
989
1037
1046
1171
1237
1261
1327
1460
1478
1554
1606
1664
1688
1696
1948
2018
2042
2049
2063
2085
2131
2240
2315
2339
2340
2358
2427
2491
2512
2642
2649
2709
2712
2728
2771
2777
2814
2825
2846
2869
2874
2992
3078
3108
3118
3202
3213
3217
3223
3281
3354
3400
3406
3423
3428
3432
3474
3506
3534
3613
3642
3670
3681
3776
3845
3945
4025
4028
4031
4032
4052
4093
4172
4195
4325
4406
4415
4423
4443
4449
4474
4490
4542
4610
4626
4632
4643
4686
4728
4729
4755
4795
4801
4830
4836
4845
4889
4897
5061
5098
5114
5179
5283
5291
5319
5325
5351
5370
5379
5395
5425
5430
5505
5509
5511
5555
5617
5634
5731
5733
5847
5882
5940
5955
5961
5982
5991
6005
6042
6094
6140
6185
6201
6230
6250
6272
6281
6284
6312
6313
6379
6405
6481
6495
6523
6605
6626
6656
6887
6891
6895
6916
7077
7128
7152
7282
7338
7424
7511
7519
7523
7536
7545
7663
7744
7788
7796
7817
7934
7949
8067
8073
8101
8113
8132
8159
8178
8180
8259
8285
8333
8482
8539
8543
8544
8577
8591
8615
8634
8645
8648
8665
8667
8694
8752
8795
8797
8904
8912
8928
9049
9051
9171
9256
9351
9458
9463
9467
9510
9533
9575
9691
9759
9831
9894
9902
9908
9923
9978
10002
10063
10083
10128
10179
10193
10259
10286
10314
10350
10391
10486
10488
10558
10564
10614
10700
10704
10830
10836
10841
10869
10882
10937
11022
11093
11094
11154
11211
11237
11248
11433
11450
11457
11478
11631
11694
11695
11867
11869
11976
11977
12044
12052
12106
12161
12230
12282
12301
12343
12358
12391
12481
12693
12699
12744
12787
12949
12973
13077
13235
13260
13269
13293
13322
13337
13367
13371
13404
13417
13463
13543
13629
13635
13667
13668
13674
13677
13724
13809
13988
14000
14035
14036
14043
14050
14092
14114
14219
14229
14230
14248
14263
14278
14305
14361
14387
14407
14411
14436
14440
14457
14520
14525
14559
14603
14614
14621
14632
14638
14671
14737
14758
14771
14807
14840
14842
14859
14910
15001
15014
15035
15100
15177
15198
15270
15284
15399
15514
15522
15532
15549
15575
15593
15625
15641
15680
15791
15805
15843
15870
15956
16008
16081
16088
16143
16174
16222
16227
16297
16317
16334
16357
16368
16370
16476
16477
16574
16584
16627
16728
16825
16910
16911
16940
17071
17211
17253
17261
17268
17271
17288
17365
17379
17393
17541
17551
17695
17713
17717
17768
17803
17891
17928
17947
17962
17997
18080
18335
18390
18401
18418
18433
18456
18509
18517
18591
18638
18662
18773
18784
18787
18793
18848
18854
18886
18929
18973
18979
18990
19045
19057
19188
19198
19227
19238
19257
19264
19280
19326
19330
19335
19347
19390
19405
19467
19521
19522
19605
19612
19720
19750
19768
19854
19864
19912
19917
19952
19980
20089
20150
20177
20178
20209
20345
20370
20371
20381
20394
20403
20415
20422
20438
20532
20556
20595
20597
20611
20643
20695
20797
20832
20927
20955
20987
21010
21021
21032
21088
21090
21104
21108
21180
21282
21288
21303
21421
21444
21496
21497
21507
21680
21689
21705
21730
21768
21771
21813
21881
21893
21896
21983
22011
22027
22033
22109
22111
22145
22158
22161
22183
22262
22364
22391
22465
22479
22536
22561
22564
22622
22691
22767
22774
22806
22826
22831
22910
22939
22959
23121
23128
23176
23184
23381
23382
23395
23397
23422
23462
23538
23573
23697
23780
23804
23846
23930
23954
23981
24107
24110
24129
24198
24244
24253
24256
24286
24335
24350
24386
24431
24455
24499
24533
24579
24709
24713
24767
24819
24823
24828
24829
24835
24837
24840
24891
24946
24977
25018
25036
25050
25075
25090
25099
25156
25187
25227
25252
25282
25355
25364
25385
25393
25518
25558
25630
25642
25649
25669
25887
25905
25930
26006
26008
26120
26151
26156
26174
26245
26251
26341
26394
26400
26404
26437
26457
26511
26527
26584
26605
26698
26706
26717
26738
26790
26808
26857
26889
26926
27196
27221
27222
27229
27249
27253
27263
27282
27317
27366
27482
27505
27519
27562
27652
27685
27718
27768
27922
27970
28037
28064
28148
28167
28193
28216
28235
28256
28287
28301
28561
28640
28719
28748
28765
28809
28907
28923
28988
28998
29000
29118
29157
29208
29216
29220
29230
29278
29316
29367
29381
29464
29508
29562
29579
29587
29596
29607
29700
29717
29735
29812
29822
29862
29907
29952
29962
29995
29997
30006
30156
30356
30366
30440
30465
30555
30589
30639
30774
30791
30793
30813
30834
30887
30894
30981
31025
31117
31175
31196
31223
31265
31269
31416
31458
31467
31574
31580
31609
31625
31638
31689
31735
31751
31791
31794
31795
31844
31865
31874
31895
31918
31956
32050
32124
32159
32166
32261
32311
32374
32435
32494
32548
32680
32698
32724
32846
32853
32881
32909
32980
33009
33030
33050
33070
33072
33092
33116
33134
33137
33139
33154
33157
33324
33387
33408
33427
33461
33466
33547
33568
33608
33613
33620
33622
33683
33692
33802
33818
33839
33896
33930
33968
33981
33987
33991
34044
34060
34070
34114
34129
34150
34237
34274
34384
34390
34503
34506
34533
34574
34579
34614
34616
34643
34670
34678
34683
34693
34720
34818
34852
34929
34941
34982
34983
34994
35097
35163
35187
35330
35341
35354
35364
35387
35409
35427
35443
35462
35493
35553
35566
35590
35609
35834
35845
35862
35867
35875
35939
36018
36075
36112
36132
36133
36202
36215
36282
36336
36352
36411
36449
36531
36534
36576
36614
36625
36631
36714
36718
36724
36823
36833
36835
36865
36866
36919
36933
36943
36955
36960
37004
37005
37026
37088
37089
37133
37206
37374
37375
37441
37448
37471
37503
37524
37526
37563
37576
37674
37913
37924
37977
37986
37996
38009
38036
38052
38059
38218
38223
38236
38246
38252
38263
38286
38289
38322
38336
38339
38343
38351
38364
38399
38419
38487
38557
38607
38638
38645
38812
38876
38887
38894
38997
39002
39055
39161
39190
39227
39280
39281
39285
39307
39332
39347
39366
39367
39403
39458
39469
39526
39535
39562
39575
39585
39608
39674
39690
39780
39786
39839
39950
39952
39968
39984
-1
