1
95
134
153
219
222
266
278
307
321
336
421
436
452
462
484
550
561
567
626
654
696
742
750
761
847
930
950
989
1040
1156
1292
1295
1337
1339
1345
1379
1453
1514
1570
1619
1622
1625
1655
1657
1661
1734
1752
1787
1841
1906
1920
1942
1947
1954
1964
2033
2069
2236
2264
2275
2312
2330
2341
2361
2410
2413
2443
2456
2488
2597
2617
2636
2647
2701
2719
2745
2759
2781
2897
2928
2945
3071
3128
3136
3148
3187
3206
3247
3284
3320
3429
3575
3622
3711
3717
3797
3854
3876
3983
4111
4177
4251
4336
4343
4373
4383
4385
4447
4507
4527
4535
4558
4601
4688
4754
4756
4839
4892
4896
4897
4946
4968
4986
5040
5052
5057
5066
5077
5224
5256
5355
5379
5536
5686
5692
5728
5741
5754
5792
5869
5913
5914
5921
5979
6001
6055
6091
6130
6223
6260
6264
6302
6358
6363
6370
6412
6455
6532
6537
6609
6662
6899
6951
6959
6970
7072
7115
7135
7142
7218
7219
7334
7357
7363
7456
7466
7502
7505
7507
7519
7552
7692
7746
7851
7866
7971
7988
7991
8006
8020
8024
8059
8169
8186
8230
8241
8260
8333
8465
8474
8619
8656
8659
8692
8716
8727
8794
8817
8825
8857
8865
8876
8964
8967
8994
9133
9214
9229
9260
9359
9363
9398
9411
9501
9503
9515
9536
9570
9571
9594
9693
9715
9724
9803
9805
9812
9849
9851
9880
9885
9895
9934
9977
9988
10003
10067
10101
10103
10153
10193
10208
10218
10235
10238
10246
10260
10290
10307
10352
10387
10402
10470
10493
10546
10560
10761
10877
10882
10886
10927
10962
10973
11014
11059
11131
11186
11206
11349
11368
11414
11457
11478
11533
11564
11603
11661
11691
11701
11717
11765
11865
11917
11998
11999
12009
12033
12039
12185
12192
12220
12228
12252
12331
12437
12440
12462
12472
12510
12542
12679
12701
12716
12717
12799
12857
13002
13085
13275
13304
13323
13362
13414
13485
13490
13637
13642
13671
13696
13697
13821
13822
13826
13865
13901
13909
13941
13952
13964
13999
14007
14034
14046
14119
14188
14199
14264
14275
14314
14365
14429
14452
14461
14462
14477
14493
14501
14531
14644
14675
14716
14761
14777
14819
15016
15020
15084
15095
15157
15218
15234
15247
15313
15335
15360
15445
15477
15506
15527
15538
15551
15568
15649
15698
15749
15814
15860
15864
16017
16060
16128
16153
16192
16201
16203
16214
16263
16274
16283
16304
16329
16335
16371
16386
16393
16451
16480
16485
16637
16714
16724
16755
16777
16783
16802
16809
16810
16834
16945
16966
16989
17029
17053
17090
17102
17117
17130
17131
17321
17363
17395
17402
17553
17752
17754
17756
17795
17829
17887
17934
18059
18089
18121
18143
18183
18223
18291
18312
18354
18470
18481
18484
18498
18538
18541
18544
18546
18596
18657
18692
18698
18708
18712
18723
18744
18747
18748
18752
18763
18769
18825
18853
18875
18950
18952
18968
18973
19040
19116
19150
19184
19237
19241
19266
19276
19283
19318
19323
19369
19447
19538
19571
19646
19666
19758
19804
19849
19888
19905
19970
19997
20018
20043
20047
20051
20061
20090
20153
20202
20242
20273
20290
20307
20365
20403
20410
20445
20477
20507
20523
20529
20549
20593
20661
20707
20726
20731
20802
20877
20884
20905
20971
20973
21002
21012
21064
21093
21099
21112
21142
21157
21246
21247
21321
21369
21375
21492
21509
21546
21562
21672
21694
21791
21818
21829
21834
21870
21885
21890
21960
22042
22094
22190
22194
22217
22276
22285
22293
22299
22335
22363
22444
22455
22491
22503
22513
22524
22588
22709
22760
22964
22983
22988
23071
23115
23125
23149
23163
23218
23305
23442
23457
23502
23658
23743
23828
23851
23871
23877
23886
23888
23899
23927
23941
23970
24024
24075
24108
24222
24234
24252
24301
24303
24383
24422
24481
24543
24602
24629
24642
24706
24820
24855
24871
24914
24935
24989
24997
25008
25019
25056
25089
25095
25165
25184
25218
25302
25321
25325
25341
25403
25417
25435
25449
25476
25549
25553
25592
25699
25711
25723
25724
25730
25786
25822
25862
25917
25932
25973
26019
26027
26078
26096
26133
26224
26261
26265
26275
26300
26301
26311
26346
26372
26408
26423
26432
26433
26446
26474
26475
26535
26559
26615
26658
26813
26816
26830
26885
26963
27012
27114
27209
27244
27347
27360
27422
27442
27465
27472
27486
27505
27514
27573
27593
27596
27674
27677
27688
27761
27806
27862
27881
27882
27956
28115
28131
28157
28331
28371
28440
28447
28451
28468
28486
28507
28521
28544
28545
28604
28624
28640
28645
28682
28691
28752
28771
28890
28962
28971
28980
29009
29013
29058
29109
29174
29196
29334
29363
29374
29508
29608
29688
29791
29795
29832
29870
29929
29940
29983
29993
30061
30126
30128
30177
30212
30415
30416
30499
30500
30501
30555
30577
30645
30668
30685
30867
30927
30955
31024
31164
31232
31260
31266
31283
31287
31298
31315
31361
31383
31494
31698
31717
31787
31788
31875
31971
31973
31991
32076
32082
32083
32096
32160
32166
32311
32490
32534
32556
32589
32655
32685
32808
32855
32859
32924
32954
32968
32972
33000
33023
33053
33095
33113
33119
33182
33185
33228
33230
33420
33538
33550
33554
33596
33619
33696
33731
33740
33743
33758
33784
33787
33843
34005
34026
34109
34114
34152
34181
34262
34271
34281
34314
34371
34406
34589
34594
34630
34638
34662
34666
34759
34778
34814
34823
34885
34916
35000
35039
35061
35079
35112
35117
35122
35137
35187
35284
35299
35328
35329
35333
35434
35471
35496
35499
35521
35556
35568
35598
35603
35644
35649
35731
35734
35803
35961
35966
36014
36058
36213
36294
36335
36354
36379
36423
36462
36497
36501
36519
36540
36585
36593
36671
36677
36680
36690
36704
36791
36871
36882
36959
36978
36982
37002
37069
37074
37088
37097
37109
37115
37159
37190
37193
37228
37266
37313
37330
37375
37488
37497
37524
37603
37612
37669
37722
37855
37858
37863
37873
37936
37952
37975
37986
37991
38018
38019
38071
38133
38163
38173
38233
38250
38278
38357
38419
38456
38459
38530
38551
38562
38567
38592
38656
38687
38696
38753
38760
38802
38826
38843
39084
39100
39104
39166
39210
39230
39267
39361
39363
39369
39402
39438
39463
39606
39610
39662
39693
39740
39759
39861
39904
-1
