13
55
92
101
160
178
205
238
299
324
350
355
374
526
549
600
604
616
650
666
703
740
777
821
885
944
964
987
1093
1171
1265
1267
1309
1440
1486
1587
1642
1652
1684
1689
1734
1770
1777
1797
1891
1962
1988
2002
2010
2024
2065
2212
2236
2244
2260
2317
2326
2367
2412
2502
2527
2589
2638
2651
2667
2691
2713
2716
2806
2826
2844
2857
2885
2899
3066
3135
3137
3225
3239
3266
3309
3314
3342
3374
3384
3399
3416
3420
3429
3440
3501
3519
3521
3532
3546
3608
3627
3678
3708
3727
3752
3760
3783
3791
3827
3829
4033
4035
4064
4088
4108
4139
4161
4184
4195
4207
4227
4228
4394
4471
4496
4515
4579
4653
4655
4660
4721
4923
4927
4999
5045
5073
5081
5091
5153
5155
5167
5211
5237
5245
5299
5338
5344
5368
5377
5390
5465
5554
5591
5625
5839
5862
5993
6053
6081
6124
6125
6153
6208
6210
6343
6352
6414
6418
6433
6438
6448
6477
6567
6589
6660
6661
6717
6863
6877
6881
6987
7110
7119
7129
7144
7158
7165
7170
7233
7237
7302
7307
7351
7369
7432
7454
7465
7489
7515
7526
7746
7803
7808
7854
7903
8074
8080
8135
8170
8195
8292
8329
8394
8398
8430
8469
8682
8707
8710
8784
8854
8885
8896
8953
8974
8990
9021
9117
9118
9130
9152
9180
9219
9232
9247
9261
9338
9346
9430
9459
9469
9494
9526
9532
9565
9608
9622
9749
9842
9852
9977
10004
10067
10095
10277
10298
10328
10357
10445
10503
10721
10817
10885
10924
10969
11030
11098
11129
11206
11360
11385
11447
11497
11507
11534
11575
11576
11595
11619
11715
11727
11731
11737
11748
11842
11889
11934
11947
12036
12059
12082
12095
12148
12197
12199
12228
12237
12265
12281
12345
12363
12388
12405
12412
12435
12453
12462
12469
12476
12498
12591
12611
12621
12645
12653
12692
12803
12818
12828
12837
12872
12919
12931
12966
13002
13138
13150
13210
13298
13350
13424
13451
13471
13476
13493
13532
13553
13570
13619
13684
13691
13709
13727
13742
13749
13753
13755
13772
13773
13781
13852
13874
13877
13908
13993
14023
14034
14038
14041
14121
14153
14197
14285
14502
14505
14552
14614
14834
14852
14880
14919
15079
15133
15151
15195
15215
15297
15313
15338
15339
15342
15362
15390
15391
15427
15441
15443
15468
15488
15495
15498
15604
15612
15626
15647
15650
15655
15661
15678
15684
15719
15722
15745
15860
15861
15878
15923
15975
16036
16098
16183
16223
16293
16318
16341
16425
16458
16459
16460
16481
16513
16574
16599
16617
16618
16634
16646
16654
16698
16761
16917
17032
17048
17049
17065
17069
17107
17121
17146
17152
17257
17307
17338
17361
17368
17479
17499
17658
17670
17757
17811
17936
17940
17976
18026
18080
18212
18221
18245
18285
18309
18325
18377
18423
18427
18428
18450
18459
18460
18479
18575
18738
18848
18952
19036
19103
19107
19119
19123
19124
19179
19235
19258
19279
19346
19410
19417
19456
19594
19698
19711
19724
19751
19818
19940
19983
20047
20054
20065
20067
20127
20128
20132
20188
20198
20207
20210
20212
20228
20256
20291
20325
20346
20433
20482
20508
20518
20531
20532
20579
20604
20659
20670
20721
20783
20907
20936
21019
21035
21075
21171
21174
21181
21192
21277
21278
21279
21301
21304
21392
21467
21563
21651
21692
21926
22072
22199
22209
22222
22244
22266
22312
22370
22380
22429
22475
22478
22527
22531
22548
22771
22803
22816
22889
22931
22994
23006
23013
23069
23085
23102
23195
23326
23327
23400
23414
23415
23418
23432
23469
23478
23512
23534
23556
23557
23641
23781
23792
23841
23853
23910
23914
23924
23935
24021
24070
24119
24128
24173
24193
24200
24270
24285
24335
24338
24392
24415
24425
24463
24470
24488
24490
24491
24561
24582
24595
24651
24693
24721
24735
24763
24773
24794
24820
25004
25045
25165
25199
25220
25221
25232
25244
25295
25296
25324
25347
25352
25398
25426
25450
25474
25475
25538
25545
25593
25600
25632
25635
25639
25672
25693
25711
25722
25723
25765
25800
25816
25832
25842
25881
25958
25986
26040
26052
26059
26071
26074
26076
26137
26162
26271
26326
26344
26385
26391
26420
26435
26436
26476
26552
26556
26609
26644
26666
26668
26745
26751
26762
26823
26838
26842
26957
27018
27036
27064
27071
27145
27198
27209
27292
27322
27325
27377
27449
27475
27521
27525
27529
27539
27549
27639
27710
27717
27723
27803
27838
27905
27947
28009
28019
28030
28041
28120
28174
28220
28344
28394
28428
28443
28467
28521
28546
28551
28606
28706
28712
28749
28822
28830
28848
28901
28944
29003
29010
29039
29062
29075
29181
29185
29294
29310
29311
29467
29518
29551
29575
29610
29618
29657
29717
29748
29792
29810
29896
30017
30073
30501
30552
30614
30643
30646
30655
30729
30852
30866
30924
30965
30977
30994
31011
31031
31041
31098
31099
31108
31195
31235
31275
31331
31357
31360
31374
31405
31485
31511
31586
31698
31705
31738
31840
32050
32069
32082
32162
32184
32186
32297
32313
32347
32366
32402
32405
32420
32461
32481
32519
32575
32608
32619
32639
32640
32694
32717
32777
32819
32892
32969
33022
33026
33047
33055
33077
33080
33117
33229
33319
33433
33492
33568
33593
33603
33632
33655
33788
33790
33799
33893
34019
34125
34177
34202
34207
34336
34338
34355
34364
34392
34414
34422
34433
34587
34625
34634
34652
34693
34768
34771
34812
34827
34828
34916
34959
35004
35132
35136
35141
35224
35361
35381
35405
35456
35525
35539
35595
35645
35688
35719
35734
35769
35770
35784
35864
35955
35971
36061
36109
36165
36169
36186
36200
36204
36257
36314
36339
36362
36428
36436
36447
36459
36472
36538
36564
36580
36607
36609
36663
36674
36733
36751
36754
36755
36757
36828
36872
36894
36905
36946
36967
37112
37161
37166
37192
37241
37250
37298
37307
37338
37352
37368
37409
37423
37429
37459
37559
37628
37832
37851
37857
37888
37931
38023
38028
38144
38155
38196
38215
38226
38347
38370
38393
38525
38560
38650
38679
38702
38734
38753
38766
38788
38809
38835
38857
38862
38869
38904
38938
38941
38968
38971
39008
39143
39184
39306
39367
39390
39414
39424
39434
39528
39553
39563
39568
39621
39622
39644
39673
39678
39739
39769
39777
39878
39888
39927
39969
-1
