68
83
275
342
360
422
440
444
498
499
504
520
523
580
590
657
678
711
712
842
870
904
994
1071
1078
1132
1172
1176
1236
1246
1279
1288
1300
1350
1396
1411
1414
1434
1492
1557
1611
1693
1725
1794
1843
1923
1934
2015
2072
2084
2225
2234
2280
2325
2360
2382
2397
2427
2451
2468
2510
2550
2561
2567
2691
2712
2765
2773
2828
2848
2863
3017
3117
3197
3222
3248
3291
3298
3303
3391
3430
3483
3517
3539
3565
3596
3645
3700
3712
3753
3773
3797
3812
3868
3883
4099
4127
4133
4234
4262
4301
4319
4329
4396
4421
4458
4542
4631
4645
4677
4708
4714
4810
4817
4938
4961
4980
4985
5028
5036
5103
5106
5216
5255
5260
5271
5319
5328
5346
5388
5399
5458
5533
5565
5751
5782
6077
6100
6203
6315
6380
6425
6507
6510
6548
6594
6699
6711
6764
6774
6791
6888
6929
6962
6971
6974
6998
7054
7071
7087
7156
7198
7276
7299
7325
7390
7409
7436
7443
7565
7619
7664
7700
7725
7824
7913
7922
8008
8053
8127
8137
8222
8226
8255
8287
8305
8308
8322
8373
8422
8438
8498
8510
8513
8586
8607
8618
8724
8776
8785
8790
8860
8870
8954
8956
8974
9097
9124
9136
9140
9245
9261
9324
9423
9465
9532
9551
9617
9644
9676
9708
9727
9806
9846
9979
9984
10023
10058
10067
10070
10084
10119
10136
10149
10176
10184
10217
10243
10247
10251
10313
10342
10370
10391
10419
10439
10457
10526
10532
10618
10632
10664
10670
10691
10704
10823
10844
10959
11003
11019
11080
11099
11133
11155
11229
11296
11435
11550
11562
11588
11597
11600
11613
11643
11743
11744
11905
11935
12004
12020
12059
12121
12159
12183
12186
12238
12242
12276
12347
12357
12358
12440
12447
12546
12571
12610
12753
12798
12848
12867
12901
12954
13153
13172
13191
13217
13284
13287
13333
13364
13373
13406
13412
13415
13439
13488
13493
13562
13579
13594
13596
13621
13656
13678
13727
13782
13783
13791
13793
13835
13847
13855
13944
13956
13979
13985
14104
14219
14283
14308
14336
14378
14418
14427
14465
14484
14512
14746
14765
14796
14803
14810
14899
14927
15003
15057
15061
15070
15078
15080
15206
15241
15259
15287
15290
15304
15436
15580
15633
15666
15732
15809
15873
15985
16174
16288
16353
16375
16409
16436
16450
16491
16545
16590
16603
16638
16689
16708
16711
16772
16811
16814
16864
16892
16897
16971
17092
17116
17136
17153
17154
17203
17204
17208
17221
17273
17286
17446
17455
17458
17486
17520
17552
17584
17592
17623
17646
17653
17663
17680
17731
17782
17797
17805
17825
17879
17882
17883
17887
17926
17936
17993
17998
18024
18025
18064
18067
18077
18193
18232
18250
18287
18455
18490
18526
18528
18542
18549
18554
18578
18624
18700
18705
18767
18796
18820
18866
18889
18994
19039
19052
19075
19076
19089
19113
19154
19208
19246
19343
19449
19491
19494
19512
19530
19563
19577
19578
19580
19583
19638
19686
19695
19742
19744
19784
19794
19802
20035
20050
20144
20150
20303
20326
20330
20332
20361
20393
20401
20419
20440
20534
20609
20712
20719
20763
20806
20857
20866
20927
20933
20994
21061
21064
21081
21131
21175
21233
21236
21277
21305
21331
21384
21448
21478
21558
21562
21584
21711
21722
21824
21825
21856
21911
21925
21934
21948
22040
22045
22048
22074
22177
22178
22200
22236
22274
22299
22368
22438
22594
22620
22630
22662
22674
22696
22703
22741
22767
22779
22829
22832
22845
22890
22960
23004
23038
23161
23171
23212
23271
23296
23345
23512
23536
23553
23590
23654
23658
23760
23839
23848
23920
23983
24073
24159
24194
24218
24227
24238
24251
24262
24373
24380
24383
24394
24423
24439
24441
24447
24452
24508
24545
24648
24660
24738
24849
24851
24857
24965
25001
25009
25043
25060
25070
25080
25082
25162
25342
25401
25430
25456
25493
25509
25597
25623
25636
25645
25690
25702
25736
25784
25827
25865
25995
25997
26000
26030
26066
26078
26085
26114
26122
26158
26161
26243
26260
26266
26268
26272
26312
26320
26354
26401
26490
26523
26579
26585
26625
26629
26711
26720
26752
26812
26822
26842
26973
26977
26984
26990
26995
26998
27021
27112
27117
27158
27161
27173
27184
27260
27312
27325
27326
27341
27347
27399
27404
27422
27482
27491
27521
27578
27593
27630
27657
27694
27734
27758
27797
27945
27949
27975
28079
28129
28143
28147
28193
28197
28222
28225
28243
28254
28322
28356
28375
28399
28457
28664
28883
28900
28976
29002
29035
29054
29083
29108
29146
29203
29237
29298
29401
29495
29537
29540
29633
29639
29693
29781
29882
29905
29972
30084
30233
30258
30273
30289
30316
30330
30406
30421
30445
30463
30478
30484
30493
30569
30601
30616
30710
30740
30801
30839
30877
30932
30972
31041
31057
31082
31091
31145
31156
31195
31224
31240
31352
31367
31419
31440
31444
31621
31628
31666
31712
31717
31730
31809
31851
31872
31895
31951
31963
32038
32068
32135
32192
32272
32307
32323
32454
32526
32599
32664
32705
32781
32789
32820
32922
32927
32932
32966
32980
32987
33019
33043
33071
33112
33114
33171
33182
33191
33249
33332
33351
33364
33470
33546
33577
33689
33696
33889
33931
34098
34113
34116
34295
34356
34385
34554
34563
34591
34594
34598
34702
34707
34714
34786
34812
34819
34862
34938
34942
34954
35002
35063
35068
35113
35114
35115
35149
35219
35220
35232
35281
35303
35313
35329
35335
35341
35364
35399
35409
35442
35464
35527
35560
35578
35627
35639
35702
35714
35863
35945
35971
35977
36027
36060
36120
36247
36250
36275
36321
36381
36431
36544
36557
36629
36674
36695
36754
36810
36881
36934
36962
36979
37041
37047
37055
37065
37128
37142
37177
37213
37239
37255
37271
37319
37414
37577
37599
37665
37674
37713
37732
37756
37766
37767
37792
37820
37827
37848
37868
37961
37963
38008
38014
38102
38106
38202
38218
38235
38312
38333
38343
38393
38404
38424
38474
38502
38514
38589
38655
38689
38718
38732
38778
38837
38870
38892
38895
38911
38923
38948
38965
39043
39100
39170
39188
39193
39250
39294
39326
39366
39387
39433
39435
39447
39466
39467
39513
39538
39554
39565
39582
39585
39642
39671
39676
39749
39771
39776
39778
39783
39795
39821
39858
39863
39869
39887
39911
39936
39972
39986
-1
