21
157
162
226
285
304
336
351
408
414
488
495
565
604
613
663
686
714
897
985
1049
1159
1221
1289
1320
1337
1356
1390
1443
1538
1542
1595
1638
1666
1686
1730
1742
1779
1789
1799
1805
1902
1906
1929
1971
1972
2019
2050
2104
2151
2200
2232
2287
2346
2349
2403
2404
2472
2502
2506
2566
2642
2697
2807
2811
2902
2975
2989
3002
3037
3038
3080
3099
3153
3249
3262
3285
3315
3350
3354
3415
3581
3589
3648
3650
3804
3824
3846
3860
3861
3906
3935
4014
4072
4091
4126
4136
4160
4199
4237
4314
4315
4440
4512
4607
4614
4657
4690
4718
4807
4817
4820
4901
4915
4967
5040
5044
5090
5107
5112
5137
5157
5175
5215
5232
5242
5260
5262
5323
5351
5366
5455
5473
5532
5588
5600
5634
5697
5742
5761
5803
5836
5901
5929
5938
5948
6010
6160
6264
6334
6337
6341
6528
6576
6623
6632
6645
6649
6712
6724
6727
6806
6924
6964
6979
7028
7058
7098
7102
7224
7233
7279
7299
7312
7557
7560
7585
7623
7634
7802
7822
7843
7871
7909
7910
7930
8002
8040
8133
8269
8271
8284
8358
8372
8463
8511
8526
8533
8557
8578
8581
8708
8783
8784
8799
8883
8887
8895
8938
8957
8963
9011
9018
9053
9102
9162
9187
9216
9239
9254
9281
9304
9334
9390
9468
9509
9529
9543
9580
9610
9617
9677
9750
9790
9791
9792
9843
9865
9934
9938
9942
9960
9968
10012
10024
10028
10061
10083
10113
10118
10171
10182
10272
10532
10608
10665
10744
10758
10804
10869
10897
10940
10994
11022
11071
11266
11276
11346
11357
11370
11413
11416
11422
11440
11441
11521
11680
11703
11706
11711
11719
11723
11753
11930
12058
12120
12158
12165
12182
12189
12194
12232
12240
12290
12300
12323
12381
12435
12454
12518
12541
12552
12580
12619
12645
12677
12766
12799
12819
12874
12875
12903
12906
12993
13004
13046
13075
13135
13174
13187
13225
13229
13300
13309
13519
13610
13631
13648
13671
13682
13705
13709
13726
13728
13758
13769
13800
13809
13830
13875
13950
14016
14036
14140
14224
14241
14242
14244
14261
14337
14356
14407
14457
14495
14510
14552
14609
14647
14732
14774
14824
14850
14953
14991
15044
15087
15098
15103
15108
15122
15128
15175
15302
15306
15330
15403
15433
15444
15452
15466
15515
15570
15585
15680
15693
15709
15844
15899
16019
16043
16119
16129
16137
16139
16158
16164
16181
16223
16247
16249
16396
16450
16465
16496
16531
16613
16634
16656
16657
16717
16777
16907
16916
16947
16992
17043
17066
17091
17107
17126
17177
17226
17258
17259
17356
17363
17371
17406
17421
17467
17496
17506
17509
17524
17611
17732
17833
17910
17929
17963
17985
18021
18057
18069
18101
18113
18119
18185
18218
18220
18228
18292
18313
18315
18364
18373
18398
18438
18472
18526
18604
18653
18657
18696
18736
18749
18764
18879
18944
18974
19008
19075
19107
19141
19163
19173
19242
19424
19434
19512
19551
19620
19649
19665
19746
19755
19812
19815
19838
19839
19842
19882
19940
19979
19999
20049
20082
20099
20198
20206
20215
20247
20323
20345
20364
20371
20404
20476
20482
20483
20562
20641
20656
20664
20696
20699
20721
20737
20750
20755
20823
20870
20883
20907
20914
21049
21181
21211
21224
21235
21266
21269
21283
21289
21295
21389
21414
21445
21452
21457
21601
21644
21685
21709
21782
21804
21909
21960
21975
22067
22075
22081
22089
22157
22193
22222
22283
22289
22324
22400
22427
22446
22449
22473
22593
22610
22612
22665
22685
22697
22764
22778
22814
22822
22837
22846
22850
22896
22990
23000
23007
23008
23036
23073
23231
23299
23317
23343
23482
23533
23572
23581
23628
23641
23659
23684
23699
23703
23719
23796
23826
23847
23860
23929
24000
24023
24036
24114
24118
24136
24141
24186
24300
24304
24324
24338
24443
24469
24571
24605
24650
24661
24683
24724
24776
24788
24865
24878
24912
24941
25005
25037
25049
25051
25062
25083
25127
25139
25240
25279
25443
25473
25479
25575
25591
25723
25762
25872
25876
25918
25954
25958
26014
26028
26038
26082
26174
26184
26224
26269
26281
26369
26442
26571
26600
26662
26676
26759
26864
26874
26894
26899
26918
26919
27066
27076
27146
27316
27330
27451
27583
27657
27783
27817
27848
27930
27949
28004
28040
28061
28076
28118
28143
28164
28168
28173
28207
28300
28314
28332
28369
28419
28476
28480
28496
28526
28578
28608
28663
28705
28755
28853
28905
28948
29030
29074
29086
29101
29227
29269
29271
29313
29331
29367
29372
29403
29428
29502
29610
29627
29718
29734
29736
29741
29774
29800
29823
29836
29881
30003
30017
30057
30101
30124
30160
30246
30260
30264
30266
30322
30324
30337
30365
30368
30369
30379
30414
30538
30579
30591
30608
30647
30651
30666
30690
30701
30723
30744
30790
30810
30866
30912
30924
31017
31033
31072
31136
31199
31244
31298
31355
31358
31530
31553
31570
31593
31614
31624
31666
31671
31758
31830
31847
31879
31939
32102
32132
32168
32211
32216
32227
32333
32387
32390
32452
32477
32482
32490
32533
32566
32569
32616
32630
32699
32704
32705
32760
32805
32820
32923
32944
32966
33030
33070
33081
33095
33160
33167
33197
33217
33218
33238
33273
33278
33388
33415
33499
33540
33551
33632
33676
33695
33738
33742
33791
33835
33869
33880
33899
33921
33951
33962
33980
34024
34140
34161
34168
34194
34243
34263
34282
34299
34302
34327
34397
34463
34515
34566
34578
34583
34590
34691
34752
34874
34904
34982
35018
35059
35107
35130
35144
35150
35219
35251
35324
35425
35430
35435
35458
35485
35493
35546
35643
35716
35734
35750
35784
35865
35877
35896
35926
35940
35949
36024
36032
36075
36173
36197
36220
36253
36271
36277
36302
36326
36378
36381
36400
36416
36465
36478
36499
36546
36588
36599
36611
36669
36789
36843
36964
36990
37011
37034
37065
37086
37095
37110
37136
37158
37170
37192
37279
37357
37366
37388
37443
37459
37564
37568
37601
37656
37738
37756
37778
37791
37820
37874
37949
38037
38039
38160
38168
38173
38226
38305
38345
38401
38441
38475
38608
38640
38650
38654
38660
38683
38755
38800
38820
38828
38882
38897
38921
38990
39056
39119
39140
39341
39368
39514
39523
39568
39570
39628
39653
39745
39829
39887
39906
39933
39975
39984
-1
