200
257
258
375
382
416
545
605
632
658
694
762
778
833
848
886
955
1026
1059
1074
1080
1088
1100
1118
1122
1184
1197
1236
1237
1265
1270
1343
1351
1508
1516
1540
1554
1585
1588
1692
1702
1791
1792
1808
1820
1910
1914
2010
2016
2088
2093
2106
2123
2136
2146
2173
2214
2221
2238
2248
2463
2484
2500
2509
2540
2583
2647
2654
2659
2892
2981
3006
3044
3074
3115
3134
3149
3165
3198
3249
3252
3280
3281
3336
3366
3396
3408
3410
3433
3442
3451
3478
3507
3508
3524
3529
3533
3546
3553
3593
3703
3733
3739
3742
3791
3792
3825
3835
3837
3887
3922
3947
3978
3982
4018
4026
4050
4136
4145
4175
4238
4247
4262
4263
4297
4390
4396
4498
4564
4572
4610
4719
4847
4860
4947
5008
5014
5024
5121
5139
5286
5336
5423
5431
5479
5502
5513
5518
5522
5556
5580
5622
5656
5687
5689
5765
5828
5866
5930
6029
6064
6066
6104
6113
6196
6273
6278
6315
6350
6361
6453
6469
6529
6534
6622
6626
6637
6649
6671
6683
6808
6874
6905
6930
6949
6957
6967
6974
7044
7118
7155
7179
7197
7242
7258
7309
7325
7366
7378
7439
7459
7462
7475
7500
7576
7620
7661
7692
7709
7804
7888
7896
7948
7991
8002
8012
8029
8037
8041
8081
8088
8177
8321
8505
8538
8565
8608
8636
8718
8724
8754
8763
8783
8794
8873
8882
8952
9022
9047
9103
9110
9150
9152
9156
9167
9213
9335
9345
9417
9454
9574
9616
9647
9655
9688
9762
9795
9807
9855
9894
9946
9963
9978
10058
10059
10232
10237
10373
10380
10388
10396
10535
10552
10593
10597
10604
10665
10746
10827
10861
10862
10882
10952
11011
11049
11096
11101
11105
11111
11148
11250
11303
11338
11554
11597
11628
11650
11654
11677
11693
11777
11790
11795
11796
11861
11871
11891
11901
11940
11958
11975
11976
12028
12124
12147
12156
12180
12181
12186
12198
12218
12233
12310
12317
12354
12382
12391
12403
12431
12454
12502
12503
12578
12624
12722
12780
12787
12831
12839
12867
12888
13027
13056
13057
13118
13168
13180
13288
13289
13333
13371
13379
13449
13498
13532
13534
13566
13573
13588
13603
13684
13703
13723
13803
13819
13869
13877
13962
13998
14066
14122
14135
14188
14199
14239
14269
14288
14292
14311
14337
14394
14406
14513
14556
14597
14611
14631
14727
14769
14771
14871
14923
14969
14979
14982
15006
15075
15103
15106
15116
15119
15204
15216
15246
15332
15352
15372
15433
15495
15499
15576
15620
15650
15695
15727
15746
15755
15778
16020
16039
16056
16092
16108
16149
16302
16334
16335
16376
16387
16422
16457
16476
16481
16495
16525
16577
16696
16760
16789
16790
16840
16862
16881
16892
16900
16901
16904
17041
17092
17160
17185
17197
17212
17235
17245
17287
17301
17326
17327
17398
17420
17460
17494
17512
17529
17608
17630
17671
17713
17745
17779
17822
17856
17912
17916
17929
17972
17998
18074
18084
18112
18160
18188
18238
18267
18295
18297
18317
18325
18371
18403
18406
18426
18433
18441
18514
18537
18552
18579
18596
18650
18656
18666
18884
18899
19024
19086
19109
19148
19174
19176
19179
19183
19219
19318
19326
19374
19384
19408
19413
19437
19522
19526
19575
19596
19599
19659
19691
19716
19790
19814
19820
19915
19954
20114
20145
20383
20431
20432
20451
20572
20576
20633
20635
20726
20741
20776
20784
20886
20937
20995
21012
21050
21076
21104
21132
21158
21213
21218
21246
21284
21370
21568
21574
21695
21700
21737
21768
21797
21818
21973
21990
21998
22051
22057
22081
22104
22126
22171
22181
22237
22310
22316
22323
22325
22412
22422
22468
22500
22550
22601
22620
22654
22724
22797
22862
22884
22972
22993
23058
23114
23148
23172
23185
23358
23365
23379
23421
23425
23488
23509
23662
23772
23807
23866
23952
23957
23958
23969
23982
24006
24021
24080
24103
24129
24201
24293
24322
24327
24490
24495
24539
24563
24566
24602
24628
24630
24632
24658
24682
24743
24744
24790
24798
24802
24833
24844
24852
24912
24944
24963
24965
25000
25018
25060
25412
25419
25506
25508
25581
25587
25670
25677
25698
25699
25773
25835
26044
26187
26213
26258
26275
26315
26321
26379
26428
26443
26536
26560
26675
26689
26749
26840
26867
26890
26894
26962
27044
27104
27174
27180
27188
27189
27198
27238
27246
27330
27331
27368
27428
27433
27445
27493
27497
27561
27578
27631
27645
27654
27657
27677
27729
27736
27811
27970
27990
28145
28147
28241
28305
28308
28328
28349
28353
28376
28402
28430
28454
28529
28547
28573
28578
28650
28663
28671
28675
28708
28713
28717
28736
28822
28844
28866
28867
28910
28922
28968
28986
29028
29158
29160
29194
29250
29269
29396
29405
29429
29473
29529
29582
29608
29634
29638
29697
29729
29829
29895
29934
30009
30065
30069
30094
30121
30170
30202
30270
30292
30304
30355
30370
30444
30472
30497
30538
30583
30598
30657
30709
30850
30874
30917
30959
30977
31029
31055
31110
31115
31135
31153
31158
31169
31184
31187
31239
31368
31394
31598
31610
31654
31696
31724
31805
31830
31869
31885
31963
32013
32136
32140
32157
32232
32274
32280
32333
32374
32387
32392
32395
32432
32457
32533
32542
32544
32559
32593
32595
32629
32656
32682
32726
32739
32744
32745
32746
32786
32821
32838
33104
33173
33203
33215
33227
33236
33260
33309
33324
33337
33338
33376
33446
33451
33485
33504
33506
33559
33582
33591
33686
33688
33699
33708
33733
33738
33752
33762
33832
33833
33838
33860
33887
33918
33929
33986
34125
34188
34189
34203
34344
34365
34423
34425
34482
34523
34526
34539
34587
34613
34653
34802
34869
34875
35038
35132
35173
35206
35211
35215
35219
35291
35414
35538
35637
35682
35776
35778
35831
35919
35941
35976
36000
36206
36293
36298
36303
36329
36362
36381
36430
36456
36460
36511
36558
36588
36601
36622
36744
36752
36964
37025
37182
37247
37268
37291
37397
37410
37428
37455
37512
37520
37536
37580
37618
37645
37716
37733
37797
37908
37995
38013
38014
38066
38175
38196
38222
38246
38355
38375
38415
38451
38453
38532
38631
38653
38679
38706
38720
38771
38801
38849
38856
38915
38937
38955
38978
38983
38988
39028
39049
39064
39107
39280
39292
39339
39349
39643
39674
39932
39947
39948
39994
-1
