25
46
63
77
92
147
190
210
218
267
268
332
336
337
366
427
438
518
554
832
833
870
910
918
958
1056
1061
1079
1108
1205
1207
1208
1221
1513
1543
1566
1581
1660
1671
1766
1770
1782
1804
1814
1822
1835
1912
1925
2002
2010
2040
2095
2102
2156
2194
2198
2241
2292
2299
2320
2339
2385
2456
2501
2664
2713
2717
2741
2791
2805
2827
2890
2898
2915
2926
3044
3075
3137
3288
3314
3324
3424
3430
3515
3568
3583
3611
3658
3691
3825
3838
4024
4074
4087
4113
4116
4127
4129
4179
4183
4195
4200
4320
4390
4420
4441
4460
4535
4595
4659
4682
4695
4713
4813
4818
4840
4889
4903
4959
5050
5140
5181
5294
5295
5304
5329
5332
5464
5472
5486
5518
5532
5570
5587
5599
5620
5627
5650
5694
5730
5794
5881
5955
5978
6020
6038
6090
6103
6110
6147
6164
6201
6248
6249
6271
6287
6296
6313
6319
6353
6363
6412
6523
6551
6552
6554
6583
6600
6640
6649
6693
6866
6873
6915
6935
7020
7026
7044
7062
7080
7146
7162
7173
7185
7188
7286
7337
7340
7347
7473
7496
7578
7640
7644
7719
7735
7767
7791
7905
7925
8007
8129
8140
8164
8166
8223
8367
8386
8399
8434
8447
8449
8489
8526
8545
8549
8593
8623
8672
8707
8723
8746
8842
8911
8937
8978
9054
9064
9073
9131
9132
9141
9186
9260
9267
9301
9362
9386
9416
9443
9452
9469
9555
9605
9705
9747
9849
9854
9911
9916
9929
9962
10036
10043
10197
10216
10276
10302
10366
10399
10413
10647
10654
10695
10794
10796
10804
10848
10873
10884
10918
10923
10930
10932
10993
11005
11016
11071
11104
11149
11165
11226
11334
11345
11375
11411
11566
11570
11624
11659
11669
11689
11704
11750
11814
11852
11902
11987
12003
12021
12083
12154
12183
12217
12249
12271
12292
12325
12353
12387
12533
12534
12553
12599
12646
12688
12725
12769
12777
12799
12841
12872
12897
12995
13061
13068
13093
13112
13126
13142
13157
13164
13194
13222
13257
13267
13341
13382
13469
13472
13484
13527
13595
13603
13684
13755
13848
13858
13868
13882
13884
13887
13919
13934
13958
14093
14123
14145
14152
14159
14208
14247
14287
14316
14318
14321
14323
14442
14492
14533
14540
14570
14571
14574
14591
14633
14643
14654
14691
14695
14728
14761
14899
14959
14994
15001
15007
15115
15187
15269
15274
15276
15329
15351
15358
15572
15578
15611
15685
15710
15729
15811
15817
15844
15874
15887
15961
16020
16028
16111
16155
16188
16211
16248
16280
16294
16307
16342
16387
16401
16429
16465
16502
16522
16607
16650
16654
16708
16728
16752
16810
16867
16903
16916
16946
16968
16988
17041
17258
17358
17414
17450
17471
17484
17495
17569
17592
17656
17732
17800
17811
17834
17905
18015
18038
18150
18172
18192
18300
18366
18413
18417
18435
18439
18467
18469
18580
18676
18685
18728
18735
18749
18756
18760
18762
18779
18817
18918
18924
18936
18954
18990
19006
19024
19058
19116
19186
19208
19217
19221
19223
19246
19247
19331
19340
19415
19482
19495
19579
19583
19601
19664
19717
19728
19797
19830
19841
19852
19901
19913
20006
20043
20082
20090
20116
20124
20147
20162
20178
20209
20220
20263
20315
20366
20373
20457
20481
20513
20535
20541
20592
20616
20636
20682
20690
20735
20764
20766
20911
20951
21035
21058
21106
21147
21208
21214
21260
21268
21277
21292
21300
21504
21594
21708
21734
21756
21759
21805
21839
21851
21860
21877
21902
21908
21942
21977
22066
22108
22142
22318
22341
22349
22358
22386
22422
22443
22496
22642
22705
22708
22725
22866
22924
22942
23033
23037
23090
23093
23128
23143
23174
23272
23298
23408
23460
23483
23557
23609
23611
23641
23703
23732
23741
23753
23768
23784
23801
23817
23837
23889
23907
23943
23981
24012
24049
24103
24120
24138
24169
24227
24231
24263
24298
24312
24345
24463
24565
24613
24614
24644
24706
24732
24767
24789
24803
24896
25080
25176
25209
25280
25303
25354
25371
25381
25396
25426
25496
25503
25557
25586
25710
25737
25819
25841
25891
25909
25910
25947
25964
25989
26023
26143
26206
26266
26299
26379
26409
26445
26474
26503
26557
26562
26584
26594
26617
26630
26635
26701
26744
26803
26847
26919
26968
26973
26982
27056
27057
27110
27225
27269
27278
27348
27370
27422
27557
27570
27631
27642
27659
27739
27751
27842
27849
27857
27868
27905
27914
27967
28060
28161
28170
28220
28272
28277
28338
28407
28429
28448
28453
28487
28493
28503
28525
28527
28534
28614
28632
28676
28835
28872
28914
28932
28935
28970
28982
29098
29171
29236
29237
29258
29336
29345
29357
29423
29449
29460
29558
29559
29592
29609
29623
29669
29688
29735
29782
29896
29988
30009
30139
30174
30181
30324
30347
30364
30390
30430
30463
30486
30506
30546
30607
30620
30635
30763
30782
30832
30847
30868
30903
30909
30948
31018
31165
31190
31227
31235
31280
31332
31339
31430
31502
31519
31524
31680
31686
31781
31782
31796
31834
31848
31859
31927
31953
32016
32081
32144
32198
32372
32374
32377
32402
32436
32447
32493
32505
32526
32532
32555
32583
32708
32799
32916
32935
32937
33009
33012
33038
33134
33191
33243
33248
33290
33299
33316
33324
33420
33473
33501
33609
33664
33675
33768
33793
33886
33923
33963
34023
34025
34140
34160
34163
34182
34217
34230
34233
34235
34252
34296
34306
34324
34337
34341
34387
34389
34394
34397
34441
34445
34453
34455
34474
34540
34559
34596
34675
34710
34826
34996
35042
35057
35147
35153
35265
35268
35343
35512
35546
35548
35707
35747
35782
35783
35824
35829
35841
35917
35932
35945
35955
35969
36083
36110
36167
36168
36194
36210
36243
36342
36347
36384
36389
36399
36409
36505
36519
36626
36644
36651
36681
36690
36740
36786
36873
36911
36961
36973
37094
37128
37139
37145
37234
37238
37280
37306
37340
37348
37530
37532
37569
37582
37606
37736
37742
37776
37877
37974
38004
38056
38059
38173
38189
38238
38283
38355
38376
38377
38398
38423
38545
38565
38573
38725
38848
38883
38899
38927
38931
38932
38951
38986
39013
39032
39064
39067
39151
39179
39182
39183
39188
39318
39368
39382
39470
39599
39614
39632
39660
39667
39674
39727
39750
39803
39845
39856
39863
39880
39882
39936
39963
39968
-1
