4
7
31
55
74
161
178
187
234
386
430
453
506
538
616
706
812
834
868
893
909
966
981
982
1016
1032
1041
1050
1066
1068
1201
1222
1273
1281
1283
1440
1442
1547
1578
1614
1647
1687
1705
1714
1743
1793
1963
1965
1970
1979
1984
2093
2101
2129
2179
2193
2218
2219
2265
2480
2482
2552
2608
2611
2625
2633
2638
2669
2682
2689
2704
2763
2772
2787
2802
2803
2829
2835
2897
2959
2965
2973
3010
3012
3040
3078
3100
3114
3123
3174
3198
3239
3292
3300
3375
3390
3442
3450
3507
3654
3678
3689
3694
3696
3773
3830
3835
3954
4021
4074
4131
4144
4167
4170
4210
4230
4246
4286
4383
4400
4408
4465
4534
4553
4593
4604
4608
4639
4743
4770
4927
5070
5073
5124
5135
5207
5215
5226
5283
5324
5328
5331
5374
5462
5492
5493
5500
5524
5537
5571
5577
5712
5755
5796
5799
5810
5839
5855
5861
5926
5979
6028
6043
6068
6188
6228
6240
6270
6273
6360
6416
6419
6449
6466
6473
6570
6582
6610
6652
6688
6713
6750
6814
6845
6852
6866
6945
6959
6983
6995
7003
7082
7113
7139
7177
7202
7259
7275
7310
7362
7462
7469
7571
7614
7663
7669
7678
7821
7822
7854
7883
7979
7997
8028
8044
8129
8139
8234
8252
8255
8410
8432
8550
8684
8720
8746
8780
8801
8802
8839
8883
8926
9052
9066
9083
9190
9231
9283
9410
9480
9496
9516
9556
9602
9609
9636
9671
9724
9786
9857
10001
10014
10021
10031
10081
10183
10217
10292
10311
10452
10455
10468
10503
10508
10584
10647
10696
10779
10837
10911
10950
10962
11019
11055
11061
11072
11081
11085
11107
11157
11196
11217
11232
11252
11255
11265
11302
11315
11397
11443
11453
11456
11460
11516
11610
11618
11843
11844
11903
11917
11934
11935
12004
12073
12103
12130
12161
12181
12262
12282
12340
12360
12364
12379
12390
12411
12491
12500
12530
12684
12731
12736
12739
12809
12816
12921
12999
13067
13128
13291
13329
13357
13410
13518
13545
13561
13627
13653
13659
13669
13742
13785
13802
13810
13816
13864
13872
13951
13961
14002
14203
14210
14233
14243
14250
14292
14299
14315
14318
14322
14525
14545
14552
14554
14608
14626
14635
14637
14638
14648
14822
14844
14860
14862
14897
14928
15093
15226
15233
15286
15302
15361
15411
15480
15482
15489
15495
15516
15555
15595
15719
15767
15806
15823
15909
15937
15962
15965
15991
15995
16004
16011
16053
16075
16093
16122
16162
16182
16270
16313
16362
16369
16404
16450
16496
16553
16625
16683
16691
16695
16701
16720
16769
16774
16915
16922
16925
16957
16970
16992
17003
17034
17037
17049
17147
17226
17253
17352
17377
17426
17564
17580
17615
17622
17711
17718
17727
17741
17822
17828
17903
17913
17934
17962
17969
18019
18023
18050
18076
18108
18141
18243
18267
18403
18405
18415
18435
18453
18516
18539
18556
18569
18613
18632
18644
18680
18684
18743
18767
18773
18781
18806
18835
18855
18907
19054
19066
19091
19103
19171
19196
19197
19204
19245
19262
19291
19294
19376
19381
19500
19511
19528
19547
19690
19725
19763
19814
19883
19939
19976
20011
20030
20071
20107
20216
20236
20274
20342
20361
20427
20464
20465
20479
20595
20684
20807
20829
20875
20909
20941
21007
21023
21060
21123
21133
21208
21254
21310
21314
21333
21340
21346
21413
21425
21468
21533
21619
21653
21675
21688
21694
21725
21755
21756
21815
21819
21828
21847
21852
21900
22087
22092
22121
22191
22244
22296
22323
22324
22371
22416
22631
22635
22787
22791
22845
22847
22849
22862
22876
22887
22917
22918
22948
23009
23100
23106
23141
23158
23171
23174
23196
23213
23231
23237
23288
23296
23312
23354
23428
23441
23462
23485
23513
23532
23539
23545
23574
23580
23593
23618
23676
23706
23768
23775
23813
23816
23849
23850
23902
23934
24009
24112
24165
24169
24228
24243
24364
24433
24664
24715
24728
24778
24782
24855
24862
24877
24878
24918
24939
24944
24955
25028
25087
25106
25128
25143
25162
25171
25199
25259
25393
25394
25400
25424
25434
25437
25444
25510
25513
25525
25558
25569
25596
25620
25665
25746
25750
25790
25831
25903
25908
25946
26000
26005
26043
26163
26185
26188
26309
26373
26375
26382
26383
26396
26403
26407
26438
26443
26448
26450
26489
26494
26519
26586
26653
26678
26699
26767
26806
26877
26901
26971
27052
27063
27064
27078
27118
27147
27176
27244
27333
27557
27609
27715
27775
27825
27911
27935
27960
28037
28099
28103
28116
28135
28149
28183
28243
28317
28363
28370
28447
28603
28605
28613
28620
28759
28770
28784
28792
28799
28827
28901
28940
28995
29000
29025
29038
29040
29048
29064
29072
29156
29174
29239
29313
29323
29331
29362
29378
29381
29399
29508
29555
29563
29657
29670
29739
29770
29785
29807
29882
30010
30037
30091
30099
30246
30255
30373
30411
30416
30478
30536
30574
30730
30860
30863
30874
30910
31029
31069
31080
31111
31150
31234
31247
31317
31360
31418
31426
31488
31576
31578
31669
31689
31754
31836
31893
31895
31910
31911
31952
31956
31987
32010
32029
32106
32130
32148
32201
32296
32313
32328
32377
32407
32416
32422
32443
32576
32662
32666
32720
32771
32773
32801
32828
32883
32925
32994
33038
33061
33074
33076
33106
33206
33267
33284
33302
33331
33355
33357
33375
33432
33459
33462
33528
33531
33535
33558
33568
33580
33623
33653
33695
33715
33785
33865
34038
34066
34099
34119
34160
34210
34314
34319
34337
34345
34361
34491
34512
34591
34611
34663
34671
34724
34758
34817
34834
34884
34956
34992
35007
35008
35052
35066
35075
35089
35120
35171
35197
35201
35264
35285
35290
35329
35364
35377
35381
35442
35595
35624
35659
35793
35810
35847
35907
35949
35978
35989
36005
36025
36049
36127
36165
36408
36420
36425
36469
36513
36587
36696
36709
36737
36764
36824
36874
36888
36973
37075
37095
37098
37154
37216
37229
37409
37531
37553
37569
37571
37575
37679
37741
37792
37815
37837
37853
37895
37931
37933
37948
37952
37960
37986
38000
38097
38240
38241
38319
38380
38386
38409
38515
38570
38571
38599
38772
38795
38867
38880
39000
39008
39092
39108
39139
39152
39185
39224
39277
39283
39324
39356
39369
39399
39405
39407
39602
39620
39651
39925
39935
39946
-1