27
86
101
195
206
211
253
312
406
472
596
655
663
683
702
713
736
847
870
890
999
1049
1050
1058
1086
1188
1201
1217
1219
1279
1288
1345
1400
1439
1550
1581
1587
1624
1705
1798
1897
1905
1913
1972
1992
2067
2128
2129
2148
2181
2236
2304
2339
2365
2374
2399
2433
2450
2499
2530
2587
2593
2618
2646
2660
2713
2783
2870
2877
2885
2892
2899
2911
2950
3161
3170
3198
3233
3275
3278
3279
3289
3370
3382
3408
3420
3515
3529
3571
3582
3583
3639
3642
3692
3693
3710
3720
3731
3736
3742
3761
3911
3943
3945
3949
4024
4025
4095
4119
4237
4272
4320
4380
4427
4488
4489
4602
4610
4642
4647
4663
4668
4673
4695
4716
4724
4826
4855
4875
4908
4996
5007
5125
5166
5221
5225
5343
5349
5370
5381
5383
5390
5402
5456
5524
5541
5640
5752
5832
5950
5959
5964
5976
6016
6019
6072
6111
6172
6186
6190
6206
6223
6242
6262
6269
6278
6499
6565
6649
6736
6794
6839
6843
6867
6905
6934
6954
6972
6994
7028
7096
7106
7115
7137
7153
7158
7215
7267
7276
7316
7416
7432
7491
7636
7694
7695
7711
7749
7766
7774
7779
7811
7834
7884
7888
7893
7953
7976
7998
8017
8024
8062
8112
8126
8186
8314
8360
8366
8412
8498
8570
8675
8691
8792
8809
8818
8833
8852
8894
8946
9006
9011
9076
9106
9107
9110
9142
9175
9188
9267
9340
9346
9381
9439
9589
9602
9674
9769
9776
9829
9835
9900
9921
9972
10060
10088
10141
10218
10252
10265
10291
10304
10342
10367
10372
10434
10483
10568
10593
10623
10631
10637
10645
10652
10662
10666
10767
10779
10849
10852
10869
10906
10922
10999
11029
11042
11073
11162
11192
11215
11292
11310
11333
11387
11401
11423
11432
11440
11533
11543
11608
11646
11660
11665
11667
11689
11808
11864
11882
11893
11912
11967
12005
12134
12151
12198
12239
12265
12268
12270
12307
12314
12348
12362
12386
12401
12440
12520
12524
12548
12653
12742
12762
12795
12808
12893
12927
12969
13064
13065
13071
13114
13129
13207
13218
13254
13284
13423
13432
13512
13539
13542
13552
13639
13643
13664
13670
13690
13704
13775
13781
13828
13843
13864
13875
13876
13928
13933
13956
14102
14113
14157
14178
14221
14227
14251
14294
14311
14342
14376
14611
14619
14631
14647
14651
14769
14789
14958
15115
15158
15172
15188
15265
15268
15289
15294
15303
15333
15352
15370
15403
15408
15420
15424
15449
15523
15618
15665
15679
15697
15803
15854
15874
15974
16028
16090
16116
16130
16195
16234
16308
16328
16434
16435
16440
16530
16546
16554
16591
16619
16641
16662
16800
16870
16879
16893
16945
16966
16980
17006
17045
17047
17077
17126
17181
17245
17263
17324
17393
17475
17487
17497
17520
17622
17635
17860
17868
17912
17921
17939
17942
17953
17985
18001
18072
18111
18122
18233
18240
18273
18279
18299
18317
18324
18375
18444
18457
18459
18504
18567
18578
18622
18688
18725
18726
18760
18768
18809
18847
18862
18884
18896
18943
18978
19045
19050
19084
19113
19129
19148
19195
19212
19216
19263
19275
19347
19371
19380
19470
19584
19588
19656
19674
19809
19812
19953
20098
20104
20119
20125
20223
20264
20285
20288
20289
20384
20387
20425
20430
20480
20519
20525
20569
20662
20682
20728
20793
20794
20813
20829
20837
20894
20915
20941
21021
21058
21095
21098
21104
21124
21143
21205
21251
21280
21284
21310
21314
21332
21365
21403
21404
21406
21433
21507
21521
21534
21585
21650
21744
21803
21869
21878
21889
21949
21950
21952
21960
21989
21994
22021
22084
22094
22121
22132
22158
22173
22327
22328
22341
22421
22433
22511
22543
22587
22666
22770
22790
22812
22816
22844
22920
22988
23037
23151
23190
23206
23220
23256
23261
23298
23346
23348
23354
23373
23441
23539
23692
23725
23732
23752
23866
23923
23925
24004
24082
24113
24151
24168
24224
24313
24345
24413
24466
24488
24496
24529
24607
24622
24632
24650
24651
24725
24764
24771
24843
24880
24898
25146
25152
25157
25171
25178
25196
25238
25266
25275
25327
25332
25340
25367
25384
25386
25419
25420
25452
25478
25517
25527
25580
25691
25697
25732
25734
25775
25829
25835
25870
25885
25931
25972
25982
26006
26041
26051
26062
26113
26138
26150
26259
26324
26354
26386
26455
26516
26624
26678
26698
26699
26764
26782
26784
26828
26832
26861
26898
26910
26958
26972
26981
27023
27029
27142
27239
27323
27326
27342
27343
27568
27624
27653
27785
27894
27907
27961
27984
28016
28116
28157
28238
28285
28305
28310
28315
28317
28324
28374
28405
28414
28473
28491
28534
28552
28565
28568
28691
28750
28820
28855
28942
29056
29149
29237
29265
29315
29334
29467
29520
29577
29599
29606
29609
29629
29649
29686
29763
29771
29831
29883
29890
29974
30000
30002
30020
30173
30207
30242
30246
30252
30319
30326
30355
30381
30461
30530
30561
30608
30742
30751
30874
30949
30993
31086
31120
31171
31192
31201
31204
31278
31316
31402
31442
31444
31555
31627
31646
31648
31713
31744
31771
31783
31787
31831
31915
31917
32008
32016
32050
32103
32126
32139
32155
32250
32282
32295
32432
32465
32533
32559
32613
32631
32705
32720
32731
32740
32903
32909
33008
33048
33121
33131
33143
33176
33193
33226
33270
33317
33322
33385
33445
33470
33502
33526
33545
33549
33638
33650
33788
34020
34067
34117
34153
34154
34179
34190
34377
34404
34480
34537
34612
34662
34664
34689
34706
34741
34825
34838
34866
34928
34979
34999
35058
35122
35157
35299
35362
35431
35444
35466
35521
35614
35638
35708
35718
35757
35865
35882
35938
35973
36004
36056
36082
36181
36201
36316
36330
36344
36346
36393
36432
36437
36473
36488
36591
36604
36618
36631
36693
36695
36723
36742
36746
36783
36830
36894
36910
36917
37103
37163
37331
37353
37392
37432
37454
37467
37489
37503
37521
37540
37558
37651
37683
37731
37740
37796
37828
37977
37993
38047
38165
38191
38219
38279
38293
38356
38369
38377
38391
38457
38488
38513
38548
38550
38551
38561
38617
38681
38682
38709
38772
38831
38889
38918
38920
38934
38941
38990
39030
39038
39099
39100
39161
39226
39240
39345
39346
39376
39395
39401
39411
39448
39497
39644
39671
39734
39809
39848
39886
39928
39939
39944
-1
