19
25
146
174
269
297
325
326
344
396
461
463
479
560
583
643
663
691
711
809
844
938
1050
1059
1094
1158
1161
1259
1261
1422
1489
1558
1590
1603
1702
1708
1755
1776
1984
2002
2061
2072
2179
2226
2248
2255
2283
2296
2324
2370
2371
2391
2410
2468
2497
2508
2542
2608
2662
2684
2763
2764
2783
2869
2899
2962
2974
2995
3033
3119
3122
3128
3267
3268
3306
3327
3346
3348
3354
3450
3503
3518
3530
3581
3592
3659
3696
3780
3799
3842
3870
3872
3888
3913
3971
4086
4103
4167
4170
4174
4226
4241
4254
4307
4328
4334
4449
4480
4490
4536
4606
4664
4692
4748
4749
4785
4804
4808
4812
4816
4830
4916
4943
4969
5049
5053
5058
5214
5252
5302
5309
5328
5355
5362
5436
5469
5471
5483
5519
5529
5680
5736
5806
5816
5817
5858
5932
5938
5968
6008
6014
6016
6068
6076
6094
6168
6238
6283
6294
6415
6511
6522
6555
6567
6646
6667
6674
6776
6813
6821
6832
6904
6940
6955
6974
6981
6992
7072
7100
7109
7129
7213
7228
7241
7280
7329
7352
7368
7375
7411
7442
7458
7476
7502
7530
7541
7624
7636
7652
7783
7802
7879
7931
7980
8026
8030
8059
8091
8133
8136
8215
8297
8408
8410
8432
8437
8438
8463
8515
8538
8560
8563
8657
8666
8669
8671
8729
8775
8818
8849
8878
8946
8963
9068
9071
9074
9078
9115
9118
9191
9233
9238
9275
9308
9416
9437
9483
9529
9545
9591
9647
9651
9695
9732
9767
9850
9893
9927
10061
10064
10099
10216
10225
10229
10240
10259
10262
10279
10281
10326
10442
10478
10489
10574
10609
10634
10702
10719
10835
10842
10938
10939
10979
10985
11041
11094
11096
11123
11173
11274
11279
11395
11399
11495
11564
11566
11594
11625
11651
11685
11699
11738
11838
11933
12021
12076
12143
12216
12233
12235
12244
12321
12461
12535
12627
12714
12727
12739
12780
12789
12830
12853
12973
13062
13084
13137
13147
13245
13266
13309
13319
13337
13353
13417
13445
13451
13457
13472
13493
13521
13538
13552
13602
13615
13641
13656
13726
13794
13860
13885
13893
13922
13951
13955
14002
14088
14094
14102
14122
14179
14202
14221
14268
14353
14395
14429
14496
14547
14554
14569
14612
14618
14652
14661
14715
14752
14794
14799
14838
14844
14862
14881
14969
14978
14991
14995
15012
15038
15070
15117
15346
15351
15357
15361
15379
15384
15406
15420
15485
15545
15605
15615
15619
15653
15694
15775
15783
15827
15835
15848
15904
15985
16031
16067
16078
16129
16151
16175
16177
16186
16260
16287
16322
16341
16383
16411
16449
16476
16523
16533
16614
16733
16738
16764
16776
16854
16884
16897
16939
16940
16958
16959
16969
16973
17008
17044
17058
17082
17092
17201
17211
17219
17225
17235
17267
17371
17415
17481
17520
17523
17606
17678
17715
17731
17756
17774
17785
18007
18012
18125
18135
18189
18201
18209
18221
18230
18233
18268
18340
18447
18457
18469
18503
18576
18594
18667
18717
18723
18808
18864
18868
18902
18921
19032
19062
19375
19385
19450
19499
19512
19530
19536
19598
19658
19710
19741
19758
19771
19802
19809
19874
20053
20141
20171
20186
20229
20251
20264
20299
20385
20388
20427
20484
20506
20573
20706
20722
20773
20803
20826
20827
20889
20918
20954
20963
21061
21140
21147
21211
21227
21231
21253
21364
21371
21451
21507
21606
21609
21669
21744
21772
21792
21814
21873
22047
22068
22082
22093
22131
22293
22366
22460
22487
22570
22594
22598
22617
22678
22800
22820
22859
22950
23016
23029
23035
23050
23061
23063
23072
23094
23165
23218
23270
23287
23321
23338
23353
23370
23376
23417
23527
23567
23574
23592
23628
23694
23710
23823
23852
23926
23959
24010
24054
24139
24181
24215
24243
24261
24332
24333
24357
24363
24403
24453
24481
24484
24642
24769
24777
24822
24853
24914
24945
24998
25010
25029
25033
25056
25108
25134
25159
25172
25198
25224
25226
25306
25317
25333
25347
25352
25369
25400
25413
25442
25503
25514
25588
25628
25775
25782
25787
25797
25869
25871
25949
26009
26026
26066
26144
26145
26152
26194
26226
26251
26363
26373
26486
26487
26512
26527
26601
26644
26650
26719
26757
26835
26850
26908
26911
26985
26990
26997
27069
27080
27095
27198
27226
27253
27312
27317
27349
27383
27440
27484
27518
27525
27542
27603
27704
27710
27730
27774
27780
27787
27809
27811
27819
27827
27885
27947
27977
27985
27997
28066
28166
28183
28208
28240
28276
28289
28299
28343
28346
28347
28362
28419
28608
28716
28781
28799
28814
28815
28900
28935
28984
29015
29051
29061
29097
29132
29168
29187
29203
29273
29277
29319
29331
29359
29408
29419
29426
29446
29535
29541
29546
29594
29624
29649
29694
29700
29709
29721
29759
29869
29870
29905
29955
29983
29998
30045
30073
30088
30162
30301
30359
30455
30466
30519
30533
30598
30633
30723
30780
30917
30971
30974
31118
31281
31286
31390
31398
31402
31493
31505
31561
31592
31605
31643
31677
31779
31796
31804
31890
31970
31991
32005
32096
32100
32107
32120
32210
32230
32264
32267
32280
32302
32320
32385
32415
32439
32474
32479
32514
32698
32743
32765
32796
32832
32837
32853
32882
32939
32969
33051
33068
33071
33073
33340
33341
33355
33395
33418
33471
33493
33691
33698
33701
33707
33710
33753
33849
33859
33956
34014
34044
34105
34164
34184
34232
34240
34258
34324
34329
34333
34381
34382
34384
34386
34432
34434
34453
34485
34510
34545
34558
34570
34593
34783
34788
34848
34867
34873
34925
34957
34985
35041
35052
35102
35131
35207
35230
35480
35601
35610
35680
35688
35697
35711
35713
35784
35822
35914
35928
35933
35948
35981
36097
36127
36137
36148
36157
36254
36519
36555
36579
36585
36633
36668
36782
36802
36818
36848
36876
36878
37025
37130
37198
37204
37244
37399
37433
37434
37435
37442
37454
37491
37527
37566
37570
37581
37598
37615
37673
37701
37710
37725
37795
37812
37851
37856
37881
37900
37909
37913
37927
37936
37963
38037
38045
38071
38090
38138
38163
38260
38294
38323
38479
38490
38521
38540
38554
38555
38570
38705
38925
38929
38978
38994
39007
39018
39143
39181
39241
39292
39304
39390
39397
39410
39453
39465
39505
39602
39619
39644
39757
39842
39846
39888
39907
39965
-1
