58
105
118
186
219
251
268
329
451
471
523
634
637
639
656
686
698
803
824
864
923
980
1002
1057
1092
1148
1150
1173
1394
1413
1429
1450
1452
1479
1500
1565
1607
1608
1630
1689
1693
1843
1847
1878
1913
1990
2102
2125
2128
2139
2248
2252
2269
2304
2407
2447
2460
2473
2586
2615
2737
2764
2775
2797
2832
2962
2963
3182
3259
3349
3457
3458
3558
3605
3610
3634
3668
3697
3769
3775
3783
3799
3808
3816
3887
3903
4010
4035
4061
4078
4242
4271
4277
4285
4307
4339
4501
4537
4542
4561
4586
4644
4663
4675
4706
4744
4846
4868
4874
4937
5067
5229
5248
5433
5455
5532
5602
5625
5655
5757
5787
5854
5891
5959
5966
5979
6052
6096
6161
6252
6261
6307
6465
6687
6706
6717
6724
6737
6741
6787
6879
6898
6917
6945
7044
7147
7170
7192
7193
7202
7233
7247
7251
7253
7287
7348
7375
7463
7514
7524
7555
7675
7702
7715
7728
7740
7824
7847
7877
7949
7983
8055
8168
8174
8235
8283
8326
8411
8478
8497
8510
8525
8532
8594
8615
8678
8684
8701
8703
8772
8816
8861
8863
8891
8897
8904
8913
8926
8946
8977
9007
9120
9145
9251
9293
9349
9435
9443
9532
9546
9586
9620
9706
9732
9762
9763
9770
9771
9800
9802
9822
9875
9906
9956
9960
9977
10035
10058
10063
10085
10089
10125
10163
10195
10257
10288
10332
10338
10399
10419
10424
10498
10520
10620
10663
10687
10744
10759
10774
10775
10802
10804
10813
10847
10905
10996
10999
11018
11092
11147
11170
11189
11230
11247
11250
11259
11271
11327
11362
11378
11402
11404
11405
11521
11567
11595
11727
11744
11835
11838
11885
11893
11944
11957
11981
11995
12015
12119
12139
12156
12160
12176
12179
12209
12210
12263
12356
12369
12441
12472
12510
12520
12531
12548
12558
12576
12604
12695
12709
12736
12756
12776
12785
12813
12887
12912
12914
12956
12960
13051
13152
13173
13215
13251
13286
13313
13324
13336
13366
13371
13390
13422
13500
13588
13613
13658
13710
13720
13816
13858
13876
13909
13928
13931
13970
13978
14016
14061
14084
14094
14122
14255
14290
14391
14484
14493
14500
14569
14577
14665
14668
14736
14756
14776
14808
14870
14903
14917
14932
14937
15011
15037
15088
15259
15305
15317
15343
15377
15389
15397
15495
15526
15540
15566
15574
15622
15741
15751
15788
15876
15889
15968
15976
16008
16048
16052
16140
16170
16218
16245
16318
16353
16382
16460
16551
16572
16594
16608
16625
16628
16652
16732
16793
16795
16820
16828
16841
16858
16880
16909
16919
16950
16955
16969
17026
17040
17045
17081
17087
17123
17124
17175
17219
17235
17277
17355
17444
17492
17553
17571
17575
17588
17601
17613
17653
17656
17675
17677
17736
17780
17788
17809
17814
17841
17857
17942
17967
17971
18051
18058
18060
18084
18086
18094
18159
18171
18176
18181
18304
18328
18373
18387
18471
18527
18539
18582
18641
18727
18820
18869
18888
18893
18911
18928
18974
19058
19061
19093
19111
19131
19132
19232
19306
19350
19394
19439
19453
19502
19509
19586
19588
19629
19695
19709
19716
19732
19744
19754
19762
19794
19796
19833
19839
19859
19883
19884
19916
19987
20031
20148
20162
20185
20203
20204
20266
20274
20312
20333
20335
20347
20355
20367
20410
20432
20442
20462
20498
20752
20804
20905
21099
21129
21166
21186
21293
21380
21404
21436
21459
21468
21522
21573
21585
21591
21668
21759
21854
21874
21904
21908
21950
22022
22027
22060
22066
22094
22171
22223
22238
22272
22286
22449
22468
22515
22540
22619
22643
22752
22770
22805
22837
22887
22921
23025
23084
23087
23110
23136
23156
23296
23346
23400
23448
23520
23542
23631
23660
23792
23822
23826
23887
23913
23915
23946
23955
23960
23967
23989
24039
24114
24118
24138
24140
24155
24162
24170
24189
24270
24301
24302
24452
24476
24544
24550
24563
24598
24675
24696
24721
24810
24816
24889
24964
24985
24986
24997
25020
25045
25120
25143
25237
25241
25275
25279
25290
25463
25578
25582
25646
25856
25960
26032
26058
26072
26128
26182
26206
26249
26291
26375
26388
26422
26453
26474
26475
26514
26545
26556
26596
26625
26635
26651
26713
26718
26729
26763
26779
26798
26832
26874
26939
26954
27019
27038
27045
27056
27084
27179
27188
27202
27345
27429
27458
27483
27489
27491
27509
27540
27567
27584
27594
27754
27764
27767
27770
27783
27792
27813
27830
27859
27892
27919
27926
27978
28014
28024
28048
28052
28099
28201
28230
28236
28239
28383
28389
28406
28598
28625
28653
28676
28749
28784
28789
28820
28928
28930
29098
29200
29219
29241
29246
29309
29356
29437
29523
29567
29596
29636
29723
29773
29912
29925
29950
29951
29961
29990
30031
30090
30111
30133
30152
30236
30255
30336
30348
30365
30390
30415
30422
30428
30435
30452
30543
30548
30558
30564
30571
30605
30647
30653
30654
30668
30759
30794
30861
30907
30911
31020
31061
31128
31138
31153
31176
31280
31308
31387
31400
31409
31421
31436
31511
31533
31578
31707
31738
31757
31805
31906
31937
32003
32004
32018
32023
32059
32149
32171
32219
32223
32300
32420
32437
32472
32475
32500
32504
32607
32639
32728
32834
32904
32908
32929
32944
32946
32951
33000
33069
33105
33146
33266
33268
33327
33376
33384
33418
33513
33571
33573
33602
33625
33633
33680
33682
33739
33803
33844
33867
33906
33950
34102
34122
34149
34195
34222
34257
34329
34335
34373
34378
34414
34417
34509
34632
34658
34935
34974
34977
35000
35006
35017
35068
35257
35276
35341
35386
35395
35406
35469
35562
35578
35579
35600
35745
35752
35766
35891
35900
35913
35987
36054
36142
36162
36231
36248
36252
36312
36374
36509
36517
36598
36685
36762
36808
36900
36915
36931
36969
36978
37039
37055
37119
37122
37123
37210
37231
37256
37276
37319
37337
37339
37407
37415
37422
37423
37424
37510
37549
37621
37696
37744
37747
37777
37854
37887
37930
37964
38100
38184
38189
38300
38317
38319
38352
38378
38560
38583
38614
38669
38678
38722
38798
38822
38826
38851
38877
38895
38943
38946
38956
39037
39080
39088
39125
39127
39134
39167
39239
39262
39289
39295
39334
39358
39476
39492
39493
39599
39621
39622
39627
39723
39748
39784
39789
39838
39854
39942
39946
39952
39974
39983
-1
