71
118
147
223
337
344
350
352
409
449
504
619
621
626
686
745
778
800
802
826
866
868
973
993
1072
1090
1141
1147
1224
1256
1264
1292
1346
1379
1407
1456
1588
1640
1782
1916
1921
2058
2063
2096
2125
2179
2198
2332
2364
2563
2577
2652
2678
2706
2715
2747
2855
2951
2969
3000
3013
3020
3070
3107
3202
3218
3230
3285
3336
3361
3369
3393
3412
3532
3543
3574
3602
3666
3670
3735
3794
3845
3871
3912
3949
3968
3986
4090
4118
4181
4197
4269
4286
4332
4337
4341
4358
4548
4581
4658
4684
4686
4763
4821
4929
4988
5089
5107
5114
5187
5238
5340
5342
5373
5375
5388
5433
5438
5440
5457
5516
5521
5559
5696
5827
5843
5864
5896
5938
5986
6060
6068
6073
6098
6135
6141
6147
6149
6182
6214
6286
6328
6366
6375
6418
6523
6572
6672
6679
6690
6731
6793
6814
6875
6912
6914
6977
7016
7143
7148
7187
7200
7279
7330
7381
7422
7435
7496
7498
7597
7638
7717
7729
7759
7790
7809
7815
7935
7961
8032
8062
8173
8188
8282
8288
8321
8356
8417
8492
8542
8560
8567
8592
8620
8623
8645
8756
8826
8842
8869
8887
8930
8983
8985
8988
9078
9102
9306
9316
9393
9519
9564
9583
9605
9642
9654
9675
9683
9779
9822
9844
9860
9882
9919
9941
9959
9994
10030
10052
10106
10117
10211
10219
10220
10251
10354
10403
10413
10453
10459
10463
10481
10502
10506
10584
10625
10632
10666
10689
10693
10725
10737
10745
10750
10830
10836
10853
10892
10918
10935
11014
11063
11094
11105
11125
11141
11250
11257
11316
11401
11436
11489
11550
11556
11691
11708
11709
11733
11745
11747
11749
11778
11788
11793
11829
11921
12090
12097
12145
12235
12266
12288
12302
12341
12360
12417
12453
12550
12632
12638
12680
12708
12761
12782
12788
12806
12833
12910
12991
13052
13101
13117
13121
13140
13177
13190
13224
13394
13401
13458
13521
13550
13630
13692
13746
13902
13914
14216
14328
14334
14387
14407
14408
14415
14430
14461
14524
14529
14640
14669
14676
14691
14741
14778
14878
14921
14928
14969
15005
15072
15085
15116
15120
15128
15218
15321
15337
15357
15402
15409
15415
15449
15470
15477
15507
15515
15523
15580
15707
15734
15850
15854
15865
15905
15924
15943
15950
15989
16026
16028
16051
16108
16115
16149
16169
16230
16250
16262
16290
16309
16341
16425
16430
16450
16487
16518
16570
16668
16676
16735
16739
16756
16822
16876
16919
16938
16954
17021
17149
17160
17196
17251
17270
17287
17311
17334
17379
17411
17419
17420
17448
17480
17483
17490
17520
17552
17591
17613
17706
17721
17733
17773
17821
17827
17884
17918
17924
18022
18057
18115
18120
18146
18176
18214
18244
18280
18386
18486
18502
18551
18578
18661
18680
18687
18698
18700
18794
18866
18979
19014
19024
19036
19091
19096
19114
19164
19197
19262
19297
19309
19392
19398
19408
19487
19599
19620
19650
19678
19751
19792
19838
19848
19903
19920
19943
19961
19998
20028
20060
20090
20092
20197
20275
20288
20300
20330
20398
20402
20487
20492
20531
20572
20649
20771
20811
20823
20891
20900
20907
20913
20916
20946
20958
20990
21036
21160
21197
21435
21485
21494
21520
21555
21559
21563
21565
21610
21682
21685
21687
21712
21758
21849
21916
21937
21967
21992
22008
22067
22134
22147
22264
22329
22477
22532
22561
22578
22649
22669
22673
22719
22750
22802
22806
22849
22874
22887
22901
22909
22986
22988
22992
23012
23040
23091
23133
23148
23184
23297
23498
23508
23547
23616
23645
23715
23759
23780
23834
23900
23908
23910
23946
23953
23962
24004
24030
24038
24090
24097
24129
24142
24157
24159
24190
24203
24224
24327
24329
24445
24460
24470
24476
24520
24611
24639
24646
24649
24654
24665
24763
24794
24823
24860
24993
25021
25070
25077
25133
25197
25239
25243
25279
25309
25311
25400
25464
25484
25490
25519
25544
25547
25561
25630
25696
25721
25750
25761
25841
25931
25938
26031
26058
26105
26206
26285
26287
26431
26447
26501
26526
26531
26582
26597
26626
26641
26674
26706
26708
26732
26758
26803
26858
26895
26901
26963
27009
27029
27131
27192
27211
27308
27375
27426
27480
27505
27509
27519
27533
27570
27672
27681
27682
27742
27800
27816
27826
27838
27865
27882
27928
27929
27939
28010
28079
28137
28162
28166
28178
28186
28197
28221
28274
28337
28373
28413
28427
28459
28476
28550
28588
28626
28663
28668
28670
28683
28693
28700
28703
28705
28797
28799
28808
28811
28831
28851
28908
28971
28995
29058
29134
29228
29256
29280
29417
29564
29593
29596
29652
29658
29680
29736
29742
29759
29793
29860
29894
29900
29925
29926
29940
29961
30005
30007
30021
30047
30082
30113
30125
30128
30142
30145
30183
30252
30262
30327
30333
30348
30427
30451
30492
30493
30495
30584
30616
30618
30636
30652
30691
30726
30776
30799
30836
30876
31012
31138
31204
31232
31264
31273
31299
31304
31367
31427
31430
31443
31463
31528
31595
31596
31615
31743
31744
31763
31789
31792
31878
31914
32039
32071
32087
32094
32096
32111
32135
32136
32223
32256
32290
32296
32356
32362
32371
32393
32513
32534
32629
32645
32662
32709
32760
32791
32819
32842
32853
32872
32967
33021
33040
33062
33074
33148
33156
33164
33235
33320
33330
33337
33346
33353
33364
33369
33409
33432
33633
33657
33667
33671
33750
33776
33834
33880
33927
34028
34167
34257
34258
34260
34311
34378
34404
34461
34537
34626
34628
34642
34666
34679
34718
34723
34728
34821
34907
34941
35022
35042
35067
35108
35140
35218
35384
35462
35516
35545
35607
35615
35696
35716
35724
35783
35805
35854
35863
35864
35867
36055
36103
36527
36549
36564
36570
36581
36608
36632
36719
36765
36811
36853
36864
36903
36911
36946
36953
37015
37067
37089
37180
37213
37231
37272
37305
37311
37439
37441
37472
37499
37511
37532
37540
37635
37654
37688
37707
37723
37726
37732
37864
37871
37876
37900
37908
37990
38010
38016
38113
38183
38196
38227
38265
38314
38320
38341
38377
38436
38475
38481
38490
38528
38552
38613
38621
38655
38716
38747
38750
38763
38787
38827
38895
38929
38937
38997
39101
39164
39206
39209
39211
39312
39354
39399
39424
39435
39455
39465
39638
39719
39742
39755
39768
39795
39941
39955
-1
