45
53
66
94
99
126
209
213
215
217
225
273
283
298
351
362
365
378
410
438
474
631
664
814
835
853
871
884
903
990
1053
1101
1117
1131
1151
1193
1230
1254
1283
1389
1426
1489
1528
1564
1677
1728
1733
1737
1782
1800
1806
1925
1939
1964
2023
2029
2082
2158
2194
2253
2255
2324
2356
2357
2493
2513
2573
2582
2640
2654
2713
2732
2807
2914
2931
2943
2956
2973
3182
3192
3316
3332
3384
3486
3543
3558
3568
3606
3653
3717
3775
3776
3825
3832
3855
3864
3869
3912
3926
3958
4038
4051
4102
4106
4126
4152
4203
4217
4229
4245
4302
4310
4314
4325
4360
4570
4628
4655
4658
4663
4683
4811
4818
4828
4877
4908
4924
4930
4985
5052
5108
5121
5337
5345
5386
5390
5412
5430
5433
5490
5570
5595
5611
5633
5640
5642
5681
5722
5751
5764
5912
5976
5985
5991
5996
6039
6047
6124
6139
6284
6313
6317
6355
6358
6386
6463
6482
6504
6511
6516
6549
6580
6601
6611
6616
6629
6635
6643
6651
6668
6685
6740
6759
6760
6769
6873
7021
7029
7115
7131
7198
7208
7213
7265
7301
7327
7334
7402
7425
7505
7511
7531
7536
7607
7673
7746
7853
7935
7992
8029
8105
8146
8225
8239
8263
8267
8283
8308
8311
8313
8357
8463
8527
8549
8571
8599
8638
8701
8798
8883
8930
9005
9055
9057
9089
9133
9137
9153
9188
9226
9232
9309
9361
9370
9392
9396
9433
9547
9557
9668
9710
9865
9959
9997
10072
10159
10168
10200
10255
10282
10288
10302
10319
10340
10389
10411
10476
10498
10637
10641
10649
10666
10703
10723
10760
10769
10817
10851
10868
10887
10965
11003
11011
11019
11053
11056
11064
11094
11136
11169
11216
11268
11279
11318
11320
11423
11424
11667
11703
11740
11750
11760
11809
11850
11851
11859
11890
11896
11950
11960
12016
12020
12024
12071
12075
12135
12156
12182
12320
12351
12362
12364
12406
12448
12513
12568
12603
12621
12644
12645
12669
12720
12725
12744
12791
12792
12900
13011
13040
13045
13056
13093
13105
13161
13225
13310
13337
13388
13402
13429
13477
13503
13532
13550
13558
13590
13615
13637
13658
13723
13756
13784
13798
13876
13924
13929
13930
13968
13973
14006
14115
14160
14207
14249
14262
14367
14379
14408
14429
14471
14492
14494
14497
14514
14551
14555
14562
14571
14615
14634
14657
14659
14750
14804
14806
14913
14999
15076
15092
15096
15183
15291
15300
15304
15416
15437
15709
15749
15834
15873
15937
15971
16024
16038
16039
16125
16141
16254
16257
16267
16272
16296
16397
16402
16438
16517
16724
16762
16779
16794
16796
16838
16882
16898
16917
16945
16971
17036
17067
17116
17124
17163
17166
17199
17227
17242
17281
17290
17292
17391
17512
17533
17633
17635
17658
17678
17717
17745
17809
17826
17893
17895
17944
17958
18084
18095
18279
18305
18365
18408
18421
18467
18486
18488
18501
18550
18589
18615
18675
18714
18793
18828
18899
18903
18913
18938
18957
19077
19145
19149
19232
19275
19283
19303
19307
19325
19348
19370
19375
19411
19419
19455
19465
19466
19516
19552
19632
19652
19738
19771
19816
19835
19839
19974
19980
20184
20235
20383
20419
20471
20485
20494
20519
20527
20608
20645
20654
20682
20714
20830
20940
20981
21020
21114
21217
21218
21277
21289
21321
21349
21353
21393
21429
21456
21462
21466
21524
21677
21702
21721
21754
21757
21789
21814
21822
21851
21891
21904
21978
21983
22091
22118
22175
22195
22214
22241
22311
22366
22388
22402
22427
22528
22550
22576
22615
22618
22620
22636
22670
22724
22726
22735
22755
22771
22862
22863
22891
23051
23075
23152
23171
23176
23215
23246
23325
23414
23453
23534
23540
23598
23635
23685
23697
23727
23748
23861
23864
23868
23903
23976
23982
24002
24017
24065
24096
24127
24144
24194
24271
24287
24289
24330
24379
24384
24478
24491
24511
24543
24571
24578
24582
24618
24638
24670
24705
24743
24815
24827
24840
24873
24991
25022
25030
25088
25094
25107
25120
25174
25206
25278
25289
25301
25333
25405
25448
25476
25532
25545
25564
25581
25622
25627
25685
25762
25848
25906
25970
25972
26008
26091
26099
26113
26212
26216
26238
26348
26403
26536
26585
26620
26662
26717
26727
26739
26808
26939
26963
27000
27259
27358
27367
27514
27531
27533
27615
27623
27718
27741
27747
27762
27839
27841
27852
27864
27876
27913
27957
28023
28107
28146
28163
28186
28213
28342
28379
28399
28469
28480
28500
28548
28594
28630
28642
28685
28704
28726
28776
28857
28859
28879
28895
28952
28995
29058
29080
29084
29106
29130
29141
29144
29165
29246
29261
29327
29335
29408
29417
29448
29466
29507
29551
29635
29726
29735
29821
29906
29917
29921
29952
29989
30078
30124
30126
30178
30194
30220
30265
30294
30300
30427
30458
30518
30714
30732
30734
30771
30818
30838
30850
30885
30935
30986
31002
31069
31095
31260
31288
31346
31356
31370
31408
31412
31414
31512
31516
31530
31538
31580
31618
31629
31643
31646
31719
31786
31885
31923
31939
31962
32061
32081
32097
32127
32156
32162
32181
32224
32240
32291
32299
32308
32375
32421
32533
32589
32614
32618
32619
32631
32681
32690
32712
32720
32737
32742
32756
32820
32828
32834
32875
32876
32879
32902
32945
33023
33063
33152
33173
33232
33245
33351
33381
33422
33449
33576
33600
33655
33665
33676
33701
33775
33796
33799
33837
33922
34035
34062
34071
34146
34204
34205
34321
34348
34412
34442
34476
34485
34515
34528
34585
34723
34837
34880
34980
35106
35115
35160
35237
35301
35318
35358
35408
35416
35476
35527
35608
35668
35671
35676
35810
35865
35905
35918
35970
35975
35996
36054
36055
36113
36152
36162
36213
36445
36456
36461
36489
36501
36519
36547
36551
36562
36568
36595
36628
36660
36701
36837
36861
36990
37031
37074
37178
37199
37395
37418
37425
37446
37448
37494
37567
37645
37661
37722
37724
37751
37786
37792
37882
37890
37948
37970
37986
38032
38120
38129
38144
38186
38190
38257
38440
38455
38475
38477
38518
38526
38564
38632
38641
38643
38675
38769
38801
38850
38858
38871
38896
38992
39003
39054
39074
39114
39148
39183
39203
39237
39242
39371
39413
39445
39448
39522
39579
39583
39651
39674
39692
39714
39720
39804
39914
39961
-1
