15
55
75
143
183
347
375
462
516
584
598
649
666
707
748
924
942
989
997
1011
1029
1152
1188
1204
1205
1225
1288
1342
1420
1477
1514
1712
1781
1798
1808
1809
1835
1890
1912
1974
2001
2030
2034
2071
2153
2173
2186
2245
2248
2269
2380
2424
2432
2457
2506
2563
2665
2754
2790
2813
2847
2889
2965
2971
2977
2999
3005
3015
3051
3129
3188
3199
3223
3262
3348
3372
3377
3409
3535
3548
3592
3599
3632
3681
3748
3844
3864
3881
3882
3889
3897
3903
3965
4009
4121
4187
4224
4255
4393
4399
4533
4534
4646
4650
4671
4691
4713
4826
4978
4998
5011
5140
5145
5174
5199
5226
5234
5262
5273
5308
5320
5547
5561
5565
5665
5803
5818
5899
5958
6008
6012
6082
6086
6137
6167
6169
6216
6251
6258
6273
6290
6296
6333
6350
6351
6461
6465
6477
6508
6538
6558
6587
6604
6607
6617
6664
6742
6777
6785
6802
6882
6903
6904
6942
6971
7064
7087
7089
7131
7181
7188
7253
7297
7343
7367
7369
7425
7430
7470
7538
7594
7663
7717
7764
7873
7876
7938
7949
7981
8034
8046
8047
8050
8070
8088
8109
8157
8158
8179
8182
8198
8287
8339
8366
8419
8447
8451
8458
8474
8483
8513
8554
8556
8592
8616
8624
8671
8682
8771
8806
8838
8860
8896
8984
9004
9036
9053
9074
9090
9158
9197
9208
9321
9338
9408
9420
9507
9558
9629
9643
9685
9726
9763
9877
9919
9930
9999
10062
10082
10176
10205
10281
10320
10324
10407
10491
10553
10567
10592
10595
10605
10719
10765
10900
10950
10974
11029
11079
11084
11094
11098
11118
11129
11138
11141
11205
11273
11290
11318
11331
11386
11388
11390
11423
11442
11489
11492
11511
11518
11541
11591
11664
11767
11832
11854
11896
11938
12097
12119
12122
12365
12425
12526
12538
12545
12592
12615
12656
12773
12820
12848
12891
12906
12940
12948
13001
13002
13034
13114
13120
13133
13147
13165
13194
13210
13287
13304
13390
13392
13401
13580
13611
13633
13771
13820
13837
13844
13941
14110
14156
14236
14304
14342
14347
14363
14400
14415
14416
14463
14694
14728
14740
14742
14808
14874
14920
14930
14947
15036
15100
15123
15168
15193
15194
15217
15253
15269
15297
15366
15381
15453
15464
15483
15502
15532
15536
15547
15600
15688
15704
15733
15813
15992
15999
16012
16023
16084
16123
16191
16211
16244
16288
16579
16629
16632
16646
16654
16705
16723
16764
16799
16802
16828
16840
16869
16895
16934
17038
17089
17100
17199
17253
17348
17355
17396
17432
17438
17455
17470
17534
17550
17573
17611
17706
17720
17756
17977
18003
18039
18046
18091
18114
18174
18195
18207
18322
18353
18360
18396
18446
18516
18535
18570
18638
18645
18692
18697
18740
18798
18819
18823
18884
18913
18928
18947
19055
19068
19104
19149
19151
19154
19178
19240
19267
19279
19296
19319
19334
19337
19345
19360
19422
19423
19428
19442
19457
19512
19559
19573
19584
19656
19675
19685
19706
19736
19739
19754
19956
19961
19996
20061
20073
20087
20128
20138
20149
20179
20183
20194
20199
20219
20258
20364
20414
20479
20491
20555
20572
20599
20629
20657
20729
20919
20945
20985
21076
21088
21107
21164
21226
21238
21256
21294
21312
21354
21378
21382
21497
21582
21583
21692
21782
21823
21853
21932
21966
21986
22002
22038
22097
22181
22275
22280
22362
22369
22388
22466
22516
22522
22541
22553
22596
22650
22696
22717
22821
22864
22966
22999
23003
23008
23035
23055
23057
23101
23126
23147
23175
23267
23268
23392
23483
23513
23534
23549
23573
23597
23606
23626
23648
23685
23760
23778
23852
23894
24004
24024
24091
24101
24104
24130
24132
24148
24157
24162
24338
24420
24489
24541
24549
24714
24769
24781
24797
24849
24910
24941
24974
25006
25017
25033
25034
25057
25078
25101
25103
25106
25111
25138
25215
25271
25281
25338
25367
25411
25428
25467
25539
25574
25581
25589
25591
25607
25627
25651
25796
25859
25864
25872
25936
25965
26003
26005
26040
26086
26117
26119
26168
26236
26256
26417
26456
26469
26524
26654
26664
26677
26737
26740
26800
26808
26813
26820
26822
26828
26982
27012
27023
27046
27065
27098
27110
27157
27183
27197
27211
27237
27250
27257
27288
27307
27310
27318
27340
27341
27344
27363
27386
27530
27587
27635
27719
27731
27738
27744
27842
27879
27897
27913
27954
27963
27984
27989
28052
28112
28131
28148
28162
28163
28187
28205
28300
28365
28396
28464
28482
28502
28543
28558
28580
28598
28604
28606
28633
28665
28683
28737
28905
28910
28920
28978
28984
28986
29016
29028
29074
29175
29227
29250
29284
29286
29297
29313
29316
29348
29407
29450
29474
29481
29499
29537
29539
29567
29572
29592
29707
29726
29727
29742
29806
29839
29841
29887
29898
29922
29948
29973
30043
30053
30195
30226
30256
30272
30404
30414
30506
30568
30573
30574
30608
30666
30738
30769
30825
30922
30930
30932
30945
31025
31030
31035
31046
31119
31200
31215
31219
31353
31428
31475
31505
31511
31603
31656
31668
31717
31762
31765
31808
31861
31878
31883
31902
31927
31943
31976
32015
32018
32019
32061
32105
32147
32159
32312
32425
32473
32581
32602
32636
32644
32673
32709
32721
32739
32789
32823
32845
32848
32912
32927
32931
32953
32959
33043
33046
33085
33173
33179
33254
33281
33290
33329
33390
33392
33486
33571
33573
33673
33677
33688
33790
33845
33936
33938
33994
34095
34142
34150
34200
34233
34242
34304
34314
34319
34326
34414
34417
34452
34483
34563
34619
34678
34798
34822
34825
34880
34901
34951
34975
35030
35066
35089
35092
35200
35242
35351
35450
35477
35478
35549
35571
35716
35734
35861
35928
35966
36000
36064
36081
36112
36122
36153
36417
36559
36567
36644
36652
36697
36773
36857
36863
36927
37015
37046
37114
37201
37225
37245
37276
37288
37294
37308
37370
37414
37420
37431
37437
37498
37599
37653
37670
37674
37677
37736
37776
37889
37961
38106
38134
38176
38190
38201
38240
38319
38332
38386
38412
38505
38512
38551
38586
38658
38689
38696
38710
38760
38769
38770
38838
38867
38910
38951
38990
38992
38996
39086
39099
39177
39213
39309
39329
39430
39443
39503
39511
39585
39596
39599
39637
39674
39690
39703
39775
39796
39824
39850
39851
39868
39879
39991
39997
-1
