39
95
139
141
142
157
210
261
284
343
388
441
485
526
576
615
619
623
664
808
820
844
958
990
1057
1062
1137
1199
1200
1210
1226
1283
1299
1370
1377
1379
1399
1471
1548
1621
1745
1746
1773
1831
1833
1914
1943
2011
2060
2094
2112
2119
2129
2136
2156
2161
2188
2215
2220
2265
2282
2304
2308
2341
2358
2369
2384
2393
2445
2476
2572
2620
2695
2714
2787
2822
2888
2903
2948
3088
3092
3113
3116
3121
3134
3160
3196
3215
3218
3272
3324
3325
3344
3364
3418
3440
3491
3572
3587
3592
3613
3654
3690
3720
3724
3774
3782
3800
3818
3902
3924
3972
3986
3989
4064
4088
4120
4133
4134
4164
4192
4264
4296
4373
4424
4457
4460
4485
4532
4543
4544
4554
4558
4574
4627
4631
4649
4689
4726
4794
4837
4857
4894
4895
5014
5027
5043
5044
5098
5111
5236
5414
5527
5556
5581
5583
5620
5721
5738
5759
5794
5836
5858
5947
5958
5973
6039
6067
6073
6161
6184
6283
6322
6325
6343
6347
6477
6492
6615
6665
6669
6721
6772
6778
6798
6814
6868
6906
6939
6959
6988
7013
7169
7170
7177
7199
7254
7307
7489
7545
7601
7628
7653
7663
7821
7878
7911
7963
7985
8021
8081
8125
8147
8172
8205
8213
8244
8251
8252
8281
8283
8314
8416
8534
8549
8551
8682
8683
8690
8713
8733
8800
8803
8809
8847
8850
8875
8886
8976
8984
9032
9042
9053
9102
9124
9130
9138
9145
9153
9156
9157
9211
9260
9290
9312
9335
9404
9410
9429
9457
9487
9579
9597
9606
9619
9648
9852
9882
9891
9919
9953
9991
9998
10021
10027
10075
10083
10094
10158
10316
10343
10384
10394
10429
10430
10498
10530
10585
10664
10732
10735
10764
10765
10820
10826
10830
10873
10879
10886
10899
10939
10958
10963
10964
11061
11072
11129
11144
11276
11289
11295
11351
11371
11429
11435
11466
11527
11528
11530
11620
11650
11675
11746
11767
11836
11843
11898
11902
12023
12038
12055
12142
12183
12205
12219
12295
12302
12322
12336
12344
12355
12444
12475
12479
12573
12608
12619
12755
12772
12788
12806
12839
12845
12865
12935
12972
13004
13140
13164
13174
13207
13234
13320
13529
13595
13607
13654
13658
13737
13766
13827
13845
13887
13896
13909
13914
13929
13931
13974
14008
14144
14155
14353
14367
14422
14455
14525
14729
14786
14804
14809
14839
14870
14995
15019
15069
15113
15125
15130
15133
15170
15172
15284
15382
15410
15553
15563
15584
15593
15613
15639
15773
15824
15964
15979
15998
16018
16062
16118
16130
16160
16166
16238
16240
16247
16249
16304
16316
16343
16382
16390
16432
16512
16513
16554
16585
16591
16679
16753
16770
16869
16904
17019
17056
17060
17089
17271
17299
17304
17355
17395
17440
17477
17483
17499
17556
17584
17614
17636
17656
17671
17835
17838
17869
17914
18053
18078
18082
18086
18266
18275
18291
18400
18427
18515
18528
18563
18576
18683
18692
18705
18754
18851
18856
18913
18942
18995
19022
19035
19180
19200
19277
19314
19325
19426
19478
19530
19565
19635
19636
19801
19887
19889
19898
19975
20001
20046
20080
20101
20121
20130
20169
20196
20201
20243
20278
20300
20380
20402
20526
20574
20606
20620
20674
20687
20691
20700
20822
20858
20912
20955
20964
20987
20991
21042
21131
21217
21260
21314
21392
21393
21394
21495
21499
21505
21567
21573
21612
21666
21699
21722
21737
21808
21813
21857
21927
21954
21987
21994
22072
22078
22081
22090
22184
22215
22231
22292
22296
22352
22435
22476
22493
22505
22536
22592
22692
22808
22852
22899
22923
22926
22952
22973
23072
23093
23196
23228
23244
23257
23364
23442
23467
23472
23474
23541
23566
23750
23767
23787
23840
23919
24001
24021
24040
24137
24143
24148
24241
24255
24277
24336
24466
24469
24531
24546
24583
24607
24632
24676
24679
24684
24686
24697
24727
24734
24869
24876
24943
24981
25055
25069
25077
25174
25203
25325
25348
25388
25411
25414
25471
25516
25613
25642
25667
25684
25698
25709
25822
25849
25949
25977
26003
26034
26088
26122
26129
26163
26205
26226
26376
26399
26422
26448
26466
26497
26498
26537
26619
26778
26865
26888
26893
27002
27166
27187
27220
27276
27313
27431
27432
27486
27525
27530
27554
27636
27658
27716
27730
27808
27824
27834
27845
27928
28009
28109
28123
28249
28310
28313
28343
28413
28430
28442
28480
28483
28524
28526
28606
28608
28670
28705
28821
28847
28876
28926
28929
28934
28955
29003
29031
29053
29079
29093
29156
29242
29255
29264
29324
29403
29409
29486
29514
29517
29526
29546
29645
29669
29678
29698
29743
29747
29748
29757
29761
29779
29790
29802
29849
29859
29884
29920
29956
29976
29977
30048
30088
30105
30111
30224
30292
30365
30368
30382
30425
30516
30590
30614
30654
30659
30714
30737
30821
30830
30974
30994
31038
31092
31098
31099
31117
31129
31160
31172
31188
31202
31264
31277
31374
31376
31427
31440
31506
31543
31545
31729
31839
31897
31928
31937
31990
31991
32011
32084
32161
32167
32172
32184
32188
32213
32219
32240
32346
32364
32377
32417
32428
32451
32561
32637
32660
32665
32666
32682
32717
32826
32886
32889
32977
32989
32996
33007
33072
33077
33122
33216
33292
33328
33331
33332
33338
33360
33361
33400
33432
33488
33502
33511
33652
33694
33695
33804
33833
33836
33877
33880
33890
33925
34010
34162
34173
34233
34300
34445
34485
34515
34734
34803
34829
34858
34873
34896
34922
34998
35059
35060
35105
35107
35130
35176
35261
35295
35332
35454
35456
35485
35504
35506
35519
35663
35734
35750
35794
35795
35806
35851
35876
35901
35917
35934
35950
35966
36078
36093
36192
36259
36338
36353
36377
36450
36460
36543
36569
36609
36642
36647
36658
36689
36713
36752
36787
36954
37009
37024
37025
37080
37085
37185
37200
37238
37243
37266
37301
37338
37417
37421
37606
37649
37676
37686
37708
37736
37738
37761
37770
37963
37966
37968
37995
38008
38059
38154
38194
38231
38260
38275
38331
38435
38485
38488
38503
38566
38652
38828
38858
38888
38907
38938
38950
39144
39177
39189
39206
39245
39258
39294
39318
39329
39353
39384
39392
39407
39414
39419
39479
39489
39517
39547
39554
39602
39617
39675
39696
39803
39807
39841
39869
39895
39904
39974
39988
-1
