29
100
150
204
212
318
357
362
433
514
692
701
716
748
786
791
818
864
910
938
1016
1035
1070
1350
1440
1483
1508
1509
1713
1717
1757
1763
1769
1771
1781
1796
1867
1875
1891
2008
2094
2108
2141
2159
2189
2200
2204
2229
2265
2314
2342
2344
2381
2422
2464
2524
2569
2656
2709
2726
2768
2769
2770
2778
2802
2877
2942
2987
2990
3014
3017
3052
3056
3058
3060
3068
3097
3106
3129
3158
3217
3256
3267
3296
3306
3346
3369
3494
3510
3524
3547
3556
3609
3642
3685
3792
3799
3830
3859
3877
3884
3892
3931
3954
3976
4076
4103
4130
4350
4407
4445
4478
4496
4500
4531
4562
4620
4624
4693
4723
4749
4785
4807
4846
4875
4895
4900
4906
4924
4926
4940
4978
5009
5097
5117
5119
5133
5135
5137
5164
5269
5335
5378
5444
5524
5531
5583
5666
5683
5712
5718
5745
5783
5786
5810
5901
5955
5957
5996
6077
6121
6217
6222
6295
6316
6333
6413
6421
6455
6587
6593
6661
6928
7020
7041
7080
7134
7161
7225
7234
7273
7281
7282
7307
7345
7406
7415
7452
7489
7633
7695
7705
7793
7800
7827
7876
7879
7907
7926
8011
8014
8021
8067
8189
8213
8235
8302
8343
8425
8485
8555
8631
8666
8711
8714
8740
8816
8869
8937
9000
9056
9105
9113
9139
9154
9158
9171
9172
9191
9287
9292
9321
9332
9378
9551
9563
9587
9646
9694
9704
9772
9796
9837
9855
9896
9898
9938
9962
9970
9972
9994
10092
10119
10361
10381
10439
10495
10502
10524
10525
10595
10700
10703
10737
10739
10765
10817
10847
10880
11069
11071
11096
11144
11168
11182
11288
11335
11409
11475
11574
11595
11639
11671
11677
11700
11743
11755
11837
11842
11847
11852
11933
11969
11974
12022
12024
12029
12037
12247
12288
12429
12451
12513
12516
12523
12527
12587
12625
12636
12650
12653
12716
12731
12758
12816
12840
12945
13008
13009
13070
13118
13125
13164
13182
13215
13247
13278
13391
13396
13397
13436
13472
13606
13686
13707
13712
13754
13781
13811
13869
13880
13979
13991
14049
14070
14203
14256
14267
14323
14363
14408
14433
14448
14456
14484
14510
14526
14599
14601
14685
14712
14719
14723
14726
14746
14747
14765
14924
14952
14999
15006
15008
15011
15095
15126
15213
15249
15299
15337
15412
15558
15596
15620
15658
15768
15846
15914
15953
15969
15996
16115
16234
16269
16349
16362
16376
16397
16478
16481
16652
16815
16822
16827
16837
16839
16854
16896
16897
16916
16960
16985
17133
17134
17267
17292
17366
17435
17487
17516
17536
17556
17576
17597
17604
17633
17645
17661
17664
17674
17693
17706
17742
17783
17795
17817
17836
17903
17908
17920
17927
17961
17967
18030
18068
18072
18076
18131
18137
18150
18255
18319
18342
18403
18475
18539
18592
18652
18669
18771
18956
18968
19008
19103
19170
19292
19332
19395
19397
19407
19411
19413
19416
19427
19467
19488
19623
19684
19698
19715
19734
19782
19826
19880
19926
19934
19935
19967
19989
20059
20097
20103
20132
20152
20171
20270
20279
20288
20309
20355
20371
20405
20407
20464
20536
20544
20570
20587
20645
20754
20762
20860
20928
20964
21012
21061
21103
21130
21177
21212
21279
21290
21314
21428
21438
21508
21512
21528
21603
21685
21703
21738
21762
21863
21908
21912
21985
22000
22028
22097
22242
22244
22280
22294
22323
22329
22358
22398
22490
22496
22497
22509
22510
22516
22574
22598
22650
22732
22739
22752
22756
22815
22861
22866
22880
22995
23011
23060
23068
23113
23122
23158
23163
23174
23179
23193
23233
23268
23347
23353
23385
23416
23425
23429
23486
23511
23541
23581
23596
23648
23685
23718
23776
23802
23855
23856
23858
23884
23934
24004
24049
24075
24097
24124
24141
24217
24399
24402
24415
24429
24445
24472
24482
24495
24532
24546
24560
24561
24606
24678
24685
24720
24823
25038
25220
25357
25499
25501
25526
25561
25588
25762
25765
25796
25829
25843
25861
25864
25894
25922
25942
25968
26041
26048
26054
26081
26092
26182
26183
26255
26274
26289
26342
26351
26352
26422
26629
26683
26697
26854
26901
26905
26961
27047
27067
27104
27107
27142
27157
27287
27364
27365
27379
27386
27442
27575
27627
27628
27710
27734
27838
27861
27865
27913
27916
27925
27929
27952
27978
27998
28050
28063
28267
28281
28294
28304
28333
28339
28372
28420
28509
28513
28531
28628
28731
28751
28764
28765
28846
28866
28872
28896
28910
28914
28924
28928
28980
29012
29180
29221
29258
29294
29298
29315
29344
29458
29479
29523
29560
29564
29591
29719
29757
29792
29805
29904
29968
30034
30046
30097
30119
30148
30158
30185
30268
30272
30332
30338
30478
30482
30501
30526
30639
30668
30670
30733
30767
30826
30943
30992
31016
31021
31031
31104
31122
31143
31183
31212
31229
31233
31279
31307
31342
31396
31421
31442
31462
31540
31544
31562
31712
31746
31805
31915
31941
31945
32008
32011
32046
32223
32257
32274
32283
32327
32342
32420
32496
32498
32579
32599
32603
32636
32637
32682
32695
32731
32902
32932
32942
32959
33026
33050
33064
33102
33205
33284
33364
33373
33441
33442
33451
33473
33532
33587
33627
33700
33761
33787
33814
33829
33891
33896
33959
33979
34004
34013
34063
34208
34209
34248
34252
34386
34422
34444
34453
34456
34514
34540
34614
34669
34672
34706
34724
34768
34789
34812
34872
34878
34940
34941
34974
34995
35018
35035
35044
35072
35108
35164
35194
35200
35225
35233
35387
35420
35468
35480
35676
35688
35689
35736
35748
35750
35752
35786
35839
35952
35999
36038
36060
36066
36087
36119
36168
36175
36272
36306
36396
36414
36469
36523
36597
36625
36633
36669
36679
36704
36705
36722
36744
36794
36849
36954
36956
37001
37002
37008
37073
37094
37183
37216
37228
37341
37355
37391
37412
37457
37522
37526
37549
37670
37679
37822
37916
37919
37931
38009
38102
38103
38107
38177
38185
38224
38253
38300
38309
38321
38338
38374
38475
38476
38479
38529
38544
38601
38631
38658
38692
38695
38734
38781
38866
38869
38983
38985
38999
39045
39102
39161
39178
39179
39226
39271
39292
39296
39301
39309
39318
39382
39432
39453
39487
39503
39530
39586
39597
39614
39635
39665
39677
39705
39721
39776
39791
39836
39841
39865
39875
39879
39907
39917
39970
-1
