5
79
123
148
154
213
251
274
278
314
319
470
482
588
597
611
624
688
764
772
777
865
873
898
964
1057
1071
1114
1142
1159
1223
1288
1305
1338
1356
1376
1419
1451
1510
1536
1554
1578
1689
1728
1774
1775
1821
1854
1868
1879
1882
1913
1974
2037
2064
2099
2100
2139
2173
2195
2206
2210
2267
2389
2538
2610
2640
2658
2668
2697
2730
2738
2780
2807
2867
2872
2944
2948
3008
3012
3058
3231
3248
3249
3255
3271
3279
3283
3339
3343
3352
3439
3441
3442
3450
3529
3533
3549
3553
3583
3597
3646
3660
3661
3688
3749
3765
3793
3880
3883
3906
3907
4039
4109
4112
4132
4143
4149
4206
4282
4348
4370
4392
4395
4425
4453
4492
4551
4601
4644
4708
4722
4733
4761
4847
4849
4898
4899
4900
4950
4974
4992
5075
5100
5121
5128
5130
5182
5236
5255
5264
5305
5314
5372
5405
5465
5588
5619
5620
5707
5710
5866
5903
5912
5917
5934
5939
6028
6256
6268
6299
6322
6337
6408
6420
6540
6545
6644
6655
6661
6664
6763
6777
6799
6832
6865
6873
6893
6907
6924
6957
6971
6977
6985
7003
7009
7023
7051
7054
7063
7067
7106
7107
7167
7179
7248
7300
7339
7354
7409
7500
7577
7597
7631
7637
7639
7672
7689
7694
7806
7845
7862
7869
8041
8075
8116
8139
8176
8193
8202
8247
8267
8285
8299
8331
8385
8498
8499
8536
8580
8701
8716
8723
8760
8770
8800
8857
8876
8899
8931
8981
9012
9026
9040
9072
9144
9149
9213
9221
9275
9290
9324
9352
9361
9390
9425
9438
9462
9475
9507
9514
9525
9559
9568
9587
9639
9659
9681
9725
9752
9771
9789
9981
9996
10000
10010
10027
10078
10121
10133
10321
10395
10406
10516
10554
10673
10674
10708
10717
10758
10775
10831
10912
10930
10967
10996
11046
11054
11110
11152
11159
11201
11301
11334
11337
11346
11352
11399
11430
11446
11473
11485
11489
11519
11598
11632
11664
11697
11757
11839
11843
11913
11948
12128
12193
12227
12295
12332
12337
12449
12510
12531
12555
12558
12562
12567
12580
12590
12647
12650
12685
12745
12800
12803
12846
12847
12874
12916
12956
13007
13024
13035
13065
13200
13491
13603
13608
13694
13858
13892
14036
14085
14098
14129
14225
14264
14332
14362
14514
14537
14624
14628
14713
14725
14743
14757
14827
14846
14942
15025
15044
15050
15079
15097
15118
15153
15174
15175
15181
15234
15238
15258
15263
15296
15312
15319
15365
15426
15517
15570
15595
15600
15605
15633
15684
15709
15761
15802
15863
15887
15931
15937
15977
15986
16048
16096
16129
16210
16319
16373
16401
16422
16512
16540
16570
16581
16588
16681
16742
16759
16775
16833
16845
16863
16864
16886
16989
17033
17110
17118
17142
17220
17227
17350
17387
17396
17425
17439
17480
17481
17484
17536
17591
17711
17841
17845
17903
17908
18020
18027
18056
18249
18252
18280
18306
18324
18355
18368
18403
18440
18463
18506
18517
18541
18600
18605
18736
18747
18787
18858
18909
18912
18945
19076
19122
19125
19289
19330
19336
19348
19358
19404
19437
19450
19483
19494
19535
19605
19665
19699
19754
19777
19793
19830
19869
19909
19919
19926
20002
20019
20023
20073
20158
20181
20191
20222
20267
20304
20321
20344
20385
20401
20414
20436
20465
20475
20483
20536
20547
20599
20636
20677
20713
20741
20756
20827
20850
20862
20906
20922
21028
21058
21092
21153
21224
21265
21347
21384
21454
21522
21559
21593
21709
21783
21797
21891
21909
22034
22055
22056
22058
22081
22113
22189
22212
22266
22274
22294
22309
22311
22335
22396
22472
22478
22497
22501
22536
22552
22566
22637
22699
22723
22790
22858
22860
22918
22936
22987
23071
23165
23193
23199
23204
23295
23322
23346
23403
23432
23498
23534
23561
23592
23602
23633
23669
23676
23725
23730
23743
23744
23863
23867
23871
23877
23907
23924
24097
24151
24157
24218
24255
24391
24489
24546
24555
24686
24696
24711
24744
24773
24811
25005
25050
25068
25086
25088
25137
25204
25454
25455
25516
25527
25556
25562
25622
25656
25676
25709
25782
25794
25816
25823
25962
25967
25999
26019
26087
26101
26119
26125
26140
26211
26282
26294
26322
26438
26456
26584
26678
26698
26773
26797
26806
26845
26888
26948
27002
27116
27127
27151
27178
27183
27353
27400
27415
27445
27449
27468
27469
27561
27576
27660
27665
27712
27741
27743
27763
27767
27790
27832
27945
27948
27973
28002
28045
28048
28074
28176
28187
28245
28265
28306
28312
28320
28344
28407
28434
28454
28581
28590
28704
28782
28784
28864
28921
28926
29030
29189
29204
29219
29359
29417
29470
29473
29593
29610
29635
29675
29739
29768
29774
29813
29867
29876
30010
30016
30018
30176
30220
30230
30231
30235
30252
30281
30293
30320
30343
30350
30425
30442
30453
30503
30506
30554
30571
30574
30607
30618
30721
30754
30757
30797
30806
30851
30882
30903
31013
31076
31126
31129
31130
31157
31180
31183
31184
31248
31261
31291
31346
31370
31402
31420
31438
31504
31543
31561
31582
31608
31631
31652
31673
31692
31708
31749
31755
31766
31824
31840
31895
31979
32088
32100
32215
32274
32288
32364
32423
32436
32467
32568
32569
32571
32624
32635
32642
32738
32800
32927
32958
32985
32987
32989
33039
33045
33050
33057
33073
33091
33094
33110
33181
33215
33217
33280
33329
33378
33401
33452
33490
33521
33537
33573
33673
33720
33725
33837
33895
33896
33935
33944
33967
33986
34081
34134
34257
34265
34503
34512
34547
34573
34608
34611
34637
34830
34840
34863
34931
35038
35064
35110
35119
35254
35264
35269
35296
35298
35313
35372
35378
35408
35411
35455
35492
35569
35572
35659
35665
35771
35789
35791
35794
35845
35886
35899
35909
36025
36030
36053
36078
36088
36200
36264
36307
36339
36400
36414
36480
36497
36507
36552
36575
36606
36768
36769
36774
36834
36854
36932
37040
37097
37171
37187
37259
37287
37297
37454
37642
37651
37708
37710
37810
37832
37911
37915
37954
37992
38082
38195
38240
38248
38337
38356
38500
38526
38535
38575
38643
38763
38813
38820
38908
38922
38927
38930
38951
39003
39008
39012
39073
39098
39153
39157
39164
39172
39255
39279
39320
39326
39385
39394
39440
39451
39573
39665
39705
39723
39814
39865
39947
39976
-1
