131
168
276
277
351
370
390
425
496
545
570
587
606
621
636
674
686
694
696
733
751
798
932
934
947
964
1032
1064
1175
1321
1351
1579
1587
1604
1632
1639
1679
1692
1705
1718
1730
1737
1838
1887
1889
1895
1916
1982
2030
2098
2243
2248
2318
2340
2374
2389
2430
2446
2447
2541
2565
2653
2744
2756
2758
2761
2806
2811
2847
2870
2949
2980
2999
3035
3158
3186
3233
3264
3278
3487
3514
3573
3616
3780
3809
3830
3845
3914
3923
3968
4012
4033
4103
4111
4122
4146
4158
4188
4231
4278
4314
4347
4394
4408
4464
4487
4514
4516
4538
4618
4690
4727
4731
4737
4744
4758
4775
4807
4854
4870
4900
4902
4938
4941
4998
5079
5193
5285
5300
5323
5403
5436
5646
5680
5716
5768
5810
5838
5876
5880
5898
5934
5953
5980
6020
6081
6094
6131
6141
6146
6199
6223
6240
6293
6308
6384
6431
6438
6533
6595
6605
6623
6639
6647
6677
6690
6724
6734
6763
6810
6832
6838
6874
6878
6911
6935
7046
7065
7201
7205
7224
7291
7303
7369
7395
7444
7519
7617
7643
7644
7666
7677
7712
7741
7774
7787
7874
7987
7994
8024
8043
8129
8136
8141
8303
8310
8325
8332
8377
8421
8424
8466
8500
8525
8542
8554
8561
8577
8660
8682
8715
8741
8749
8915
8946
8958
8993
9015
9078
9143
9248
9273
9341
9343
9380
9385
9389
9447
9515
9531
9532
9623
9754
9761
9774
9780
10005
10087
10164
10167
10195
10283
10335
10364
10389
10455
10497
10549
10557
10581
10592
10619
10680
10753
10754
10774
10787
10790
10836
10861
10879
10917
10918
10942
11018
11020
11021
11025
11047
11219
11274
11285
11421
11441
11478
11513
11524
11559
11561
11572
11591
11621
11625
11654
11660
11746
11839
11864
11891
11902
11952
11965
11969
12070
12086
12093
12145
12172
12184
12188
12199
12266
12281
12303
12354
12397
12416
12420
12680
12759
12809
12828
12840
12843
12846
12851
12926
12961
13028
13096
13098
13144
13260
13306
13368
13379
13469
13488
13525
13590
13605
13688
13716
13756
13760
13770
13775
13816
13824
14088
14161
14269
14341
14359
14363
14420
14429
14521
14552
14572
14622
14633
14664
14709
14768
14787
14823
14854
14864
14887
14899
14943
14969
15014
15015
15053
15062
15074
15086
15353
15362
15399
15421
15447
15448
15523
15657
15717
15720
15754
15768
15779
15807
15815
15828
15849
15858
15890
15931
15980
16072
16107
16208
16225
16301
16517
16558
16572
16601
16637
16681
16730
16752
16766
16778
16779
16802
16842
16893
16936
16998
17020
17029
17242
17371
17405
17411
17537
17556
17558
17592
17595
17668
17689
17714
17801
17866
17953
17976
18054
18066
18109
18141
18176
18274
18298
18315
18348
18393
18453
18465
18472
18559
18563
18565
18600
18605
18614
18662
18741
18791
18849
18864
18866
18874
18944
19031
19238
19260
19364
19382
19514
19554
19560
19600
19698
19714
19729
19777
19816
19848
19859
19873
19882
19907
19917
20090
20099
20125
20145
20214
20216
20230
20237
20313
20360
20485
20493
20527
20565
20569
20679
20705
20739
20769
20772
20794
20800
20808
20847
20856
21012
21013
21095
21118
21129
21145
21222
21236
21298
21315
21321
21345
21352
21372
21418
21431
21453
21530
21531
21797
21799
21887
21909
21987
22036
22069
22094
22120
22211
22248
22272
22279
22311
22330
22331
22370
22395
22425
22505
22523
22581
22608
22617
22634
22656
22688
22725
22773
22965
23011
23052
23055
23065
23103
23107
23133
23238
23312
23351
23376
23399
23423
23466
23554
23566
23567
23590
23678
23747
23760
23807
23814
23855
23916
24115
24119
24134
24239
24253
24269
24323
24326
24327
24368
24377
24390
24407
24449
24465
24498
24607
24671
24703
24710
24752
24759
24809
24876
24889
24890
24909
24990
25009
25038
25055
25073
25099
25173
25183
25214
25237
25362
25363
25402
25430
25530
25623
25742
25788
25851
25885
25900
26050
26062
26067
26090
26099
26138
26140
26191
26201
26277
26297
26343
26372
26381
26389
26407
26412
26574
26583
26606
26626
26636
26652
26656
26810
26829
26849
26853
26904
26995
26996
27044
27052
27072
27135
27153
27211
27255
27257
27294
27315
27365
27396
27405
27415
27465
27542
27573
27586
27607
27608
27721
27826
27827
27864
27879
27904
27959
27987
28089
28099
28101
28103
28185
28214
28287
28416
28441
28469
28503
28505
28592
28636
28711
28770
28774
28862
28892
28947
28973
28996
29139
29157
29183
29201
29259
29267
29311
29317
29336
29452
29488
29497
29610
29776
29783
29879
29898
29929
29934
29963
29969
29977
30144
30190
30192
30334
30354
30368
30386
30395
30486
30494
30611
30612
30625
30663
30690
30744
30746
30793
30809
30812
30903
30947
30982
31017
31096
31116
31170
31172
31212
31273
31336
31449
31489
31522
31529
31563
31589
31652
31672
31734
31744
31832
31944
31949
31961
31985
32018
32019
32023
32065
32092
32128
32157
32168
32190
32305
32307
32318
32384
32410
32448
32462
32495
32511
32518
32693
32743
32746
32757
32758
32818
32823
32879
32898
32907
32937
32955
32962
32972
32973
32976
33037
33149
33234
33277
33364
33442
33516
33524
33537
33580
33591
33660
33688
33700
33797
33802
33835
33849
33874
33877
33893
33898
33903
33967
34029
34105
34132
34207
34213
34307
34340
34345
34356
34364
34420
34426
34429
34473
34491
34504
34519
34526
34575
34595
34620
34621
34679
34694
34773
34777
34803
34822
34907
34930
34969
34992
35115
35132
35172
35289
35293
35297
35303
35364
35403
35406
35431
35433
35467
35469
35470
35505
35535
35556
35575
35586
35589
35632
35684
35728
35744
35754
35759
35766
35850
35897
35998
36016
36053
36059
36159
36212
36277
36342
36374
36388
36414
36421
36444
36447
36486
36504
36611
36631
36672
36747
36751
36759
36785
36833
36887
37027
37031
37066
37255
37283
37312
37379
37427
37428
37461
37469
37542
37594
37596
37636
37652
37669
37681
37718
37733
37761
37764
37773
37807
37818
37872
37894
37944
37969
38084
38104
38108
38222
38227
38289
38328
38398
38442
38537
38572
38576
38598
38642
38681
38723
38745
38873
39004
39029
39058
39105
39156
39187
39221
39239
39242
39260
39264
39324
39379
39473
39482
39486
39497
39629
39740
39743
39749
39759
39764
39859
39896
-1
