12
83
89
93
94
119
138
213
231
242
244
260
278
297
366
444
497
536
545
587
595
606
612
754
800
890
931
934
940
946
951
961
1016
1026
1082
1118
1130
1303
1345
1426
1525
1527
1539
1590
1792
1805
1817
1949
1984
2065
2081
2235
2250
2278
2379
2414
2422
2444
2464
2489
2501
2604
2642
2652
2781
2831
2871
2873
2875
2907
2987
2991
3048
3148
3225
3229
3280
3330
3391
3452
3588
3687
3696
3705
3756
3790
3808
3816
3844
3910
3925
3956
4034
4093
4096
4181
4193
4208
4306
4308
4331
4336
4380
4420
4440
4449
4567
4574
4588
4658
4755
4850
4907
4930
4932
4938
5005
5018
5057
5138
5141
5159
5189
5245
5268
5271
5285
5306
5317
5351
5364
5463
5470
5481
5518
5574
5586
5641
5750
5767
5794
5833
5854
5895
5918
5922
5927
5949
5951
5992
6022
6023
6090
6138
6199
6200
6239
6257
6263
6343
6399
6420
6432
6498
6529
6558
6597
6606
6610
6626
6654
6684
6696
6713
6806
6837
6845
6867
6878
6886
6913
6922
6983
6996
7083
7123
7153
7154
7182
7252
7334
7373
7382
7436
7444
7472
7507
7525
7586
7613
7683
7714
7723
7757
7771
7779
7870
7930
7932
7976
8055
8143
8172
8210
8225
8274
8285
8287
8375
8394
8404
8409
8457
8468
8512
8525
8527
8579
8688
8740
8790
8833
9027
9062
9085
9110
9120
9157
9166
9271
9283
9472
9507
9518
9556
9557
9610
9676
9728
9770
9796
9877
9896
9900
9951
9983
10042
10049
10052
10070
10094
10134
10176
10194
10266
10313
10331
10342
10384
10424
10450
10466
10472
10481
10556
10598
10615
10645
10698
10781
10821
10829
10845
10944
11030
11084
11092
11127
11149
11195
11239
11271
11273
11284
11303
11309
11316
11402
11429
11448
11451
11481
11483
11606
11613
11614
11669
11696
11720
11756
11781
11782
11790
11813
11815
11893
11919
11988
12000
12049
12067
12102
12117
12199
12284
12340
12344
12422
12428
12481
12488
12489
12606
12717
12725
12752
12778
12871
12872
12877
12881
12909
12936
13010
13056
13066
13088
13156
13177
13181
13201
13425
13437
13458
13505
13507
13561
13605
13650
13656
13692
13711
13733
13737
13760
13777
13786
13874
13938
13989
13990
14043
14096
14108
14111
14166
14185
14234
14298
14366
14373
14416
14419
14463
14545
14564
14654
14661
14745
14772
14916
14971
14985
15015
15023
15065
15113
15167
15211
15219
15412
15416
15463
15503
15524
15546
15561
15576
15617
15625
15638
15700
15710
15725
15851
15868
15897
15901
15964
15993
16000
16009
16077
16191
16216
16242
16252
16342
16393
16403
16531
16546
16574
16579
16598
16689
16706
16715
16760
16813
16822
16823
16857
16900
16912
16921
16950
16967
16979
17003
17180
17215
17230
17260
17401
17427
17502
17543
17557
17561
17563
17597
17598
17603
17704
17705
17714
17733
17769
17789
17813
17931
17933
18001
18021
18119
18208
18225
18295
18374
18402
18563
18586
18600
18620
18718
18782
18788
18796
18844
18904
18935
19011
19014
19073
19140
19163
19223
19295
19298
19312
19384
19390
19435
19436
19444
19452
19567
19720
19721
19826
19862
19901
19967
20031
20041
20048
20060
20061
20169
20177
20209
20240
20243
20263
20275
20280
20301
20304
20310
20313
20400
20444
20484
20519
20603
20660
20669
20685
20720
20733
20755
20787
20835
20846
20897
20944
20970
20989
20999
21041
21078
21178
21182
21243
21255
21272
21294
21349
21502
21521
21594
21686
21718
21740
21912
21948
21953
21969
22023
22091
22181
22228
22231
22251
22272
22464
22468
22474
22498
22541
22612
22685
22747
22802
22825
22853
22875
22952
22994
23002
23019
23044
23085
23089
23138
23139
23180
23227
23239
23477
23490
23514
23519
23642
23645
23653
23656
23657
23664
23682
23698
23721
23740
23763
23770
23832
23843
23861
23914
23954
23971
24003
24016
24026
24029
24072
24152
24161
24230
24232
24245
24248
24270
24328
24376
24410
24442
24451
24506
24535
24607
24660
24832
24866
24904
24945
24970
25036
25115
25248
25414
25464
25500
25569
25609
25615
25654
25657
25664
25691
25705
25710
25773
25791
25820
25821
25845
25848
25954
25986
25990
26039
26082
26096
26123
26135
26148
26244
26256
26414
26510
26551
26634
26687
26689
26728
26824
26840
26844
26945
26947
26958
26963
26974
26996
27054
27072
27189
27196
27198
27238
27258
27297
27460
27497
27544
27750
27764
27828
27845
27889
27913
27994
28004
28019
28060
28117
28140
28183
28198
28205
28233
28242
28264
28324
28331
28382
28410
28605
28609
28617
28738
28814
28935
29064
29069
29087
29122
29162
29172
29243
29245
29277
29279
29289
29369
29423
29473
29532
29576
29660
29679
29695
29793
29842
29858
29885
30061
30102
30111
30133
30358
30397
30403
30420
30603
30607
30626
30645
30706
30709
30789
30798
30842
30847
30919
30965
30970
31004
31013
31089
31093
31177
31207
31334
31360
31436
31462
31516
31585
31667
31714
31716
31736
31761
31797
31937
31961
32031
32080
32111
32215
32222
32228
32292
32339
32361
32363
32366
32394
32418
32494
32622
32659
32688
32708
32723
32741
32883
32936
32938
32984
32986
33029
33063
33147
33157
33235
33257
33263
33284
33301
33304
33366
33402
33469
33473
33504
33545
33592
33645
33668
33702
33709
33725
33777
33843
33861
33866
33879
34034
34041
34055
34076
34111
34247
34251
34460
34470
34480
34531
34618
34629
34652
34671
34743
34770
34776
34830
34831
34879
34950
34988
35023
35073
35098
35107
35124
35129
35146
35157
35209
35291
35330
35364
35473
35536
35546
35718
35720
35744
35795
35797
35834
35910
35983
35990
36205
36209
36235
36318
36329
36358
36402
36457
36581
36582
36655
36670
36694
36723
36738
36752
36821
36826
36843
36849
36913
36991
37022
37031
37143
37150
37191
37222
37263
37346
37347
37372
37427
37448
37481
37513
37519
37546
37557
37606
37611
37677
37700
37728
37730
37734
37744
37979
38068
38192
38224
38316
38348
38353
38366
38371
38401
38433
38456
38553
38598
38599
38632
38633
38700
38724
38733
38827
38850
38880
38916
38937
38963
39060
39072
39073
39078
39124
39168
39175
39272
39288
39299
39301
39307
39335
39427
39432
39433
39561
39610
39665
39680
39742
39770
39792
39823
39857
39858
39905
39954
39978
-1
