25
50
60
79
135
159
198
223
253
271
285
335
355
361
450
475
536
600
605
645
654
748
837
904
909
915
919
928
979
1078
1100
1105
1183
1185
1194
1201
1213
1277
1349
1358
1409
1444
1449
1452
1468
1476
1552
1580
1582
1590
1814
1863
1876
1890
1898
1913
1920
1921
1922
1948
2021
2090
2107
2173
2222
2271
2312
2341
2355
2362
2372
2396
2427
2546
2705
2740
2803
2826
3014
3016
3023
3096
3106
3239
3250
3267
3310
3324
3369
3378
3379
3405
3418
3490
3507
3515
3523
3572
3643
3660
3823
3864
3878
3895
3975
3978
3990
4000
4001
4036
4059
4097
4116
4202
4246
4344
4385
4403
4423
4492
4507
4521
4662
4737
4757
4804
4819
4867
4876
4882
5024
5069
5079
5156
5213
5324
5337
5340
5381
5440
5454
5506
5512
5524
5567
5575
5664
5696
5708
5718
5726
5775
5779
5788
5839
5851
5932
5934
5990
6016
6036
6054
6122
6211
6227
6242
6246
6263
6313
6323
6388
6428
6432
6448
6459
6539
6546
6549
6616
6618
6670
6688
6713
6716
6757
6807
6832
6840
6868
6869
6885
6931
7008
7015
7040
7074
7104
7117
7158
7242
7436
7479
7534
7579
7587
7610
7613
7621
7653
7678
7796
7867
7907
7989
7995
8047
8096
8193
8250
8289
8340
8377
8410
8476
8507
8602
8707
8810
8925
8945
8960
8993
8998
9016
9043
9047
9072
9092
9129
9134
9184
9190
9224
9375
9473
9531
9543
9565
9601
9684
9861
9881
9886
9903
9975
10020
10056
10086
10180
10224
10279
10321
10432
10467
10471
10849
10884
10914
10921
10922
10936
11021
11060
11091
11138
11220
11232
11312
11321
11343
11356
11385
11393
11409
11472
11503
11551
11556
11595
11611
11650
11687
11735
11775
11803
11813
11847
11902
11949
11978
11981
11991
12072
12121
12137
12168
12213
12320
12342
12375
12385
12392
12444
12455
12467
12470
12550
12602
12661
12669
12681
12689
12704
12708
12717
12814
12833
12881
12918
12942
13061
13176
13184
13208
13229
13278
13358
13411
13480
13481
13595
13630
13699
13728
13790
13845
13853
13893
13900
13996
14008
14064
14069
14127
14152
14221
14234
14320
14331
14352
14367
14400
14420
14438
14482
14491
14495
14589
14607
14613
14614
14747
14774
14789
14794
14808
14814
14880
14888
14910
14958
15045
15090
15105
15169
15202
15203
15217
15245
15374
15382
15414
15515
15581
15583
15620
15623
15705
15735
15750
15776
15785
15802
15924
16068
16112
16210
16212
16217
16237
16251
16282
16289
16333
16346
16352
16392
16398
16439
16505
16519
16521
16657
16705
16772
16819
16869
16881
16916
16923
16938
16967
16970
16980
16995
17047
17075
17089
17111
17216
17273
17318
17331
17365
17371
17372
17433
17441
17448
17462
17481
17494
17618
17635
17657
17661
17678
17711
17722
17750
17781
17782
17855
17911
17926
17970
17989
17995
18002
18037
18042
18067
18102
18135
18139
18162
18252
18282
18331
18397
18633
18644
18674
18784
18808
18831
18989
18998
19017
19104
19111
19112
19125
19137
19142
19219
19250
19265
19450
19465
19495
19640
19691
19702
19710
19715
19740
19776
19781
19852
19885
19916
19958
20005
20018
20047
20096
20118
20132
20146
20208
20230
20260
20272
20305
20312
20314
20379
20523
20635
20672
20695
20730
20753
20778
20808
20838
20839
20849
20874
20925
20983
21075
21111
21122
21162
21172
21218
21238
21251
21255
21285
21300
21346
21352
21400
21464
21479
21525
21537
21548
21568
21614
21706
21709
21761
21768
21799
21819
21915
21920
22031
22198
22293
22336
22413
22448
22453
22552
22563
22575
22597
22638
22686
22715
22721
22829
22870
22878
22885
22893
22975
22984
23027
23064
23075
23240
23247
23387
23583
23601
23628
23633
23687
23690
23691
23729
23861
23884
23929
23990
24021
24061
24141
24150
24154
24226
24287
24381
24383
24456
24491
24495
24512
24568
24718
24814
24869
24898
24900
24991
25004
25101
25201
25248
25264
25359
25393
25421
25431
25438
25525
25540
25558
25592
25626
25680
25713
25787
25862
25954
26006
26024
26098
26183
26248
26355
26379
26383
26414
26434
26448
26527
26530
26678
26683
26759
26799
26868
26958
26982
26983
27059
27090
27093
27109
27178
27202
27219
27261
27276
27288
27329
27356
27362
27410
27463
27494
27508
27546
27581
27609
27648
27653
27655
27696
27805
27823
27826
27838
27873
27895
27928
27959
28083
28143
28199
28225
28253
28298
28307
28309
28311
28321
28346
28414
28435
28470
28531
28577
28716
28723
28781
28804
28816
28820
28836
28850
28860
29038
29118
29195
29215
29216
29224
29236
29237
29241
29242
29259
29269
29419
29444
29453
29486
29515
29531
29576
29612
29614
29633
29665
29722
29785
29913
29918
29970
29990
30003
30017
30031
30037
30095
30104
30216
30229
30269
30295
30358
30362
30372
30383
30434
30438
30440
30482
30490
30500
30610
30638
30659
30674
30680
30685
30699
30810
30817
30841
30869
30967
30997
31003
31053
31055
31062
31216
31310
31356
31358
31387
31423
31543
31559
31629
31723
31760
31794
31855
31933
31954
31978
32159
32241
32275
32293
32354
32389
32420
32471
32482
32508
32516
32542
32554
32660
32773
32809
32817
32823
32829
32883
32889
33020
33151
33190
33250
33315
33335
33339
33347
33350
33399
33503
33605
33689
33715
33783
33871
33937
33959
33966
33975
34062
34112
34128
34162
34163
34172
34249
34255
34266
34377
34385
34426
34430
34461
34489
34507
34509
34596
34623
34637
34672
34694
34796
34797
34823
34825
34839
34840
34847
34878
34917
34953
34962
34974
34977
35020
35024
35059
35118
35167
35171
35225
35312
35316
35368
35407
35425
35621
35684
35740
35760
35781
35791
35867
35868
35880
35894
35914
35937
36023
36071
36080
36157
36191
36218
36339
36418
36479
36518
36529
36579
36714
36750
36752
36772
36800
36842
37040
37053
37151
37158
37246
37303
37328
37365
37388
37455
37601
37614
37654
37697
37738
37821
37831
37901
37907
37956
37963
37990
38036
38072
38165
38181
38182
38254
38282
38387
38391
38409
38450
38492
38495
38548
38572
38717
38729
38800
38810
38826
38829
38851
38897
38921
38923
38947
38948
39002
39046
39063
39099
39148
39213
39255
39346
39395
39582
39594
39627
39685
39766
39826
39831
39847
39851
39896
39933
39970
39979
-1
