33
42
43
58
68
125
130
258
293
308
311
365
416
565
577
706
708
748
835
1014
1025
1029
1035
1070
1075
1077
1116
1193
1324
1332
1368
1386
1413
1423
1450
1456
1482
1524
1537
1592
1706
1771
1884
1892
1896
1938
1987
2061
2141
2215
2321
2354
2455
2517
2531
2584
2671
2790
2829
2837
2865
2922
3072
3100
3112
3129
3162
3182
3220
3279
3301
3312
3353
3474
3566
3585
3620
3644
3756
3776
3792
3807
3809
3871
3984
4081
4180
4205
4206
4244
4248
4254
4322
4348
4385
4422
4423
4477
4503
4531
4553
4644
4696
4811
4815
4862
4911
4917
4928
4933
4947
4977
4984
4986
5015
5042
5047
5058
5090
5103
5159
5257
5258
5287
5292
5293
5296
5312
5366
5438
5443
5479
5496
5521
5538
5546
5595
5627
5641
5646
5760
5808
5886
5912
5950
6043
6095
6106
6254
6282
6417
6475
6500
6518
6521
6544
6548
6575
6578
6581
6597
6663
6676
6704
6731
6734
6774
6776
6825
6921
6945
7033
7041
7042
7062
7095
7115
7134
7136
7149
7156
7189
7196
7233
7355
7367
7398
7494
7549
7572
7614
7621
7644
7652
7654
7682
7690
7701
7744
7765
7779
7789
7809
7854
7937
7978
8005
8031
8041
8115
8150
8205
8222
8254
8317
8360
8384
8409
8495
8507
8538
8643
8672
8684
8782
8863
8905
8909
8948
8953
8997
9053
9092
9105
9108
9110
9135
9174
9340
9361
9410
9466
9477
9503
9513
9551
9552
9750
9769
9774
9797
9917
9931
9940
9941
9943
9954
9975
10057
10067
10073
10283
10293
10306
10343
10540
10559
10638
10687
10745
10759
10784
10904
10966
10987
11022
11131
11195
11205
11210
11276
11307
11313
11379
11384
11442
11455
11495
11592
11601
11676
11745
11784
11818
11857
11893
12079
12102
12193
12246
12265
12383
12498
12628
12667
12799
12870
12918
12970
13013
13194
13235
13252
13265
13359
13422
13453
13506
13547
13556
13745
13766
13768
13781
13826
13839
13892
13916
13921
13925
13932
13957
13973
14078
14103
14105
14140
14177
14182
14183
14225
14237
14261
14267
14271
14372
14379
14436
14444
14470
14521
14533
14553
14584
14635
14643
14674
14797
14823
14829
14835
14881
14979
15030
15069
15082
15126
15142
15162
15191
15207
15217
15248
15277
15373
15423
15441
15463
15636
15718
15764
15775
15832
15936
15948
15960
15977
16042
16135
16152
16189
16200
16267
16276
16300
16306
16323
16384
16430
16447
16492
16494
16520
16797
16843
16882
16898
17092
17126
17128
17180
17218
17227
17258
17355
17394
17426
17469
17492
17496
17503
17509
17580
17604
17622
17651
17736
17742
17757
17759
17785
17795
17819
17828
17849
17947
18041
18057
18082
18097
18111
18147
18170
18212
18245
18306
18402
18424
18446
18518
18574
18669
18675
18685
18699
18702
18809
18910
18921
18923
18966
18988
19009
19017
19043
19068
19118
19135
19150
19153
19242
19293
19308
19434
19479
19533
19544
19578
19580
19664
19677
19711
19724
19756
19766
19771
19778
19788
19839
19844
19898
20061
20121
20154
20191
20214
20309
20344
20382
20399
20421
20430
20434
20474
20477
20540
20544
20585
20586
20653
20690
20718
20736
20739
20755
20797
20863
20879
20899
20950
20964
20999
21008
21086
21150
21167
21219
21225
21261
21446
21550
21612
21615
21626
21667
21698
21792
21801
21866
21887
21903
21918
21933
21956
21981
21988
22009
22013
22069
22098
22102
22126
22249
22285
22304
22355
22370
22415
22449
22466
22473
22515
22536
22537
22554
22680
22715
22777
22885
23033
23161
23166
23237
23414
23495
23639
23646
23692
23695
23745
23756
23788
23817
23829
23844
23851
23852
23854
23867
23939
23947
23963
23990
23992
24067
24157
24196
24239
24271
24365
24374
24416
24585
24601
24668
24679
24704
24745
24770
24776
24780
25007
25061
25117
25157
25214
25238
25262
25332
25350
25364
25505
25557
25585
25635
25711
25735
25773
25803
25904
25960
25997
26024
26045
26099
26127
26161
26221
26232
26251
26296
26324
26333
26362
26431
26492
26500
26504
26513
26540
26654
26726
26786
26792
26798
26877
26895
26926
26972
26998
27098
27116
27117
27178
27240
27249
27261
27262
27325
27336
27476
27514
27560
27572
27602
27643
27668
27700
27736
27777
27804
27812
27853
27939
27988
27989
28183
28185
28191
28229
28258
28315
28369
28383
28442
28464
28495
28541
28551
28602
28615
28624
28633
28676
28683
28736
28814
28854
28864
28896
28926
28973
28980
29002
29035
29090
29100
29123
29138
29258
29284
29300
29303
29321
29333
29378
29403
29480
29483
29532
29536
29584
29586
29640
29713
29778
29822
29849
29863
29887
29899
29994
30037
30049
30121
30205
30257
30273
30323
30402
30423
30456
30481
30489
30503
30584
30632
30669
30692
30735
30738
30753
30815
30907
30919
31042
31051
31053
31070
31071
31101
31112
31117
31234
31293
31300
31331
31398
31399
31480
31486
31526
31537
31540
31626
31628
31654
31725
31804
31821
31851
31867
31942
31985
32046
32058
32092
32196
32222
32234
32277
32289
32483
32510
32550
32578
32646
32666
32706
32754
32761
32777
32780
32791
32800
32919
33042
33075
33218
33236
33284
33302
33321
33389
33400
33469
33474
33497
33516
33544
33547
33550
33602
33605
33662
33777
33802
33803
33813
33817
33863
33888
33892
33900
33910
33927
33967
33990
33998
34072
34080
34100
34156
34168
34200
34241
34279
34318
34417
34479
34506
34667
34738
34757
34780
34812
34933
35017
35046
35095
35191
35199
35254
35347
35384
35444
35466
35472
35477
35482
35543
35619
35674
35697
35704
35718
35760
35795
35801
35815
35817
35824
35840
35868
35872
35886
35930
35946
35959
36076
36094
36221
36224
36263
36280
36282
36398
36409
36464
36469
36487
36522
36557
36561
36600
36669
36752
36788
36812
36851
36902
36976
37002
37005
37156
37223
37230
37273
37300
37329
37379
37444
37472
37550
37564
37581
37629
37683
37690
37754
37832
37838
37982
38063
38092
38153
38162
38204
38214
38313
38330
38386
38389
38394
38395
38433
38449
38488
38508
38525
38540
38616
38654
38770
38792
38814
38854
38897
38926
39013
39056
39074
39143
39238
39273
39352
39400
39403
39430
39472
39488
39524
39526
39571
39580
39586
39600
39607
39618
39667
39710
39713
39742
39840
39841
39861
39863
39882
39891
39899
-1
