14
45
50
55
57
90
94
98
121
144
177
215
238
255
306
357
389
398
429
460
498
564
616
649
715
861
868
869
1015
1030
1059
1072
1107
1152
1226
1311
1335
1360
1379
1416
1477
1481
1502
1528
1530
1537
1611
1717
1739
1741
1749
1801
1955
1995
2040
2128
2155
2203
2211
2230
2239
2240
2264
2280
2327
2381
2411
2416
2446
2481
2493
2523
2551
2639
2670
2800
2833
2843
2860
2957
2992
3022
3163
3172
3184
3257
3295
3392
3427
3439
3463
3487
3535
3585
3617
3629
3638
3640
3660
3688
3706
3724
3837
3886
3887
3907
3971
4090
4173
4192
4254
4299
4314
4319
4336
4348
4352
4364
4504
4515
4573
4578
4603
4627
4667
4748
4767
4809
4840
4929
4943
4973
5052
5087
5108
5187
5276
5294
5352
5480
5510
5545
5568
5597
5599
5646
5658
5669
5678
5719
5732
5734
5764
5805
5814
5842
5994
6030
6032
6084
6095
6115
6156
6159
6182
6289
6292
6333
6369
6467
6512
6573
6619
6632
6679
6688
6729
6758
6765
6769
6774
6794
6865
6869
6935
6970
7143
7151
7207
7232
7250
7401
7406
7442
7526
7631
7664
7669
7711
7759
7817
7875
7911
7944
7970
8003
8017
8033
8105
8123
8144
8249
8290
8302
8376
8444
8517
8525
8569
8589
8603
8610
8632
8660
8831
8861
8880
9016
9038
9062
9115
9121
9122
9132
9136
9279
9312
9405
9457
9559
9602
9607
9655
9674
9746
9751
9773
9810
9812
9941
10032
10042
10105
10143
10179
10183
10242
10265
10280
10304
10320
10359
10394
10435
10441
10472
10522
10533
10560
10610
10798
10846
11051
11060
11061
11069
11179
11232
11242
11324
11336
11373
11389
11393
11412
11437
11505
11516
11598
11600
11603
11619
11629
11669
11688
11869
11937
11942
12007
12023
12060
12139
12150
12245
12270
12279
12336
12360
12365
12376
12542
12560
12735
12781
12887
12906
12910
12916
12963
13000
13109
13124
13131
13177
13238
13277
13290
13366
13370
13396
13405
13425
13439
13506
13532
13598
13600
13609
13628
13640
13717
13790
13794
13803
13816
13893
13978
14029
14058
14093
14104
14105
14170
14172
14199
14246
14251
14304
14305
14382
14431
14446
14455
14524
14536
14586
14644
14688
14705
14736
14794
14837
14895
14931
14940
14954
15018
15033
15084
15133
15138
15156
15205
15230
15272
15301
15303
15364
15383
15403
15421
15429
15538
15546
15575
15602
15666
15694
15723
15728
15755
15795
15924
15967
15993
16035
16042
16083
16187
16189
16217
16220
16282
16330
16386
16489
16514
16525
16542
16589
16590
16629
16631
16683
16698
16705
16742
16743
16756
16768
16856
16884
16901
16919
16957
17039
17080
17145
17203
17276
17306
17321
17346
17437
17460
17464
17466
17471
17481
17538
17588
17653
17748
17802
17837
17895
17924
17928
17949
17967
17981
18017
18018
18030
18096
18106
18112
18182
18258
18287
18296
18319
18333
18456
18506
18526
18553
18604
18655
18674
18734
18751
18786
18793
18848
18876
18889
18923
18956
19040
19065
19076
19112
19146
19284
19293
19395
19632
19659
19671
19674
19696
19704
19753
19937
19951
19960
19982
20028
20032
20042
20112
20255
20267
20429
20433
20436
20443
20613
20636
20746
20825
20837
20889
20896
20924
20948
21084
21110
21176
21185
21200
21252
21311
21382
21411
21414
21437
21471
21534
21601
21622
21639
21660
21688
21698
21715
21737
21741
21746
21778
22044
22093
22104
22106
22107
22111
22135
22140
22178
22214
22236
22338
22389
22431
22437
22445
22454
22516
22524
22528
22531
22554
22684
22708
22761
22806
22810
22987
23003
23013
23025
23100
23137
23199
23344
23365
23401
23480
23506
23531
23592
23613
23654
23678
23703
23721
23879
23902
23905
23970
23973
23976
24022
24042
24093
24096
24117
24157
24199
24202
24218
24248
24251
24350
24431
24483
24583
24634
24636
24691
24700
24772
24802
24875
24950
24975
24980
25008
25038
25106
25134
25159
25211
25229
25298
25312
25356
25364
25373
25392
25444
25468
25487
25516
25541
25582
25638
25655
25717
25749
25758
25760
25771
25809
25850
25903
25907
25936
25966
26131
26183
26199
26223
26284
26358
26359
26370
26432
26456
26457
26518
26548
26563
26574
26575
26585
26612
26679
26690
26727
26780
26816
26886
26907
26989
27124
27140
27197
27226
27227
27378
27424
27433
27463
27543
27588
27609
27660
27685
27692
27762
27776
27779
27977
28036
28047
28071
28074
28115
28125
28205
28219
28236
28243
28281
28283
28314
28366
28399
28434
28436
28509
28512
28543
28556
28560
28576
28633
28643
28702
28832
28836
28862
28887
28902
28946
28993
28997
29025
29030
29066
29092
29119
29128
29185
29269
29296
29375
29450
29541
29555
29566
29584
29632
29677
29705
29742
29874
29880
29935
29938
30020
30075
30134
30179
30181
30196
30197
30288
30333
30341
30369
30392
30423
30469
30497
30533
30536
30601
30626
30635
30731
30745
30746
30758
30786
30846
30853
30924
31010
31026
31042
31063
31076
31117
31199
31284
31312
31346
31357
31597
31611
31635
31711
31717
31720
31834
31884
31910
31931
31932
31948
32120
32131
32149
32246
32247
32253
32292
32343
32376
32414
32434
32477
32532
32549
32550
32560
32603
32643
32672
32726
32755
32771
32832
32846
32862
32892
33054
33060
33153
33217
33256
33282
33300
33365
33411
33451
33458
33476
33549
33585
33703
33781
33788
33809
33820
33836
33949
34000
34038
34082
34085
34231
34323
34332
34415
34452
34538
34573
34576
34642
34744
34809
34868
34882
34908
34924
34939
34960
34988
35004
35029
35034
35127
35154
35174
35191
35203
35209
35235
35241
35280
35350
35402
35411
35430
35462
35485
35509
35556
35569
35591
35630
35885
35891
35958
36135
36295
36296
36328
36521
36576
36598
36605
36667
36690
36706
36730
36745
36869
36904
36989
37005
37071
37089
37133
37143
37195
37225
37366
37493
37535
37555
37559
37565
37677
37685
37728
37830
37840
37896
37916
37947
38068
38086
38090
38127
38157
38169
38196
38236
38319
38327
38339
38344
38345
38353
38371
38447
38476
38494
38557
38572
38601
38685
38705
38770
38906
38929
38987
39041
39080
39093
39096
39145
39201
39357
39363
39370
39396
39441
39481
39485
39491
39498
39512
39581
39582
39600
39681
39734
39767
39797
39800
39944
39958
39961
39998
-1
