0
111
139
178
180
307
392
397
470
478
533
546
547
621
645
680
844
949
963
986
1064
1093
1102
1193
1196
1202
1203
1212
1328
1333
1345
1360
1552
1564
1574
1596
1600
1662
1698
1762
1797
1863
1865
1874
1971
1988
2009
2061
2064
2165
2315
2332
2387
2461
2518
2520
2574
2599
2926
2960
2965
3007
3185
3263
3279
3291
3386
3389
3456
3485
3605
3662
3719
3739
3783
3784
3804
3812
3889
3901
4006
4054
4061
4077
4155
4166
4246
4296
4340
4364
4375
4408
4445
4474
4498
4570
4580
4622
4628
4665
4666
4678
4703
4727
4731
4761
4930
4935
4941
4962
4984
4998
5013
5042
5141
5142
5203
5284
5345
5416
5431
5447
5572
5575
5614
5690
5726
5761
5818
5853
5959
5973
6080
6113
6143
6170
6219
6251
6301
6344
6366
6401
6408
6462
6480
6514
6540
6544
6623
6657
6673
6695
6824
6877
6887
6915
6917
6927
6940
6974
7068
7101
7111
7115
7131
7133
7218
7219
7252
7424
7594
7647
7684
7746
7772
7817
7889
7934
7981
7986
8000
8002
8010
8015
8031
8042
8063
8069
8134
8159
8235
8237
8317
8339
8345
8360
8389
8402
8412
8438
8442
8490
8498
8499
8560
8603
8604
8624
8660
8673
8683
8724
8776
8805
8837
8838
8948
9021
9068
9071
9148
9225
9282
9334
9387
9423
9431
9482
9578
9627
9632
9686
9711
9748
9826
9848
9910
9932
10102
10103
10126
10130
10197
10231
10288
10299
10300
10316
10372
10449
10491
10496
10502
10512
10555
10564
10567
10650
10703
10707
10709
10711
10715
10773
10840
10860
10947
10970
10988
11012
11015
11026
11060
11108
11270
11342
11365
11373
11388
11419
11456
11470
11535
11592
11640
11699
11781
11791
11818
11820
11823
11828
11832
11917
12023
12051
12104
12105
12138
12207
12287
12304
12353
12369
12394
12457
12479
12487
12541
12582
12657
12705
12716
12720
12775
12778
12922
13008
13009
13031
13063
13148
13179
13267
13273
13284
13292
13350
13370
13397
13405
13482
13513
13514
13612
13699
13712
13751
13860
13944
14025
14031
14084
14103
14126
14201
14215
14234
14239
14301
14325
14377
14390
14444
14564
14586
14669
14673
14698
14812
14929
14953
14968
14969
15007
15104
15135
15172
15175
15188
15189
15212
15225
15260
15276
15346
15363
15376
15381
15395
15444
15477
15538
15571
15583
15598
15688
15703
15709
15724
15739
15761
15814
15822
15897
15903
15982
16034
16066
16073
16108
16195
16227
16295
16311
16398
16419
16437
16480
16560
16709
16725
16805
16820
16821
16864
16922
16970
16977
16980
16997
17020
17047
17077
17108
17118
17125
17151
17247
17261
17319
17347
17357
17397
17445
17497
17519
17524
17533
17542
17594
17611
17654
17677
17680
17712
17745
17751
17765
17872
17961
17968
18022
18050
18131
18167
18214
18283
18290
18299
18356
18358
18373
18399
18420
18430
18443
18600
18601
18607
18686
18719
18725
19007
19023
19146
19211
19282
19318
19404
19441
19488
19489
19550
19553
19576
19580
19679
19694
19716
19809
19816
19836
19848
19907
19924
19938
19965
20027
20038
20099
20131
20149
20173
20183
20184
20227
20230
20240
20285
20304
20347
20352
20406
20420
20447
20463
20506
20550
20675
20742
20749
20787
20825
20894
20930
21065
21191
21214
21260
21338
21346
21400
21403
21449
21462
21469
21492
21496
21533
21556
21562
21566
21628
21675
21767
21850
21870
21871
21872
21882
21890
21900
21934
21936
22009
22033
22078
22101
22179
22224
22303
22394
22432
22433
22452
22520
22523
22603
22629
22633
22678
22682
22723
22734
22743
22766
22820
22821
22831
22854
22866
22884
22911
22922
22929
22957
22979
22999
23022
23038
23050
23157
23158
23255
23261
23275
23296
23375
23422
23455
23598
23602
23628
23705
23724
23782
23832
23843
24006
24050
24088
24124
24162
24179
24215
24236
24240
24279
24286
24291
24389
24471
24479
24642
24654
24723
24738
24740
24741
24760
24779
24791
24792
24824
24845
24864
24926
24951
24969
24970
24995
25024
25044
25079
25181
25213
25236
25241
25251
25315
25339
25355
25418
25448
25456
25495
25517
25559
25601
25665
25668
25693
25730
25745
25777
25849
25881
25905
25981
25982
26006
26114
26125
26221
26250
26280
26294
26297
26313
26360
26375
26482
26483
26498
26524
26565
26575
26581
26597
26609
26651
26701
26712
26732
26815
26841
26857
26901
26948
26978
27048
27069
27090
27105
27131
27190
27197
27230
27361
27424
27441
27474
27508
27583
27610
27719
27764
27779
27799
27803
27858
27891
27932
27978
27986
28020
28242
28359
28398
28490
28557
28591
28730
28931
28965
29070
29125
29132
29212
29251
29288
29305
29337
29348
29359
29470
29495
29519
29580
29646
29682
29694
29756
29760
29807
29838
29846
29946
30055
30073
30131
30137
30273
30296
30306
30315
30380
30410
30412
30432
30450
30495
30512
30516
30578
30612
30637
30731
30737
30758
30825
30864
30919
30990
31089
31100
31104
31117
31139
31155
31201
31247
31298
31300
31344
31363
31375
31386
31437
31492
31559
31589
31775
31805
31808
31836
31877
31910
31914
31981
31987
32082
32096
32162
32218
32242
32250
32464
32470
32501
32510
32515
32569
32641
32685
32704
32718
32735
32747
32754
32776
32814
32834
32972
33078
33113
33126
33174
33201
33213
33280
33296
33300
33325
33376
33379
33383
33457
33534
33548
33597
33678
33751
33805
33830
33858
33874
34005
34039
34060
34223
34243
34259
34323
34336
34435
34461
34466
34508
34660
34683
34726
34771
34786
34861
34904
34995
35018
35082
35135
35289
35436
35442
35523
35557
35591
35603
35614
35679
35715
35840
35908
35928
35946
35973
36007
36012
36055
36073
36077
36136
36179
36184
36196
36204
36261
36304
36322
36347
36355
36360
36381
36439
36453
36501
36508
36527
36610
36675
36695
36780
36811
36836
36837
36844
36848
36935
36983
36985
36993
37006
37051
37075
37088
37119
37151
37156
37228
37231
37232
37236
37278
37319
37349
37384
37386
37420
37536
37701
37706
37707
37759
37862
37880
37881
37913
37932
38040
38078
38128
38159
38312
38355
38380
38436
38440
38469
38525
38567
38578
38602
38652
38684
38835
38841
38907
38910
38920
38924
39015
39076
39093
39175
39177
39299
39332
39365
39376
39461
39492
39494
39580
39626
39645
39655
39741
39836
39864
39912
-1
