47
60
62
81
126
143
145
168
198
201
210
286
290
301
306
348
479
527
606
660
701
758
777
859
877
888
927
935
976
995
1019
1043
1076
1098
1109
1124
1155
1169
1202
1230
1242
1278
1286
1325
1393
1443
1505
1524
1536
1557
1632
1686
1763
1793
1815
1818
1831
1876
1927
1936
1942
1970
2030
2079
2127
2128
2132
2135
2183
2202
2207
2227
2280
2296
2326
2409
2411
2415
2476
2477
2488
2519
2529
2532
2605
2642
2705
2770
2771
2778
2861
2909
2922
2952
3006
3012
3061
3239
3243
3291
3324
3361
3386
3412
3450
3494
3510
3562
3664
3668
3677
3681
3708
3772
3802
3814
3870
3944
3988
4276
4296
4309
4446
4447
4706
4775
4784
4800
4832
4913
5000
5018
5021
5022
5081
5128
5169
5258
5259
5280
5283
5287
5320
5341
5444
5457
5548
5553
5561
5625
5660
5707
5721
5762
5798
5838
5859
5912
5958
6022
6036
6050
6166
6176
6190
6250
6291
6311
6335
6339
6398
6443
6541
6654
6663
6678
6689
6811
6907
6951
7028
7053
7182
7227
7314
7325
7345
7351
7516
7543
7656
7711
7736
7759
7848
7907
7990
8036
8064
8071
8127
8143
8158
8163
8302
8309
8396
8534
8546
8551
8588
8608
8648
8676
8681
8718
8739
8767
8877
8934
8972
8988
9040
9100
9102
9121
9152
9169
9183
9192
9195
9205
9258
9314
9332
9394
9427
9467
9592
9596
9624
9662
9692
9706
9731
9737
9795
9810
9902
9915
9930
9961
10059
10076
10132
10161
10204
10242
10284
10316
10342
10375
10376
10410
10442
10451
10485
10488
10508
10589
10624
10630
10640
10644
10646
10664
10706
10745
10793
10833
10876
10932
10961
10962
11036
11075
11159
11160
11250
11281
11291
11298
11409
11416
11452
11457
11497
11531
11538
11615
11660
11696
11837
11862
11890
11892
11904
11978
12022
12083
12146
12167
12168
12233
12283
12298
12303
12311
12353
12372
12399
12413
12417
12440
12446
12487
12498
12501
12519
12546
12597
12675
12707
12713
12714
12727
12744
12812
12813
12859
12966
12996
13027
13031
13094
13114
13124
13152
13155
13196
13201
13247
13271
13307
13314
13328
13385
13386
13434
13435
13458
13495
13614
13772
13807
13873
13901
13944
14025
14093
14148
14164
14190
14222
14289
14322
14344
14358
14419
14451
14458
14460
14464
14469
14535
14560
14569
14594
14616
14738
14742
14825
14831
14834
14895
15003
15011
15127
15207
15211
15220
15343
15351
15374
15447
15449
15528
15562
15595
15599
15620
15624
15655
15725
15780
15788
15829
15850
15851
15902
15973
15998
16067
16110
16287
16294
16344
16375
16381
16570
16705
16707
16926
17004
17022
17023
17097
17159
17169
17199
17229
17248
17254
17268
17270
17284
17314
17371
17398
17446
17468
17561
17595
17673
17676
17696
17725
17899
17920
17952
17981
18004
18005
18174
18197
18226
18318
18322
18328
18341
18363
18373
18391
18456
18485
18497
18499
18504
18557
18576
18688
18695
18709
18765
18780
18809
18825
18893
18920
19023
19042
19048
19100
19117
19308
19310
19331
19352
19456
19482
19514
19575
19605
19614
19717
19744
19792
19805
19910
19985
20029
20053
20075
20105
20141
20151
20190
20192
20234
20264
20266
20299
20303
20376
20378
20392
20412
20455
20482
20494
20542
20661
20785
20846
20879
20903
20935
21018
21032
21035
21053
21108
21133
21137
21158
21201
21216
21255
21268
21280
21308
21315
21362
21579
21583
21608
21665
21730
21779
21808
21866
21948
22094
22095
22105
22112
22120
22177
22200
22205
22261
22269
22301
22318
22341
22371
22443
22456
22467
22554
22649
22678
22725
22737
22762
22769
22830
22831
22835
22881
22898
23013
23158
23176
23243
23354
23384
23405
23451
23497
23546
23561
23650
23719
23735
23820
23824
24031
24097
24131
24132
24136
24264
24311
24320
24323
24368
24428
24461
24594
24630
24694
24773
24775
24799
24838
24933
24939
24958
24966
24999
25021
25076
25112
25197
25229
25360
25378
25490
25493
25533
25581
25620
25625
25630
25648
25676
25699
25726
25738
25791
25794
25797
25808
25834
25875
25944
26000
26066
26090
26109
26128
26133
26143
26169
26177
26211
26409
26418
26421
26438
26440
26478
26593
26601
26604
26690
26691
26766
26807
26884
26886
26938
26981
27122
27148
27198
27202
27212
27399
27491
27508
27577
27579
27715
27764
27775
27846
27847
27998
28005
28084
28107
28179
28264
28373
28417
28428
28454
28492
28635
28642
28683
28772
28776
28825
28899
28909
28910
28914
28960
29005
29026
29109
29138
29229
29244
29278
29303
29305
29309
29362
29369
29379
29457
29465
29580
29606
29716
29744
29757
29790
29816
29954
29984
29991
30022
30055
30075
30179
30204
30232
30313
30375
30395
30409
30416
30445
30448
30464
30494
30497
30501
30514
30518
30548
30552
30673
30698
30752
30884
30897
30950
30983
31143
31156
31182
31186
31284
31303
31305
31349
31350
31446
31501
31510
31515
31562
31579
31593
31647
31660
31673
31682
31685
31694
31746
31796
31847
31853
31900
31968
32013
32054
32071
32081
32160
32241
32296
32304
32363
32411
32417
32479
32543
32555
32561
32568
32588
32668
32687
32693
32744
32784
32813
32815
32836
32932
32957
32977
33005
33042
33148
33197
33199
33225
33242
33251
33260
33325
33354
33408
33445
33514
33617
33666
33770
33780
33840
33853
33862
33958
34000
34036
34103
34191
34247
34270
34330
34350
34397
34409
34549
34590
34651
34655
34663
34714
34757
34818
35018
35086
35122
35128
35222
35227
35248
35281
35298
35299
35362
35455
35494
35506
35513
35515
35586
35616
35714
35730
35774
35784
35792
35840
35849
35864
35964
35987
36067
36145
36165
36218
36222
36237
36267
36344
36361
36413
36448
36453
36478
36502
36514
36615
36645
36689
36700
36708
36712
36764
36795
36807
36816
36826
36835
36857
36885
36896
36928
36929
37013
37107
37167
37207
37241
37294
37353
37382
37396
37426
37457
37483
37569
37584
37624
37663
37684
37753
37789
37791
37799
37835
37841
37925
37926
37990
38117
38228
38246
38252
38260
38295
38334
38357
38389
38406
38442
38647
38683
38720
38782
38824
38931
38997
39090
39115
39126
39127
39160
39209
39246
39268
39280
39350
39401
39411
39465
39560
39561
39603
39629
39638
39683
39687
39833
39838
39847
39897
39950
39973
-1
