19
21
37
40
132
158
176
220
306
309
317
324
418
459
483
562
587
600
609
612
697
739
841
852
853
868
915
945
995
1038
1166
1235
1364
1381
1473
1570
1592
1602
1706
1744
1756
1807
1817
1818
1934
1957
2012
2061
2070
2130
2144
2235
2245
2257
2304
2316
2337
2354
2360
2404
2450
2564
2621
2639
2640
2652
2683
2716
2735
2745
2776
2848
2857
2863
2874
2898
2927
2948
2977
3010
3055
3126
3228
3274
3286
3380
3419
3467
3521
3565
3566
3697
3728
3752
3785
3824
3849
3855
3868
3879
3881
3948
4066
4090
4091
4106
4143
4280
4390
4523
4538
4559
4566
4701
4732
4746
4789
4879
5113
5119
5155
5158
5180
5203
5210
5233
5363
5413
5538
5542
5550
5726
5728
5747
5758
5780
5798
5803
5816
5823
5866
5914
5919
5921
5959
6050
6171
6198
6221
6238
6266
6314
6440
6495
6553
6563
6568
6684
6708
6732
6751
6800
6818
6832
6935
6956
6978
7014
7066
7117
7156
7195
7197
7216
7252
7279
7315
7357
7417
7452
7532
7585
7625
7640
7662
7667
7701
7801
7818
7822
7847
7864
7872
7934
7962
8013
8019
8144
8264
8299
8417
8426
8467
8472
8494
8579
8609
8618
8621
8654
8693
8751
8769
8797
8801
8872
8877
8879
8901
8916
8927
8949
8988
9007
9048
9129
9213
9216
9292
9305
9320
9388
9418
9475
9509
9545
9589
9625
9628
9705
9803
9822
9890
9977
9981
10155
10198
10206
10224
10256
10269
10395
10435
10438
10441
10445
10458
10460
10481
10494
10508
10529
10592
10632
10633
10639
10644
10685
10725
10795
10869
10925
11034
11037
11057
11106
11155
11194
11210
11211
11213
11239
11293
11303
11365
11392
11421
11470
11487
11504
11513
11561
11587
11596
11605
11621
11637
11648
11683
11694
11774
11819
11889
11894
11967
11980
11982
11999
12017
12076
12140
12142
12149
12159
12226
12260
12300
12331
12432
12455
12502
12580
12646
12795
12799
12867
12878
12993
13046
13066
13088
13128
13189
13217
13225
13305
13370
13391
13413
13477
13489
13522
13617
13625
13690
13693
13722
13736
13819
13836
13841
13886
13909
14001
14009
14028
14029
14092
14098
14105
14144
14165
14219
14233
14239
14298
14353
14364
14421
14496
14503
14540
14621
14662
14738
14760
14829
14837
14847
14859
14860
14861
14887
14910
14945
15004
15045
15104
15143
15158
15196
15245
15253
15258
15350
15403
15421
15619
15625
15692
15727
15766
15819
15837
15858
15871
16027
16040
16042
16051
16069
16083
16198
16211
16216
16235
16273
16370
16458
16494
16503
16519
16678
16800
16809
16814
16816
16853
16865
16872
16884
16902
16916
16930
16974
16977
16995
17019
17023
17039
17042
17055
17184
17233
17269
17407
17419
17485
17514
17520
17560
17611
17647
17789
17790
17807
17914
18027
18109
18187
18218
18255
18261
18431
18486
18540
18572
18577
18597
18602
18653
18667
18707
18727
18823
18901
18917
18933
18935
18939
19126
19130
19153
19172
19181
19209
19236
19249
19270
19285
19297
19305
19307
19341
19372
19466
19505
19517
19578
19612
19692
19695
19758
19774
19807
19817
19822
19886
19903
20087
20100
20123
20142
20190
20194
20208
20215
20295
20296
20349
20351
20354
20400
20412
20482
20504
20539
20552
20729
20731
20734
20741
20772
20804
20822
20841
20850
20896
21043
21112
21146
21152
21216
21301
21317
21365
21370
21389
21479
21492
21535
21597
21620
21621
21736
21789
21804
21830
21868
21883
21888
21933
21989
22014
22035
22063
22109
22142
22153
22171
22229
22258
22305
22397
22566
22603
22642
22644
22672
22698
22752
22807
22825
22843
22848
22851
22995
23004
23070
23104
23106
23142
23145
23217
23291
23304
23307
23383
23448
23527
23530
23537
23543
23660
23670
23739
23789
23837
23854
23863
23869
23899
23921
23970
24000
24001
24089
24171
24278
24296
24312
24330
24382
24386
24407
24524
24575
24602
24741
24746
24774
24812
24813
24851
24913
24941
24945
24973
24976
24980
24993
25003
25033
25131
25232
25261
25269
25288
25289
25379
25386
25395
25496
25547
25558
25563
25661
25667
25680
25715
25843
25849
25978
26029
26067
26212
26229
26282
26303
26342
26360
26403
26437
26559
26585
26614
26615
26644
26663
26665
26724
26740
26748
26750
26852
26874
26951
27003
27181
27208
27221
27265
27278
27333
27348
27476
27731
27735
27785
27831
27842
27846
27868
27908
27984
28000
28039
28111
28128
28170
28178
28188
28233
28299
28334
28338
28390
28397
28434
28457
28479
28510
28542
28589
28591
28752
28767
28793
28821
28828
28837
28900
28921
28926
28939
28958
29009
29018
29048
29059
29071
29076
29299
29389
29398
29436
29526
29532
29634
29680
29754
29786
29802
29822
29832
29872
29876
29903
29956
29967
30016
30090
30194
30207
30217
30398
30422
30434
30551
30554
30573
30604
30620
30627
30679
30716
30767
30791
30848
30927
31104
31146
31149
31179
31237
31265
31268
31307
31348
31364
31377
31405
31446
31510
31535
31556
31562
31586
31592
31641
31734
31777
31785
31855
31866
31872
31892
31952
31999
32003
32056
32082
32105
32126
32219
32225
32293
32327
32369
32536
32540
32558
32723
32765
32855
32858
32876
32909
32916
32963
32969
33027
33045
33120
33127
33133
33134
33198
33226
33232
33242
33249
33439
33442
33458
33481
33492
33551
33639
33653
33678
33744
33788
33929
34029
34090
34094
34189
34228
34238
34247
34267
34286
34290
34299
34359
34401
34420
34440
34451
34502
34534
34573
34579
34588
34633
34640
34683
34731
34815
34822
34869
34940
35038
35136
35200
35208
35236
35244
35272
35282
35365
35404
35469
35519
35536
35603
35773
35774
35787
35840
35890
35931
35944
36007
36040
36095
36118
36120
36136
36191
36193
36222
36258
36301
36310
36319
36359
36362
36379
36390
36469
36500
36508
36510
36551
36654
36691
36720
36727
36728
36762
36817
36844
36850
36878
36897
36910
37003
37020
37043
37053
37186
37226
37249
37334
37345
37408
37433
37457
37476
37495
37503
37512
37517
37552
37597
37645
37716
37761
37795
37840
37876
37975
38004
38136
38172
38185
38240
38604
38606
38649
38681
38707
38837
38868
38956
38969
38986
39024
39095
39119
39141
39148
39193
39211
39307
39344
39352
39355
39357
39363
39392
39394
39434
39444
39630
39719
39734
39981
-1
