48
228
256
356
366
375
408
414
484
504
506
521
558
588
597
620
666
679
731
873
896
904
979
1000
1039
1154
1208
1263
1304
1356
1361
1436
1453
1476
1569
1588
1599
1638
1753
1797
1829
1890
1935
1942
2055
2063
2133
2148
2196
2201
2223
2252
2253
2344
2357
2388
2391
2412
2421
2423
2436
2610
2613
2633
2638
2677
2697
2717
2793
2805
2806
2861
2901
2914
2938
2950
2989
2991
3148
3157
3291
3294
3345
3356
3426
3436
3472
3506
3516
3556
3572
3615
3659
3673
3739
3762
3819
3952
3989
4073
4076
4194
4321
4329
4444
4454
4471
4509
4510
4520
4573
4623
4685
4749
4775
4840
4874
4875
4957
4970
5006
5012
5034
5076
5129
5191
5286
5300
5340
5341
5397
5441
5455
5566
5573
5651
5658
5662
5689
5715
5793
5828
5903
6009
6029
6059
6092
6135
6181
6222
6223
6245
6294
6319
6336
6363
6491
6492
6494
6584
6748
6756
6823
6985
7089
7116
7153
7182
7210
7251
7273
7305
7355
7396
7403
7457
7519
7535
7566
7587
7620
7622
7666
7779
7853
7860
7873
7875
7885
7899
7970
7981
7994
8074
8104
8117
8136
8165
8171
8201
8207
8208
8344
8361
8371
8398
8410
8424
8484
8555
8590
8652
8687
8797
8873
8933
8940
9007
9026
9045
9056
9059
9063
9097
9130
9137
9223
9236
9357
9383
9435
9450
9451
9466
9520
9536
9574
9602
9627
9679
9739
9808
9841
9847
9858
9860
9896
9912
9963
9977
9998
10011
10016
10023
10083
10102
10169
10177
10343
10500
10504
10571
10600
10642
10772
10781
10807
10836
10855
10896
10910
10954
10962
10968
10980
11011
11089
11096
11154
11203
11223
11226
11240
11355
11414
11452
11462
11505
11521
11557
11561
11637
11729
11807
11977
11982
12054
12057
12067
12095
12125
12138
12152
12165
12179
12187
12207
12211
12308
12378
12473
12506
12555
12583
12611
12647
12651
12665
12697
12720
12751
12768
12821
12861
12891
12894
12953
12987
13016
13020
13111
13134
13135
13149
13163
13175
13235
13356
13375
13404
13410
13474
13612
13686
13759
13836
13842
13862
13945
13952
13977
13998
13999
14045
14058
14251
14254
14344
14367
14412
14439
14528
14543
14580
14584
14685
14771
14780
14782
14788
14800
14887
14890
14897
14912
14939
14971
15044
15065
15084
15113
15210
15250
15252
15286
15312
15404
15431
15478
15480
15548
15549
15550
15631
15716
15759
15793
15814
15824
15850
15856
15930
15976
16003
16005
16014
16063
16106
16153
16263
16266
16339
16353
16427
16453
16454
16467
16484
16490
16663
16799
16819
16836
16888
16894
16923
16925
16948
16988
17002
17011
17036
17063
17176
17204
17229
17247
17284
17304
17330
17365
17382
17441
17457
17479
17481
17520
17533
17551
17635
17673
17683
17753
17811
17851
17863
17881
17883
17926
17998
18023
18077
18227
18258
18264
18283
18326
18348
18351
18419
18434
18445
18449
18453
18552
18596
18600
18615
18701
18730
18751
18770
18801
18821
18869
18929
18982
19002
19047
19086
19118
19165
19170
19229
19248
19451
19459
19506
19544
19575
19603
19628
19647
19788
19789
19909
19957
20033
20092
20114
20135
20150
20201
20210
20235
20238
20439
20460
20557
20579
20596
20628
20668
20734
20765
20766
20780
20823
20832
20834
20845
20878
20882
20893
20903
20905
20912
20953
20990
21060
21089
21180
21236
21292
21308
21314
21352
21386
21410
21529
21612
21638
21656
21662
21694
21782
21839
21873
21879
21991
22013
22019
22041
22050
22064
22069
22227
22238
22251
22255
22349
22393
22408
22411
22445
22556
22647
22692
22743
22802
22837
22838
22939
22956
22989
23067
23096
23121
23151
23305
23367
23441
23469
23520
23688
23765
23803
23900
23917
23918
23921
23964
24008
24061
24104
24119
24136
24187
24203
24233
24325
24332
24514
24527
24577
24587
24607
24735
24755
24760
24762
24797
24816
24856
24948
24959
25007
25024
25044
25108
25212
25224
25299
25340
25403
25420
25447
25468
25573
25803
25809
25859
25939
25978
26016
26051
26070
26132
26150
26209
26237
26251
26261
26270
26272
26295
26299
26318
26334
26340
26360
26375
26487
26503
26512
26625
26672
26716
26757
26759
26799
26860
26937
26957
26986
27034
27057
27075
27083
27091
27097
27178
27184
27205
27303
27312
27358
27369
27400
27417
27424
27441
27460
27468
27499
27544
27573
27683
27695
27708
27831
27835
27908
27935
28014
28074
28081
28083
28102
28172
28180
28238
28252
28266
28288
28321
28340
28375
28383
28450
28585
28643
28719
29007
29025
29095
29116
29127
29136
29186
29193
29201
29218
29232
29321
29348
29377
29389
29442
29462
29540
29558
29620
29683
29782
29788
29802
29836
29857
29860
29877
29942
29945
30025
30026
30098
30118
30148
30188
30197
30218
30263
30324
30336
30436
30495
30532
30552
30649
30711
30724
30733
30783
30797
30801
30820
30834
30835
30913
30930
30987
31088
31131
31405
31428
31562
31591
31620
31629
31638
31657
31660
31713
31778
31798
31804
31917
31988
32128
32224
32254
32266
32274
32333
32444
32503
32524
32624
32650
32669
32674
32713
32874
32913
32996
33009
33053
33089
33095
33130
33131
33149
33198
33237
33238
33246
33269
33278
33331
33374
33386
33417
33467
33503
33505
33593
33618
33662
33675
33792
33834
33870
33887
33911
33948
34006
34011
34048
34051
34064
34095
34099
34115
34173
34255
34261
34301
34314
34322
34327
34335
34347
34424
34486
34498
34515
34521
34554
34557
34596
34613
34622
34648
34719
34726
34727
34793
34851
34863
34874
34884
34891
34911
34918
35079
35148
35149
35158
35165
35200
35257
35265
35346
35355
35380
35385
35443
35462
35588
35628
35726
35731
35765
35807
35836
35898
36098
36120
36145
36186
36241
36319
36356
36400
36429
36440
36445
36447
36453
36464
36515
36582
36632
36703
36742
36800
36894
37035
37044
37155
37189
37245
37254
37283
37291
37409
37413
37449
37525
37541
37544
37584
37610
37613
37641
37724
37756
37791
37895
37896
37948
37963
37978
38055
38067
38084
38089
38223
38386
38395
38402
38452
38506
38533
38542
38555
38682
38814
38880
38910
38990
39013
39014
39045
39091
39096
39103
39130
39219
39288
39299
39336
39414
39484
39544
39555
39566
39567
39583
39743
39744
39754
39770
39858
39890
39891
39902
39938
39987
39992
-1