81
99
117
143
155
157
274
276
336
344
368
373
430
445
477
493
502
510
512
524
550
580
591
595
713
735
842
894
960
969
986
1170
1185
1218
1258
1265
1289
1301
1357
1377
1437
1544
1612
1779
1841
1865
1881
1922
1949
1962
1997
2036
2080
2084
2205
2241
2249
2363
2370
2492
2503
2505
2553
2647
2681
2694
2696
2760
2800
2872
2949
2963
2975
2979
3006
3022
3050
3067
3146
3162
3172
3186
3203
3228
3263
3284
3308
3310
3318
3332
3359
3376
3509
3598
3660
3721
3768
3784
3790
3826
3847
3853
3924
3962
3975
4017
4128
4187
4302
4323
4398
4443
4470
4489
4530
4590
4635
4668
4673
4714
4757
4775
4918
4937
5079
5086
5103
5109
5135
5231
5243
5282
5291
5302
5305
5371
5390
5449
5473
5504
5534
5567
5578
5585
5617
5666
5758
5796
5811
5835
5838
5857
5881
5933
6013
6042
6069
6110
6176
6197
6204
6210
6214
6254
6273
6329
6369
6379
6460
6468
6488
6529
6535
6544
6596
6719
6761
6799
6843
6878
6880
6887
6931
6967
7004
7010
7012
7103
7203
7221
7254
7303
7354
7406
7434
7444
7456
7459
7495
7621
7729
7766
7774
7862
7872
7947
7957
7993
8043
8067
8101
8113
8117
8196
8210
8216
8240
8259
8277
8319
8324
8329
8487
8503
8566
8603
8606
8641
8680
8690
8699
8769
8802
8828
8851
8922
8928
8976
9071
9080
9153
9190
9302
9304
9324
9386
9497
9500
9577
9626
9723
9793
9794
9795
9818
9859
9929
9959
9967
10014
10054
10072
10099
10244
10249
10269
10328
10350
10359
10361
10404
10449
10450
10621
10683
10787
10841
10940
10967
11003
11032
11132
11138
11154
11221
11242
11254
11261
11262
11326
11376
11440
11485
11674
11679
11765
11778
11794
11902
11926
11994
12019
12020
12027
12217
12226
12272
12285
12351
12397
12434
12459
12527
12560
12578
12631
12635
12653
12700
12704
12754
12843
12856
12890
12931
12954
12958
12976
13181
13198
13317
13320
13332
13339
13370
13408
13507
13520
13565
13680
13726
13755
13779
13803
13827
13864
13924
13994
14028
14043
14053
14057
14111
14136
14195
14196
14222
14228
14336
14363
14371
14381
14413
14481
14541
14543
14571
14734
14756
14804
14891
14904
14949
14966
14984
15010
15016
15033
15091
15120
15127
15186
15187
15199
15211
15234
15243
15258
15358
15404
15410
15445
15486
15542
15631
15653
15667
15716
15744
15768
15886
15951
15971
16026
16031
16043
16054
16085
16133
16167
16175
16180
16267
16269
16331
16334
16381
16426
16481
16506
16568
16593
16726
16745
16804
16807
16819
16957
16984
17019
17076
17195
17270
17291
17314
17327
17383
17391
17491
17513
17542
17591
17614
17626
17646
17735
17758
17761
17787
17811
17855
17916
17917
17943
17955
17978
18014
18052
18064
18157
18171
18173
18231
18245
18290
18301
18306
18309
18340
18404
18431
18443
18464
18474
18588
18698
18771
18804
18852
18926
18932
18967
18986
19026
19034
19037
19063
19150
19191
19213
19217
19247
19279
19288
19318
19399
19432
19433
19551
19553
19574
19590
19693
19757
19761
19893
19937
19985
20017
20030
20037
20061
20159
20163
20201
20219
20343
20357
20386
20429
20446
20579
20612
20669
20672
20726
20744
20881
20893
20914
20973
20981
20995
20997
21011
21042
21067
21139
21160
21245
21261
21278
21284
21323
21359
21405
21425
21478
21495
21501
21514
21598
21604
21640
21703
21751
21803
21894
21900
21903
21941
21959
22058
22112
22179
22207
22238
22243
22262
22285
22324
22438
22553
22558
22681
22704
22713
22724
22748
22756
22771
22900
22970
22972
23016
23020
23034
23040
23070
23095
23112
23125
23129
23187
23207
23273
23306
23352
23512
23527
23600
23676
23702
23709
23775
23779
23783
23881
24017
24023
24041
24102
24107
24113
24119
24136
24208
24209
24272
24322
24376
24380
24395
24445
24464
24466
24467
24488
24507
24517
24584
24637
24648
24706
24717
24790
24830
24846
24900
24951
24975
24983
24987
25011
25019
25070
25073
25121
25157
25177
25192
25279
25285
25288
25336
25369
25488
25493
25497
25535
25611
25615
25653
25738
25756
25760
25849
25872
26015
26090
26132
26151
26208
26218
26321
26363
26406
26434
26482
26527
26530
26612
26642
26660
26701
26732
26757
26783
26802
26854
26871
26962
26968
27004
27005
27050
27056
27106
27216
27224
27228
27236
27240
27256
27261
27284
27336
27343
27350
27367
27394
27492
27511
27518
27554
27590
27614
27653
27697
27757
27793
27824
27897
27915
27966
27972
28035
28081
28157
28170
28201
28237
28241
28262
28426
28435
28437
28439
28484
28510
28513
28567
28607
28654
28692
28723
28924
28963
28966
29058
29084
29092
29133
29161
29217
29235
29237
29363
29398
29404
29444
29512
29596
29603
29625
29740
29771
29792
29820
29878
29921
29922
29943
30036
30100
30132
30140
30175
30228
30366
30369
30389
30402
30410
30415
30418
30443
30523
30573
30601
30612
30626
30737
30827
30907
31059
31109
31190
31210
31289
31324
31333
31392
31402
31416
31461
31583
31595
31731
31748
31847
31921
31931
31940
31964
32024
32086
32182
32217
32236
32301
32334
32347
32378
32402
32467
32537
32569
32584
32688
32702
32790
32815
32826
32836
32847
32966
32992
32996
33039
33040
33099
33101
33122
33139
33149
33171
33184
33240
33279
33280
33286
33302
33309
33533
33573
33583
33585
33620
33624
33633
33710
33823
33906
33981
33982
33988
34027
34053
34071
34089
34208
34285
34327
34334
34347
34397
34437
34472
34478
34501
34513
34608
34646
34741
34773
34793
34914
34941
34993
34999
35109
35126
35128
35213
35238
35469
35508
35519
35538
35542
35549
35629
35642
35687
35756
35813
35834
35977
36049
36072
36087
36123
36200
36214
36257
36264
36319
36328
36339
36356
36362
36522
36538
36554
36612
36620
36700
36794
36803
36856
36960
36978
36999
37011
37047
37102
37119
37142
37154
37156
37246
37307
37342
37356
37381
37520
37552
37629
37722
37933
37947
38058
38127
38193
38297
38373
38383
38396
38428
38436
38439
38622
38629
38630
38715
38721
38736
38756
38793
38830
38861
38865
38878
38941
38988
38994
39138
39168
39179
39181
39211
39236
39296
39317
39353
39361
39399
39518
39542
39545
39577
39631
39648
39738
39806
39879
39901
39968
39979
-1
