3
68
92
178
215
222
239
255
259
276
494
504
535
538
553
612
616
695
723
777
819
941
948
959
992
1038
1053
1095
1162
1181
1184
1263
1294
1348
1365
1391
1449
1462
1606
1629
1641
1746
1812
1822
1861
1872
1882
1923
1929
1967
1989
2172
2176
2232
2233
2261
2309
2324
2360
2388
2407
2491
2500
2560
2566
2595
2611
2650
2651
2855
2888
2922
2983
2988
3020
3035
3061
3078
3096
3106
3206
3207
3235
3279
3302
3371
3387
3454
3492
3546
3548
3592
3613
3757
3805
3848
3900
3944
3948
3981
4007
4032
4033
4078
4134
4147
4189
4219
4290
4298
4318
4349
4410
4456
4516
4519
4546
4664
4696
4713
4714
4878
5053
5106
5136
5214
5229
5330
5336
5358
5367
5409
5451
5597
5599
5657
5685
5686
5754
5768
5875
5880
5957
6012
6038
6100
6229
6256
6273
6289
6430
6443
6515
6595
6604
6605
6660
6684
6788
6952
6953
7195
7248
7339
7355
7357
7404
7496
7528
7583
7601
7644
7662
7670
7700
7760
7786
7813
7838
7845
7848
7865
7876
7944
8012
8015
8016
8084
8087
8104
8165
8252
8310
8312
8361
8423
8527
8558
8571
8589
8622
8647
8658
8673
8803
8824
8874
8891
8939
8942
8997
9054
9113
9124
9169
9202
9203
9217
9232
9236
9256
9331
9344
9364
9403
9455
9469
9496
9505
9543
9614
9680
9702
9818
9829
9861
9913
9920
9950
9966
10027
10058
10190
10208
10257
10266
10295
10352
10363
10436
10449
10540
10589
10738
10837
10883
10913
10918
10951
11002
11034
11056
11082
11095
11110
11111
11137
11191
11249
11268
11281
11297
11317
11440
11539
11623
11765
11863
11927
11941
11991
12004
12062
12084
12105
12106
12113
12214
12283
12317
12349
12395
12412
12450
12452
12473
12476
12488
12603
12617
12659
12703
12716
12790
12840
12851
12862
12908
12916
13039
13076
13116
13139
13188
13205
13302
13303
13386
13423
13452
13461
13548
13562
13607
13628
13736
13764
13818
13844
13893
13904
13940
13957
13976
13990
13992
14021
14069
14104
14127
14140
14180
14194
14275
14334
14369
14489
14549
14569
14577
14585
14627
14638
14661
14667
14753
14776
14818
14831
14838
14840
14903
14939
15120
15137
15147
15210
15222
15223
15287
15353
15378
15438
15445
15477
15495
15555
15574
15593
15728
15754
15765
15777
15785
15788
15809
15815
15837
15846
15864
15875
15909
15954
15956
16001
16064
16175
16186
16244
16296
16353
16392
16423
16518
16534
16596
16605
16627
16759
16808
16838
16848
16957
16977
17002
17003
17022
17087
17143
17189
17207
17232
17236
17237
17252
17273
17289
17381
17389
17399
17437
17562
17593
17626
17637
17683
17722
17776
17847
17854
17903
18119
18182
18188
18209
18242
18257
18287
18420
18490
18498
18506
18531
18540
18592
18692
18706
18790
18820
18872
18915
18952
18965
18977
18982
18992
19031
19054
19129
19186
19188
19213
19244
19286
19311
19313
19340
19345
19353
19354
19359
19361
19365
19371
19474
19622
19839
19842
19853
19856
19939
19949
19970
20098
20135
20192
20197
20207
20320
20488
20490
20492
20535
20668
20669
20673
20689
20693
20698
20721
20738
20775
20802
20813
20852
20853
20868
21012
21116
21142
21187
21197
21230
21317
21362
21415
21473
21524
21528
21536
21558
21570
21682
21729
21763
21789
21820
21858
21866
21879
21926
21980
22028
22033
22060
22095
22108
22158
22182
22187
22208
22283
22441
22448
22454
22491
22502
22555
22577
22584
22642
22708
22733
22926
22974
22980
22996
23028
23065
23088
23092
23236
23252
23371
23384
23389
23401
23513
23539
23542
23589
23596
23603
23630
23714
23724
23959
23997
24010
24045
24055
24064
24088
24183
24278
24297
24304
24306
24314
24316
24318
24361
24404
24427
24442
24461
24471
24512
24572
24646
24675
24676
24696
24738
24745
24761
24763
24798
24803
24827
24947
24948
24950
24970
24998
25016
25031
25060
25061
25135
25138
25195
25239
25255
25259
25457
25485
25540
25547
25557
25578
25648
25656
25715
25724
25788
25805
25894
25901
25905
25938
25958
25960
25967
25971
26063
26082
26096
26157
26308
26317
26341
26412
26433
26471
26494
26633
26637
26685
26734
26808
26814
26843
26865
26888
26898
27087
27145
27226
27234
27240
27244
27310
27368
27370
27461
27495
27606
27672
27682
27691
27724
27792
27809
27826
27858
27875
27946
28032
28066
28088
28154
28161
28169
28190
28248
28282
28296
28347
28373
28388
28409
28463
28467
28475
28553
28605
28766
28785
28806
28821
28822
28837
28890
28893
28895
28931
28975
28996
29005
29039
29072
29205
29287
29382
29411
29435
29475
29520
29730
29731
29770
29825
29925
30010
30022
30035
30071
30109
30124
30191
30198
30219
30292
30324
30356
30445
30474
30519
30635
30636
30677
30710
30733
30735
30773
30778
30855
30867
30916
30924
30961
30978
30985
31032
31040
31066
31074
31105
31173
31184
31338
31342
31357
31382
31468
31650
31678
31685
31701
31709
31876
31942
31987
31993
31996
32019
32063
32131
32197
32207
32213
32231
32354
32446
32509
32514
32522
32562
32604
32660
32686
32708
32729
32734
32757
32817
32857
32882
32883
32887
32960
32969
33172
33249
33270
33324
33335
33347
33349
33367
33392
33393
33438
33529
33534
33544
33600
33613
33633
33641
33662
33685
33706
33709
33753
33766
33807
33897
33999
34078
34172
34181
34279
34397
34418
34435
34482
34497
34595
34625
34637
34643
34687
34696
34745
34770
34820
34872
34907
34921
34985
34989
34999
35001
35214
35245
35313
35322
35345
35373
35378
35485
35522
35523
35534
35564
35680
35690
35704
35719
35743
35808
35836
35914
35917
35949
36078
36165
36175
36217
36313
36317
36338
36395
36439
36500
36529
36594
36643
36655
36753
36800
36838
36896
36938
36961
36964
36992
37028
37038
37074
37098
37108
37126
37137
37176
37200
37305
37392
37510
37526
37566
37568
37632
37660
37664
37684
37691
37700
37742
37895
37955
38028
38099
38108
38158
38173
38207
38296
38348
38372
38376
38457
38524
38561
38581
38586
38616
38663
38751
38783
38886
38909
38940
38949
38985
39007
39016
39064
39078
39102
39172
39180
39200
39229
39299
39332
39336
39391
39392
39472
39496
39532
39537
39555
39563
39576
39587
39594
39646
39661
39679
39735
39774
39796
39817
39896
39939
39941
-1
