8
37
44
113
218
284
303
314
327
378
382
430
448
533
596
620
678
683
685
716
791
840
849
860
957
1021
1036
1100
1109
1122
1153
1160
1194
1227
1230
1231
1325
1373
1393
1413
1460
1467
1474
1504
1505
1515
1557
1575
1722
1774
1789
1930
2069
2077
2191
2194
2233
2256
2257
2291
2297
2311
2336
2341
2388
2390
2474
2515
2549
2570
2588
2615
2647
2657
2664
2670
2684
2700
2762
2828
2869
2997
3031
3048
3064
3096
3161
3233
3287
3294
3301
3370
3406
3438
3451
3491
3501
3511
3519
3557
3583
3602
3675
3693
3715
3726
3771
3819
3882
3898
3934
4011
4034
4178
4188
4208
4224
4255
4264
4271
4275
4291
4309
4360
4408
4430
4763
4789
4797
4823
4881
4912
5000
5019
5045
5138
5240
5269
5276
5299
5442
5444
5460
5468
5474
5503
5526
5527
5593
5606
5645
5715
5720
5728
5791
5870
5966
6068
6081
6093
6244
6245
6257
6303
6383
6427
6476
6562
6572
6602
6604
6630
6676
6738
6785
6792
6837
6844
6963
7038
7049
7075
7080
7143
7209
7264
7355
7379
7590
7591
7603
7642
7666
7706
7750
7814
7866
7868
7897
7931
7956
7967
7989
8010
8018
8095
8122
8146
8224
8239
8251
8270
8276
8290
8327
8343
8384
8447
8455
8516
8521
8526
8559
8629
8710
8732
8739
8765
8817
8873
8886
8929
8951
9020
9078
9099
9133
9166
9217
9263
9285
9369
9389
9431
9435
9455
9525
9527
9642
9804
9839
10020
10040
10090
10095
10104
10146
10165
10244
10280
10376
10404
10448
10471
10496
10558
10575
10588
10666
10757
10782
10794
10900
11054
11057
11165
11178
11179
11293
11301
11348
11386
11417
11447
11546
11589
11591
11639
11654
11766
11777
11812
11825
11874
11893
11913
11930
11986
11999
12003
12031
12038
12069
12072
12108
12162
12190
12289
12296
12311
12408
12529
12530
12624
12640
12673
12702
12745
12750
12788
12817
12857
12918
12923
12975
13100
13158
13177
13200
13234
13240
13262
13292
13415
13431
13546
13593
13641
13707
13739
13746
13771
13786
13894
13900
13909
13915
13937
13974
13978
14028
14055
14064
14130
14154
14275
14300
14314
14377
14388
14463
14466
14495
14599
14632
14670
14676
14775
14834
14866
14893
14915
14950
15015
15022
15027
15097
15167
15194
15199
15201
15226
15246
15272
15283
15332
15335
15429
15438
15443
15505
15539
15549
15566
15602
15628
15768
15801
15842
15871
15910
15967
15991
15992
16041
16167
16255
16304
16365
16384
16410
16426
16436
16474
16491
16493
16562
16611
16651
16696
16771
16842
16872
16875
16877
16879
16928
17016
17035
17093
17132
17142
17179
17190
17201
17296
17324
17419
17422
17520
17547
17578
17601
17625
17734
17760
17791
17798
17799
17858
17998
18026
18035
18047
18092
18215
18235
18237
18278
18282
18292
18308
18390
18477
18521
18550
18556
18567
18603
18642
18703
18783
18788
18791
18814
18894
18924
18963
18964
19040
19130
19140
19155
19193
19228
19282
19407
19418
19494
19497
19555
19557
19565
19623
19631
19652
19667
19760
19825
19827
19846
20014
20052
20085
20086
20135
20140
20188
20227
20252
20392
20454
20537
20579
20625
20648
20679
20728
20777
20793
20809
20810
20820
20823
20874
20903
20909
20973
20991
21054
21112
21116
21165
21202
21256
21270
21277
21417
21459
21566
21579
21676
21739
21746
21859
21944
22006
22040
22093
22137
22164
22165
22190
22233
22301
22381
22385
22438
22452
22501
22525
22546
22582
22590
22611
22630
22668
22675
22713
22763
22774
22788
22826
22849
22903
22925
22951
22978
23057
23090
23148
23157
23206
23209
23230
23276
23280
23283
23297
23435
23501
23623
23644
23658
23687
23746
23752
23753
23756
23795
23844
24059
24127
24164
24170
24201
24211
24266
24387
24472
24518
24525
24540
24618
24664
24708
24717
24782
24796
24804
24809
24867
24905
24914
24933
25005
25049
25063
25078
25099
25129
25139
25321
25330
25342
25346
25362
25418
25445
25447
25536
25567
25590
25633
25675
25760
25822
25823
25842
25860
25877
25963
25997
25998
26168
26246
26266
26290
26300
26325
26336
26428
26477
26514
26520
26586
26631
26730
26802
26856
26920
26949
27002
27016
27048
27125
27159
27178
27232
27256
27286
27299
27307
27332
27362
27411
27498
27530
27598
27661
27683
27684
27776
27907
27917
27980
28007
28072
28159
28165
28257
28331
28391
28396
28408
28454
28591
28596
28608
28669
28873
29000
29010
29039
29043
29059
29099
29139
29170
29261
29289
29328
29447
29506
29524
29536
29567
29686
29689
29693
29730
29733
29748
29750
29764
29773
29803
29836
29856
29882
29888
29900
30037
30050
30056
30170
30205
30338
30346
30370
30497
30542
30573
30620
30632
30733
30736
30742
30772
30847
30884
30963
30974
30994
31000
31036
31040
31135
31228
31257
31322
31362
31447
31490
31549
31614
31654
31677
31709
31718
31720
31722
31725
31739
31902
32015
32023
32176
32177
32236
32257
32277
32285
32291
32342
32410
32413
32429
32580
32602
32715
32756
32761
32769
32774
32795
32856
32893
32894
32942
33036
33067
33079
33085
33107
33173
33212
33255
33270
33399
33486
33587
33597
33606
33621
33688
33765
33767
33768
33781
33854
33913
33915
34088
34142
34154
34164
34182
34200
34275
34301
34404
34407
34424
34427
34495
34518
34539
34547
34571
34660
34691
34724
34820
34854
34856
34857
34867
34886
34897
34903
34958
34983
34990
35047
35048
35119
35142
35155
35162
35182
35228
35243
35265
35318
35375
35377
35421
35495
35669
35774
35794
35805
35821
35826
35841
35853
35907
35910
35975
36015
36023
36038
36052
36108
36209
36300
36316
36362
36378
36427
36501
36508
36531
36538
36625
36695
36707
36730
36788
36794
36800
36812
36838
36973
36979
37077
37079
37098
37105
37128
37135
37136
37141
37144
37147
37152
37162
37197
37210
37251
37261
37279
37334
37357
37376
37427
37432
37437
37517
37520
37530
37573
37678
37710
37769
37808
37825
37843
37855
37893
37942
37981
37990
37994
38034
38052
38104
38106
38178
38227
38298
38358
38385
38417
38444
38472
38485
38590
38620
38637
38710
38740
38745
38751
38799
38942
38988
38996
38998
39035
39065
39121
39136
39148
39210
39317
39443
39509
39537
39578
39719
39728
39779
39791
39798
39839
39854
39932
39978
-1
