28
30
32
118
135
139
176
198
235
285
290
364
433
479
492
499
502
655
665
711
770
805
831
851
857
901
944
1044
1070
1113
1146
1147
1173
1196
1294
1332
1348
1363
1406
1447
1551
1610
1643
1795
1848
1854
1863
1894
1901
2055
2076
2120
2403
2409
2438
2445
2526
2532
2547
2565
2569
2582
2630
2645
2649
2711
2783
2788
2871
2917
3063
3085
3103
3108
3111
3175
3178
3194
3199
3201
3250
3268
3307
3468
3475
3556
3626
3633
3698
3769
3782
3783
3818
3868
3891
3894
3909
3933
3968
4041
4047
4055
4083
4130
4155
4173
4179
4206
4243
4253
4259
4291
4300
4442
4446
4454
4477
4489
4498
4499
4620
4647
4660
4688
4700
4703
4766
4825
4844
4856
4971
4997
5008
5028
5029
5062
5101
5145
5183
5200
5297
5391
5423
5445
5450
5475
5542
5554
5586
5601
5655
5697
5711
5749
5760
5848
5921
6061
6080
6116
6165
6231
6241
6250
6383
6385
6466
6470
6504
6547
6548
6604
6747
6828
6879
6961
6973
7031
7045
7046
7109
7203
7231
7253
7257
7313
7314
7317
7353
7439
7613
7614
7633
7670
7696
7792
7845
7909
7916
7928
8032
8104
8110
8126
8134
8172
8253
8257
8258
8279
8334
8349
8465
8480
8525
8557
8559
8582
8645
8670
8716
8791
8817
8854
8875
8887
8924
8945
9030
9057
9094
9127
9158
9161
9165
9189
9252
9275
9297
9303
9357
9427
9556
9658
9663
9678
9700
9725
9739
9741
9752
9809
9886
9916
9964
9965
10012
10051
10060
10105
10115
10119
10169
10198
10243
10339
10442
10463
10497
10499
10515
10537
10538
10623
10636
10641
10691
10697
10713
10725
10730
10795
10796
10802
10854
10997
11003
11020
11054
11072
11112
11114
11127
11313
11354
11359
11431
11502
11552
11589
11601
11625
11690
11697
11799
11839
11880
11897
11898
12062
12065
12075
12112
12130
12261
12263
12375
12417
12486
12535
12664
12881
12900
12905
13018
13042
13086
13160
13208
13253
13257
13269
13349
13460
13462
13465
13486
13544
13551
13557
13559
13606
13658
13686
13692
13788
13829
13844
13857
13880
13924
13946
13981
14007
14202
14205
14209
14219
14237
14323
14413
14420
14481
14500
14505
14506
14544
14549
14570
14584
14605
14610
14638
14705
14718
14777
14791
14845
14880
14886
14901
14910
14952
14963
14974
14978
15095
15123
15163
15174
15350
15389
15416
15530
15533
15652
15753
15773
15881
15997
16023
16035
16102
16321
16324
16361
16390
16420
16441
16447
16512
16555
16684
16696
16721
16732
16783
16831
16857
16863
16902
16935
17057
17114
17192
17211
17272
17305
17335
17349
17377
17424
17499
17607
17617
17716
17739
17781
17794
17827
17860
17919
17978
18012
18029
18166
18212
18223
18247
18258
18379
18418
18421
18442
18481
18573
18595
18662
18741
18783
18786
18830
18914
19203
19218
19266
19372
19421
19505
19507
19530
19606
19621
19630
19648
19722
19807
19821
19827
19829
19871
19898
19975
19993
20097
20120
20145
20200
20231
20256
20288
20478
20497
20521
20617
20623
20629
20750
20895
20912
21007
21008
21126
21127
21172
21237
21254
21297
21342
21385
21432
21631
21637
21671
21679
21690
21696
21715
21747
21773
21810
21831
21837
21918
21956
21976
21996
21997
22001
22013
22022
22063
22065
22077
22114
22147
22155
22169
22186
22215
22241
22249
22298
22310
22312
22325
22331
22383
22533
22556
22582
22629
22677
22757
22943
23047
23079
23099
23145
23162
23184
23221
23313
23322
23335
23382
23391
23394
23422
23588
23665
23713
23847
23890
24035
24047
24121
24123
24148
24234
24273
24280
24298
24358
24393
24432
24471
24480
24510
24678
24697
24759
24761
24789
24978
24995
25053
25062
25080
25083
25085
25091
25092
25119
25139
25153
25161
25180
25213
25267
25288
25347
25363
25365
25427
25433
25475
25501
25525
25561
25575
25582
25661
25715
25739
25777
25844
25874
25923
25965
26029
26080
26102
26154
26183
26228
26243
26264
26333
26429
26436
26458
26497
26502
26516
26526
26578
26582
26621
26687
26789
26826
26827
26932
27001
27194
27229
27258
27326
27333
27346
27414
27428
27432
27476
27480
27517
27586
27588
27643
27667
27675
27683
27685
27700
27934
27954
27955
27961
28075
28142
28155
28241
28263
28274
28304
28346
28463
28490
28639
28648
28692
28702
28750
28762
28789
28824
28855
28860
29037
29067
29076
29088
29145
29156
29160
29170
29249
29278
29318
29320
29340
29371
29379
29434
29500
29507
29526
29588
29629
29632
29640
29674
29722
29744
29838
29862
29893
29899
29906
29908
29914
29956
29960
30101
30135
30150
30206
30235
30258
30274
30402
30406
30439
30487
30509
30526
30551
30588
30602
30610
30648
30655
30670
30693
30706
30800
30804
30863
30920
30922
30934
30949
30972
30992
31009
31055
31087
31147
31202
31204
31275
31421
31479
31632
31647
31688
31709
31734
31750
31793
31823
31860
31882
31885
31935
31988
32127
32133
32182
32207
32232
32247
32251
32258
32266
32347
32384
32405
32421
32425
32465
32469
32473
32496
32516
32573
32579
32603
32657
32673
32747
32812
32828
32855
32925
32927
32969
32975
32978
33025
33029
33040
33064
33199
33250
33254
33269
33294
33316
33400
33425
33450
33548
33635
33692
33707
33738
33780
33798
33813
33840
33856
33887
33943
33949
33969
34001
34015
34025
34066
34115
34145
34164
34181
34198
34209
34227
34239
34246
34314
34330
34403
34426
34435
34591
34679
34795
34805
34822
34825
34841
34873
34878
34888
34908
34948
34993
35035
35164
35177
35218
35323
35338
35342
35451
35480
35607
35643
35710
35736
35770
35773
35793
35798
35822
35889
35924
35941
35957
36059
36061
36098
36114
36159
36196
36228
36268
36290
36302
36456
36489
36510
36517
36522
36544
36584
36613
36658
36839
36908
36933
36940
36955
37079
37105
37130
37137
37149
37165
37169
37188
37280
37354
37356
37398
37413
37515
37716
37747
37762
37794
37839
37891
37997
38003
38008
38039
38065
38079
38087
38102
38199
38247
38310
38329
38364
38414
38418
38440
38478
38487
38505
38516
38535
38562
38577
38643
38654
38655
38685
38729
38776
38778
38837
38903
38932
38993
39013
39032
39060
39130
39132
39156
39186
39318
39326
39433
39525
39529
39536
39547
39587
39638
39649
39717
39829
39852
39859
39962
-1
