28
45
59
82
93
202
224
438
467
474
482
504
634
636
649
660
686
719
757
835
846
878
893
913
979
1109
1159
1174
1205
1237
1284
1318
1373
1411
1422
1433
1579
1587
1744
1813
1884
1964
1969
2082
2141
2156
2205
2223
2265
2275
2302
2316
2425
2462
2553
2584
2636
2646
2712
2734
2735
2880
3110
3135
3138
3179
3271
3280
3284
3436
3440
3470
3471
3484
3502
3527
3596
3598
3609
3680
3710
3753
3763
3789
3870
4005
4016
4062
4110
4232
4249
4291
4304
4309
4319
4343
4359
4365
4371
4402
4532
4542
4588
4603
4617
4629
4794
4810
4922
4927
4938
4965
4977
4991
4996
5031
5104
5136
5189
5198
5231
5259
5320
5356
5357
5419
5452
5535
5556
5565
5577
5606
5719
5745
5764
5866
5885
5891
5906
5974
5992
5997
6108
6114
6151
6153
6220
6248
6256
6274
6306
6352
6359
6374
6420
6436
6489
6527
6543
6544
6573
6591
6596
6604
6622
6709
6721
6781
6793
6794
6853
6857
6895
6898
6931
6975
7015
7043
7056
7145
7149
7207
7318
7346
7357
7361
7401
7423
7445
7681
7682
7708
7716
7743
7760
7820
7852
7871
7883
7901
7908
7976
7988
8030
8047
8052
8095
8141
8271
8296
8342
8343
8365
8372
8378
8392
8420
8423
8453
8457
8484
8530
8618
8622
8623
8732
8745
8845
8943
8985
9012
9041
9044
9046
9094
9140
9204
9210
9224
9246
9281
9296
9351
9362
9388
9439
9460
9463
9483
9488
9557
9588
9674
9687
9721
9730
9731
9756
9767
9803
9885
9951
10030
10063
10085
10097
10102
10117
10176
10178
10208
10264
10285
10371
10419
10425
10446
10448
10499
10506
10540
10607
10609
10684
10793
10804
10828
10906
10933
11006
11019
11025
11069
11177
11201
11222
11232
11243
11246
11394
11400
11401
11488
11494
11512
11533
11566
11658
11716
11749
11780
11990
12093
12115
12118
12131
12132
12378
12429
12552
12562
12603
12724
12746
12769
12776
12789
12859
12903
12960
13000
13026
13070
13338
13394
13414
13421
13453
13459
13522
13622
13629
13677
13691
13712
13772
13780
13821
13876
13923
14063
14138
14157
14161
14268
14321
14346
14407
14415
14425
14475
14530
14675
14680
14736
14756
14759
14783
14828
14937
14949
14971
15010
15026
15048
15121
15134
15148
15174
15196
15276
15277
15311
15325
15329
15390
15432
15530
15540
15567
15629
15665
15724
15780
15924
15988
16017
16021
16093
16188
16295
16344
16417
16422
16427
16460
16463
16521
16724
16755
16797
16821
16889
16927
16972
17013
17105
17267
17277
17285
17288
17342
17343
17365
17370
17450
17479
17503
17519
17650
17713
17746
17747
17767
17770
17786
17834
17901
17937
18004
18006
18008
18046
18049
18051
18113
18148
18163
18166
18172
18238
18275
18295
18381
18455
18549
18550
18634
18666
18925
18943
18964
19023
19047
19084
19123
19149
19189
19224
19269
19298
19300
19355
19411
19422
19438
19440
19482
19491
19496
19601
19670
19813
19898
19926
19939
19940
19970
20195
20247
20355
20494
20553
20746
20772
20786
20824
20902
20932
20962
21005
21022
21126
21180
21224
21234
21263
21271
21286
21303
21310
21353
21415
21450
21594
21627
21646
21652
21730
21868
21955
22100
22107
22118
22133
22174
22186
22231
22262
22283
22287
22323
22337
22353
22355
22359
22419
22487
22490
22540
22601
22618
22624
22754
22776
22825
22833
22885
22894
22958
22981
22985
23089
23150
23205
23229
23260
23267
23331
23340
23382
23435
23464
23476
23488
23495
23509
23535
23538
23553
23647
23653
23677
23700
23782
23886
23918
23956
23963
23987
24014
24022
24075
24140
24166
24182
24214
24224
24228
24266
24277
24305
24314
24437
24615
24621
24625
24631
24640
24648
24668
24680
24740
24789
24835
24871
24896
24937
25047
25048
25081
25195
25262
25359
25459
25465
25480
25516
25537
25556
25663
25733
25795
25867
25936
25957
25995
26025
26081
26087
26143
26194
26218
26240
26277
26288
26339
26411
26539
26555
26637
26735
26872
26875
26876
26908
26917
26922
26989
27047
27060
27136
27187
27201
27238
27261
27271
27278
27306
27354
27362
27379
27394
27425
27463
27520
27522
27530
27626
27654
27663
27685
27696
27701
27737
27738
27769
27806
27844
27849
27856
27876
28033
28044
28124
28134
28135
28137
28204
28220
28239
28314
28341
28467
28527
28536
28562
28645
28686
28732
28776
28781
28787
28816
28850
28883
28948
29061
29075
29083
29107
29110
29260
29279
29332
29344
29407
29473
29589
29644
29677
29710
29763
29785
29813
29817
29829
29904
29912
29959
30017
30070
30082
30185
30212
30239
30240
30268
30284
30288
30320
30414
30419
30431
30463
30546
30591
30609
30678
30735
30750
30810
30856
30873
30943
30956
30968
30975
31001
31010
31072
31086
31089
31133
31248
31268
31271
31276
31296
31385
31406
31475
31553
31573
31609
31617
31628
31631
31655
31658
31716
31741
31782
31818
31829
31837
31860
31927
31990
32032
32124
32186
32267
32272
32274
32317
32410
32419
32424
32450
32451
32456
32500
32503
32508
32509
32528
32531
32602
32620
32630
32649
32662
32663
32781
32824
32998
33001
33019
33075
33112
33144
33183
33237
33266
33279
33297
33331
33388
33404
33418
33453
33472
33473
33537
33581
33637
33680
33762
33768
33833
33868
33897
33941
33980
33990
33996
34028
34045
34069
34086
34176
34199
34218
34234
34250
34254
34284
34312
34392
34394
34432
34485
34490
34495
34620
34625
34680
34739
34804
34822
34880
34894
35120
35143
35217
35246
35253
35288
35295
35304
35395
35406
35440
35474
35520
35565
35580
35650
35667
35676
35695
35795
35799
35832
35853
35933
36084
36119
36123
36144
36163
36220
36229
36354
36399
36403
36425
36433
36477
36502
36525
36528
36538
36556
36591
36633
36643
36661
36675
36743
36784
36806
36889
36906
37013
37033
37054
37123
37132
37141
37171
37225
37245
37320
37455
37479
37490
37499
37699
37708
37854
37863
37869
37874
37902
37918
38032
38047
38048
38091
38198
38201
38245
38325
38364
38429
38446
38452
38553
38571
38601
38650
38704
38708
38712
38721
38739
38856
38891
38940
39002
39023
39033
39062
39131
39169
39177
39181
39224
39373
39377
39380
39406
39461
39485
39556
39567
39636
39684
39713
39714
39729
39823
39824
39826
39832
39924
39969
39989
-1
