16
20
74
101
189
258
270
341
357
425
459
519
531
566
569
635
746
914
995
1001
1059
1117
1120
1240
1241
1319
1347
1370
1414
1459
1482
1544
1569
1665
1693
1694
1726
1737
1781
1896
1941
1948
1970
1977
2024
2045
2052
2094
2100
2191
2289
2308
2394
2428
2462
2531
2605
2700
2729
2751
2773
2855
2858
2921
2932
2940
2968
3020
3037
3201
3226
3227
3247
3256
3299
3346
3359
3398
3455
3467
3525
3536
3559
3570
3679
3711
3721
3783
3822
3834
3835
3891
3915
3950
4010
4037
4140
4162
4182
4187
4274
4276
4338
4380
4494
4548
4552
4584
4634
4651
4687
4701
4758
4791
4822
4835
4855
4879
4881
4882
4921
4983
5000
5116
5124
5198
5205
5342
5361
5406
5429
5474
5496
5515
5633
5636
5705
5709
5734
5737
5757
5760
5787
5791
5800
5820
5825
5883
5935
5942
5948
5966
5969
6027
6052
6115
6117
6196
6222
6245
6246
6343
6370
6524
6528
6646
6648
6655
6663
6665
6794
6848
6968
7033
7104
7116
7124
7176
7183
7214
7221
7222
7306
7346
7379
7405
7413
7435
7520
7554
7669
7713
7860
7967
7994
8047
8175
8188
8271
8327
8448
8486
8603
8609
8654
8698
8805
8809
8839
8877
8990
8991
9037
9062
9063
9073
9108
9114
9120
9123
9161
9233
9245
9259
9281
9319
9350
9365
9367
9412
9420
9472
9490
9546
9556
9579
9600
9645
9688
9717
9817
9836
9887
9991
10059
10109
10212
10217
10316
10325
10495
10541
10656
10668
10676
10708
10788
10806
10810
10862
10965
10980
10985
11056
11088
11207
11272
11339
11342
11426
11493
11500
11543
11546
11583
11628
11644
11724
11733
11761
11788
11838
11839
11859
11866
12106
12186
12238
12251
12390
12414
12467
12472
12529
12531
12537
12556
12558
12590
12600
12609
12688
12740
12812
12821
12859
12863
12966
13059
13069
13196
13234
13243
13251
13275
13420
13465
13504
13539
13553
13606
13615
13631
13746
13785
13816
13822
13824
13876
13948
14008
14114
14216
14217
14249
14251
14315
14327
14344
14363
14384
14394
14467
14535
14562
14576
14640
14682
14719
14803
14813
14817
14828
14842
14889
14904
14905
14996
15050
15106
15130
15151
15156
15157
15246
15363
15400
15468
15492
15521
15591
15596
15606
15658
15696
15714
15720
15753
15768
15853
15912
15935
15962
16020
16038
16061
16072
16118
16139
16163
16166
16228
16259
16312
16359
16381
16399
16455
16458
16477
16516
16557
16597
16624
16650
16673
16717
16779
16798
16908
16915
16942
16969
17007
17034
17061
17064
17092
17152
17243
17256
17360
17375
17460
17461
17469
17505
17565
17683
17691
17778
17783
17792
17851
17853
17907
17971
18022
18113
18163
18253
18289
18297
18309
18333
18406
18444
18449
18473
18514
18537
18570
18593
18616
18663
18669
18674
18702
18724
18771
18778
18815
18823
18851
18883
18898
18928
18978
19004
19010
19013
19044
19054
19058
19117
19208
19217
19232
19249
19259
19312
19328
19365
19512
19634
19659
19675
19741
19796
19799
19827
19839
19847
19930
19953
19985
19990
20117
20142
20194
20248
20344
20396
20426
20456
20477
20538
20570
20630
20631
20656
20715
20774
20807
20809
20824
20887
20939
20966
20972
20978
21034
21081
21178
21323
21335
21349
21374
21441
21552
21576
21586
21637
21648
21652
21681
21771
21810
21894
21938
21944
21991
22009
22166
22167
22179
22241
22263
22271
22284
22322
22377
22417
22420
22426
22439
22473
22486
22499
22529
22575
22664
22665
22685
22744
22757
22797
22802
22821
22952
22970
22972
23029
23164
23206
23225
23239
23251
23286
23367
23388
23389
23405
23427
23430
23447
23449
23454
23518
23527
23609
23625
23673
23699
23831
23836
23925
23997
24012
24113
24164
24256
24270
24316
24452
24472
24526
24548
24584
24636
24659
24675
24706
24757
24797
24891
24902
25044
25079
25085
25097
25114
25115
25126
25177
25214
25230
25268
25348
25377
25387
25456
25503
25557
25604
25659
25664
25679
25700
25708
25717
25723
25739
25812
25860
25925
25962
26072
26098
26142
26145
26185
26291
26306
26347
26522
26592
26606
26617
26656
26695
26709
26721
26774
26775
26816
26837
26869
26881
26982
26986
27025
27031
27038
27067
27083
27092
27130
27156
27186
27236
27265
27301
27302
27395
27433
27460
27495
27566
27688
27696
27723
27730
27752
27827
27876
27908
28029
28099
28137
28144
28155
28158
28205
28263
28323
28338
28420
28440
28541
28544
28558
28681
28722
28875
28877
28934
28941
29062
29083
29202
29247
29259
29325
29364
29372
29412
29416
29428
29475
29489
29511
29535
29545
29620
29667
29716
29792
29827
29851
29879
29886
29898
29911
30023
30082
30293
30353
30380
30393
30396
30429
30547
30609
30623
30692
30703
30748
30848
30851
30921
30957
31033
31133
31165
31319
31372
31375
31442
31466
31472
31541
31545
31607
31622
31705
31715
31725
31780
31792
31797
31890
31900
31914
31967
32061
32107
32118
32171
32279
32304
32320
32364
32393
32403
32464
32465
32535
32557
32775
32809
32839
32890
32936
32947
33053
33073
33074
33092
33123
33194
33308
33368
33465
33516
33557
33566
33567
33581
33618
33640
33743
33780
34002
34063
34066
34126
34151
34219
34293
34304
34369
34393
34468
34472
34500
34570
34822
34948
34971
34997
35006
35009
35045
35057
35092
35119
35200
35213
35246
35319
35324
35379
35412
35443
35478
35502
35547
35751
35806
35817
35828
35861
35867
35903
35926
35953
35984
36014
36042
36101
36104
36132
36141
36182
36191
36216
36218
36252
36265
36308
36339
36354
36378
36439
36488
36529
36608
36640
36744
36756
36761
36803
36829
36832
36840
36849
36898
36931
36959
36966
37046
37074
37174
37215
37249
37286
37296
37320
37330
37338
37384
37432
37442
37556
37557
37595
37596
37633
37671
37775
37776
37807
37851
37879
37929
37934
37946
37968
37983
37990
38021
38093
38122
38161
38229
38288
38297
38331
38338
38339
38341
38348
38356
38401
38414
38576
38603
38607
38614
38630
38694
38698
38709
38720
38743
38766
38775
38786
38793
38803
38852
38863
38887
38888
38909
38912
38938
38946
38955
38977
38993
39011
39015
39022
39040
39056
39120
39296
39316
39448
39463
39528
39536
39538
39588
39617
39620
39629
39667
39668
39691
39757
39766
39822
39841
39874
39884
39918
39968
-1