22
92
100
110
167
185
255
467
540
545
548
622
667
681
688
718
835
847
866
998
1093
1096
1117
1136
1384
1388
1401
1488
1691
1694
1696
1719
1760
1785
1808
1932
1936
1980
2019
2033
2160
2179
2226
2286
2333
2346
2454
2535
2539
2563
2564
2665
2718
2864
2875
2895
2937
2942
2959
2982
3030
3082
3085
3150
3158
3275
3319
3322
3333
3341
3373
3408
3444
3477
3478
3491
3529
3571
3592
3643
3708
3865
3872
3875
4026
4099
4100
4104
4113
4137
4324
4330
4357
4383
4455
4475
4495
4542
4603
4609
4897
4910
4925
4997
4998
5005
5082
5159
5221
5264
5408
5411
5474
5488
5512
5520
5580
5606
5682
5716
5729
5749
5774
5822
5873
5942
5944
6002
6038
6052
6137
6150
6175
6247
6257
6323
6328
6358
6394
6410
6464
6569
6596
6621
6844
6857
6900
6937
6973
6992
7019
7027
7103
7104
7129
7147
7161
7180
7188
7259
7302
7341
7343
7347
7384
7385
7394
7402
7418
7515
7594
7649
7681
7738
7797
7798
7844
7871
7977
7986
8048
8066
8114
8158
8197
8221
8235
8252
8253
8311
8323
8341
8395
8434
8484
8495
8521
8555
8581
8589
8616
8642
8657
8679
8685
8687
8693
8726
8832
8860
9008
9048
9072
9094
9207
9238
9253
9292
9304
9313
9340
9434
9536
9563
9591
9603
9611
9637
9646
9658
9725
9845
9920
9928
9935
10002
10005
10022
10050
10136
10149
10173
10177
10227
10229
10240
10273
10287
10316
10325
10345
10355
10361
10453
10455
10550
10567
10750
10769
10784
10829
10852
10874
10884
10908
11019
11029
11030
11138
11155
11167
11198
11202
11243
11260
11303
11347
11367
11384
11385
11388
11436
11465
11471
11491
11535
11610
11629
11654
11680
11690
11710
11714
11740
11783
11827
11840
11853
11893
11904
11942
11947
12012
12132
12194
12250
12331
12339
12366
12371
12392
12487
12517
12557
12578
12595
12647
12666
12684
12712
12725
12732
12764
12857
12879
12885
12910
12965
13043
13088
13101
13180
13183
13184
13274
13279
13290
13323
13346
13407
13435
13448
13453
13462
13468
13501
13556
13622
13676
13705
13788
13794
13795
13822
13891
13899
13916
13918
13936
13951
14070
14110
14164
14228
14264
14326
14346
14348
14386
14389
14413
14468
14536
14570
14614
14647
14763
14803
14822
14824
14829
14839
14872
14878
14967
14973
14990
15073
15084
15102
15155
15225
15228
15229
15264
15265
15266
15289
15343
15454
15483
15489
15490
15510
15532
15538
15544
15565
15570
15610
15620
15767
15858
15879
15890
15906
15950
15991
16004
16043
16045
16169
16252
16274
16291
16362
16428
16447
16458
16474
16659
16698
16717
16737
16744
16784
16803
16837
16895
16945
16950
16973
17018
17064
17098
17130
17168
17224
17227
17228
17242
17302
17318
17347
17462
17495
17536
17538
17564
17597
17675
17747
17803
17849
17918
18014
18088
18114
18129
18173
18186
18246
18319
18351
18417
18476
18558
18562
18589
18616
18653
18663
18811
18823
18858
18900
18982
19040
19057
19062
19242
19272
19449
19493
19525
19575
19582
19773
19833
19932
19959
20036
20054
20135
20221
20329
20436
20448
20449
20467
20486
20511
20554
20566
20670
20706
20807
20931
20947
20949
20965
21097
21106
21136
21178
21190
21205
21216
21240
21251
21335
21372
21381
21387
21410
21446
21457
21556
21576
21582
21639
21731
21815
21838
21858
21966
22048
22078
22098
22112
22196
22200
22219
22319
22355
22454
22480
22485
22491
22497
22572
22591
22639
22650
22671
22699
22719
22720
22729
22735
22740
22773
22795
22823
22860
22864
22959
22961
22982
23043
23055
23086
23088
23113
23143
23180
23230
23283
23291
23317
23328
23366
23367
23376
23455
23500
23802
23819
23874
23877
23883
23945
24000
24009
24073
24108
24116
24119
24146
24162
24188
24215
24237
24280
24318
24325
24357
24374
24405
24411
24435
24448
24453
24506
24568
24572
24577
24643
24671
24695
24731
24763
24811
24817
24830
24835
24847
24881
24986
25023
25055
25062
25088
25155
25282
25381
25412
25458
25465
25491
25527
25551
25657
25680
25687
25702
25788
25826
25871
25874
25984
26042
26051
26056
26076
26129
26285
26351
26421
26472
26570
26623
26640
26770
26801
26804
26894
26928
26933
26953
26975
27004
27062
27072
27116
27144
27164
27180
27195
27212
27230
27276
27291
27329
27472
27529
27551
27693
27705
27756
27791
27966
27981
27991
28122
28126
28448
28516
28529
28609
28664
28751
28875
28876
28911
28988
29012
29014
29022
29030
29063
29224
29281
29375
29446
29485
29506
29524
29596
29614
29643
29690
29750
29762
29765
29768
29809
29856
29981
29992
30042
30045
30053
30078
30083
30107
30143
30150
30165
30177
30230
30262
30327
30373
30468
30490
30494
30530
30537
30553
30648
30688
30751
30772
30863
30871
30953
30969
31077
31107
31133
31259
31317
31330
31349
31425
31438
31441
31493
31612
31620
31653
31735
31782
31885
32035
32061
32152
32165
32185
32238
32264
32314
32337
32363
32367
32373
32394
32414
32428
32508
32524
32574
32578
32722
32813
32836
32868
32896
32922
33209
33217
33291
33327
33331
33418
33431
33432
33444
33474
33486
33550
33580
33671
33840
33924
33973
33983
33987
34002
34185
34191
34207
34262
34336
34441
34509
34549
34578
34585
34676
34677
34683
34701
34705
34706
34802
34854
34891
34924
34985
34995
35086
35090
35101
35112
35130
35156
35181
35255
35433
35458
35471
35493
35495
35497
35636
35641
35653
35683
35709
35747
35752
35765
35776
35820
35885
35886
36003
36101
36109
36116
36141
36155
36235
36334
36345
36347
36373
36409
36419
36466
36498
36596
36607
36684
36710
36725
36752
36757
36758
36774
36849
36863
36907
36921
36938
36949
37040
37055
37143
37145
37163
37238
37249
37298
37317
37332
37354
37372
37379
37410
37434
37451
37466
37477
37535
37551
37589
37604
37627
37668
37683
37721
37729
37742
37758
37791
37792
37896
37907
37941
38023
38086
38091
38139
38170
38241
38279
38366
38429
38445
38447
38467
38500
38506
38524
38572
38628
38636
38642
38658
38689
38726
38742
38755
38804
38869
38998
39031
39062
39074
39121
39133
39147
39198
39232
39255
39324
39351
39490
39499
39510
39517
39520
39555
39559
39571
39579
39584
39598
39626
39671
39793
39801
39826
39842
39846
39903
39920
-1
