1
8
59
114
137
200
244
247
256
353
356
407
430
444
539
609
656
668
689
704
720
727
787
816
875
991
995
1001
1070
1121
1124
1236
1357
1451
1473
1477
1537
1589
1598
1605
1662
1697
1714
1717
1760
1820
1892
1923
2036
2100
2141
2187
2346
2354
2362
2422
2438
2441
2471
2535
2541
2606
2628
2656
2660
2704
2749
2756
2771
2928
3022
3057
3058
3104
3122
3124
3276
3285
3301
3388
3409
3462
3465
3484
3503
3574
3607
3695
3696
3788
3865
3870
3883
3897
3947
4048
4079
4107
4119
4180
4196
4255
4264
4328
4344
4432
4509
4522
4563
4566
4572
4631
4693
4696
4720
4730
4739
4760
4913
4921
4933
4956
5056
5103
5129
5325
5388
5413
5715
5725
5885
6007
6086
6129
6167
6243
6316
6354
6407
6427
6480
6523
6572
6601
6602
6604
6686
6727
6729
6741
6761
6766
6799
6833
6837
6992
7002
7053
7060
7138
7214
7244
7256
7257
7282
7356
7394
7409
7511
7524
7553
7559
7605
7681
7848
7868
7985
7992
8033
8053
8056
8062
8072
8158
8186
8240
8276
8290
8299
8317
8438
8469
8676
8677
8707
8733
8784
8838
8871
8908
8970
9009
9055
9125
9188
9209
9229
9246
9253
9372
9410
9530
9543
9623
9629
9657
9665
9674
9680
9681
9708
9734
9774
9800
9803
9832
9892
9906
9938
9951
9958
10079
10175
10235
10379
10419
10476
10507
10587
10640
10648
10663
10683
10693
10733
10813
10831
10950
10996
11023
11029
11043
11092
11134
11135
11211
11238
11250
11274
11296
11306
11349
11389
11441
11445
11494
11657
11726
11765
11777
11802
11834
11840
11849
11969
11995
12001
12016
12079
12122
12124
12142
12147
12393
12401
12405
12408
12503
12535
12541
12759
12843
12910
12929
12934
13020
13064
13073
13127
13227
13302
13334
13336
13343
13448
13461
13471
13518
13629
13667
13724
13731
13752
13754
13786
13890
13926
13938
13957
13984
14011
14015
14094
14242
14264
14285
14342
14355
14357
14359
14369
14375
14415
14609
14619
14622
14652
14669
14752
14806
14817
14846
14966
15030
15054
15060
15063
15137
15207
15217
15278
15279
15291
15324
15349
15358
15359
15374
15431
15510
15550
15612
15620
15644
15646
15672
15775
15789
15793
15816
15828
15831
15857
15867
15936
15987
15994
16145
16149
16170
16180
16295
16324
16376
16427
16450
16464
16486
16489
16492
16520
16661
16719
16750
16841
16895
16932
16942
17032
17083
17160
17190
17211
17240
17260
17408
17480
17500
17541
17552
17578
17602
17651
17682
17722
17730
17747
17760
17766
17785
17864
18066
18084
18105
18152
18180
18215
18303
18352
18477
18513
18517
18534
18555
18563
18578
18593
18611
18732
18764
18765
18776
18778
18812
18837
18861
18864
18909
18949
18971
19000
19055
19056
19142
19156
19268
19280
19286
19329
19357
19359
19443
19528
19579
19612
19646
19684
19728
19744
19762
19781
19786
19843
19845
19851
19864
19901
19905
19919
20033
20119
20195
20239
20258
20358
20367
20449
20537
20544
20582
20584
20591
20611
20746
20748
20783
20812
20909
20951
20957
20971
20994
21029
21075
21086
21124
21142
21246
21297
21309
21481
21485
21505
21624
21716
21743
21781
21811
21856
21858
21871
21898
21925
21991
22013
22019
22073
22094
22122
22285
22291
22309
22326
22390
22417
22424
22431
22478
22544
22600
22610
22771
22819
22821
22836
22866
22900
22932
22963
23049
23106
23108
23120
23122
23130
23163
23177
23233
23255
23311
23332
23381
23473
23543
23561
23576
23596
23654
23662
23677
23798
23860
23898
23930
23980
24012
24016
24020
24055
24064
24221
24262
24366
24455
24535
24577
24583
24595
24636
24713
24753
24769
24783
24854
24907
24963
25000
25022
25054
25064
25102
25214
25329
25391
25407
25422
25426
25431
25462
25477
25509
25524
25540
25571
25609
25655
25935
25963
25975
25990
26021
26041
26044
26045
26051
26116
26132
26197
26212
26221
26282
26283
26285
26349
26394
26408
26440
26455
26483
26502
26546
26603
26618
26640
26651
26680
26786
26824
26880
26956
26969
27020
27034
27045
27072
27366
27380
27439
27487
27516
27521
27534
27571
27614
27700
27727
27741
27773
27840
27896
27936
27948
28000
28065
28082
28099
28157
28179
28189
28209
28272
28286
28343
28344
28391
28444
28472
28484
28499
28500
28538
28603
28661
28671
28686
28722
28764
28787
28819
28824
28839
28872
28877
28879
29038
29043
29078
29101
29131
29143
29210
29307
29324
29460
29470
29486
29488
29500
29501
29535
29615
29620
29642
29651
29697
29715
29742
29750
29796
29815
29852
29967
29976
30015
30045
30048
30066
30105
30113
30143
30147
30235
30298
30340
30360
30398
30421
30430
30447
30452
30453
30459
30702
30703
30711
30739
30815
30819
30844
30880
30896
30930
30965
30974
31038
31114
31117
31128
31150
31187
31273
31307
31359
31369
31400
31490
31538
31813
31816
31826
31863
31913
31917
31931
31974
32069
32159
32169
32192
32256
32316
32419
32436
32507
32548
32601
32613
32629
32714
32864
32876
32878
33001
33012
33044
33073
33081
33108
33142
33184
33228
33334
33337
33352
33413
33429
33442
33475
33479
33582
33650
33674
33682
33775
33821
33833
33838
33891
33969
33994
34004
34096
34097
34115
34170
34201
34332
34392
34399
34461
34507
34510
34591
34650
34697
34702
34705
34725
34776
34777
34825
34835
34918
34954
34992
35014
35051
35082
35183
35195
35216
35227
35260
35336
35427
35451
35482
35505
35535
35610
35623
35730
35731
35733
35735
35851
35865
35912
35917
35994
36042
36086
36107
36108
36112
36147
36193
36213
36239
36256
36258
36277
36344
36359
36400
36409
36456
36500
36559
36579
36634
36673
36698
36800
36849
36853
36902
36926
36944
36945
36955
36976
36982
37009
37027
37072
37127
37158
37188
37193
37228
37241
37267
37281
37298
37343
37361
37438
37521
37522
37565
37651
37670
37673
37763
37766
37785
37847
37920
37924
37968
37971
37997
38021
38026
38074
38082
38134
38187
38280
38302
38305
38413
38464
38502
38515
38529
38538
38578
38596
38609
38615
38627
38639
38676
38696
38730
38745
38814
38848
38902
38951
38953
38969
38979
38988
39073
39083
39105
39106
39150
39170
39213
39235
39275
39331
39394
39424
39430
39453
39462
39497
39530
39606
39729
39744
39853
39865
39900
39968
-1
