17
99
176
188
204
237
340
369
391
417
424
439
500
551
556
582
585
601
615
625
646
716
729
810
884
950
966
1013
1029
1050
1053
1059
1115
1281
1320
1372
1389
1400
1436
1463
1495
1588
1598
1703
1721
1722
1793
1806
1862
1891
1902
1979
2022
2059
2072
2081
2094
2177
2215
2280
2356
2437
2471
2500
2583
2599
2612
2618
2622
2633
2678
2681
2720
2743
2749
2769
2819
2867
2877
2905
2987
2997
2999
3067
3077
3097
3154
3204
3221
3247
3256
3268
3295
3325
3343
3409
3429
3514
3560
3590
3594
3615
3617
3750
3794
3838
3849
3856
3920
3926
4005
4016
4025
4033
4126
4137
4144
4271
4297
4320
4324
4341
4445
4530
4545
4551
4559
4689
4735
4834
4844
4890
4896
4929
4955
5174
5204
5234
5286
5302
5470
5529
5604
5661
5769
5776
5825
6030
6116
6150
6202
6234
6240
6266
6276
6303
6311
6358
6400
6455
6458
6486
6491
6500
6560
6734
6750
6817
6924
7105
7174
7175
7203
7242
7281
7283
7448
7471
7499
7524
7541
7571
7623
7764
7809
7814
7822
7898
8013
8020
8034
8047
8265
8311
8327
8386
8509
8521
8571
8683
8698
8737
8891
8935
9021
9028
9041
9125
9168
9192
9202
9230
9308
9319
9328
9384
9404
9416
9424
9480
9482
9496
9534
9541
9557
9570
9598
9677
9696
9704
9744
9797
9828
9842
9852
9866
9879
9970
9978
9981
9988
10013
10017
10032
10036
10059
10109
10126
10187
10191
10255
10295
10349
10366
10376
10445
10469
10506
10604
10713
10750
10788
10848
10861
10916
10984
11105
11121
11161
11209
11349
11384
11426
11440
11466
11489
11520
11521
11558
11592
11601
11628
11762
11793
11831
11861
11873
11930
11932
12013
12050
12051
12079
12088
12106
12126
12204
12260
12290
12308
12360
12392
12421
12533
12568
12599
12613
12618
12645
12683
12699
12721
12738
12748
12788
12877
12929
13000
13016
13047
13070
13101
13106
13257
13297
13366
13390
13407
13434
13436
13519
13527
13567
13652
13654
13694
13771
13828
13857
13866
13876
13939
13944
13961
13997
14185
14215
14241
14287
14296
14377
14407
14415
14455
14458
14514
14535
14555
14606
14647
14661
14690
14715
14737
14757
14802
14878
14898
14914
14942
15094
15141
15157
15332
15370
15437
15445
15500
15510
15523
15525
15590
15607
15673
15727
15741
15849
15859
15906
16168
16180
16182
16187
16195
16214
16280
16341
16354
16413
16428
16471
16479
16569
16602
16623
16644
16675
16724
16756
16765
16802
16833
16837
16851
16880
16917
16961
16991
17036
17048
17067
17111
17186
17205
17271
17309
17320
17339
17361
17374
17452
17474
17477
17595
17615
17646
17662
17742
17797
17827
17842
17846
17858
17893
17897
17910
17941
17974
17980
18019
18076
18154
18172
18223
18243
18252
18353
18361
18379
18393
18399
18447
18552
18565
18566
18568
18643
18644
18671
18739
18748
18781
18812
18911
18946
18975
19006
19011
19205
19223
19230
19256
19259
19279
19293
19295
19297
19376
19381
19409
19431
19512
19546
19569
19572
19598
19627
19679
19716
19732
19788
19808
19832
19853
19924
19935
19944
19964
20030
20065
20091
20180
20263
20294
20310
20348
20361
20364
20420
20432
20445
20461
20519
20622
20710
20732
20755
20769
20829
20906
20936
20938
21055
21083
21164
21167
21201
21281
21285
21298
21308
21337
21349
21363
21543
21603
21632
21637
21787
21802
21814
21840
21886
21950
21999
22033
22062
22149
22199
22230
22263
22294
22302
22352
22372
22409
22530
22572
22577
22616
22629
22706
22731
22741
22771
22796
22828
22848
22849
22873
22908
22918
22923
23077
23084
23180
23185
23220
23223
23334
23365
23374
23390
23429
23455
23531
23541
23569
23639
23652
23676
23708
23742
23759
23784
23802
23864
23916
23922
23927
23962
23967
24038
24060
24079
24085
24206
24437
24481
24576
24813
24821
24825
24845
24865
24950
24958
25116
25147
25169
25193
25197
25225
25272
25286
25293
25307
25324
25340
25392
25443
25577
25612
25677
25723
25739
25810
25822
25836
25877
25931
25948
25964
25980
26003
26010
26013
26079
26099
26134
26163
26198
26228
26229
26283
26292
26293
26296
26411
26443
26450
26463
26602
26740
26748
26855
26856
26870
26920
26930
27009
27039
27053
27055
27069
27078
27108
27165
27168
27257
27410
27443
27453
27463
27546
27598
27654
27675
27678
27716
27728
27738
27754
27785
27793
27932
27939
28053
28146
28162
28247
28271
28278
28321
28419
28498
28529
28622
28624
28665
28676
28711
28747
28849
28861
28904
28943
28970
29009
29098
29105
29203
29241
29366
29404
29412
29426
29466
29478
29488
29496
29539
29559
29588
29614
29707
29753
29775
29821
29837
29920
29950
30112
30133
30139
30141
30177
30192
30205
30307
30325
30331
30368
30449
30457
30469
30482
30525
30695
30763
30764
30792
30831
30929
30940
30988
30993
30995
31003
31036
31058
31074
31181
31219
31257
31458
31464
31466
31503
31577
31585
31594
31597
31711
31721
31756
31769
31898
32024
32110
32134
32141
32156
32157
32162
32165
32273
32278
32316
32334
32345
32353
32448
32543
32548
32651
32655
32667
32706
32742
32819
32822
32872
32976
33004
33021
33057
33065
33095
33098
33182
33206
33305
33323
33397
33425
33438
33516
33673
33738
33748
33767
33848
33849
33850
33858
33860
33923
33972
33996
34019
34116
34150
34254
34266
34270
34330
34420
34437
34532
34593
34617
34624
34662
34681
34767
34791
34807
34845
34855
34911
34949
35038
35063
35068
35174
35229
35297
35298
35310
35334
35407
35423
35432
35458
35472
35480
35496
35574
35636
35652
35691
35745
35784
35812
35854
35866
35906
35927
35943
35944
35996
36000
36033
36080
36097
36120
36142
36153
36169
36232
36259
36352
36366
36459
36470
36491
36549
36599
36688
36719
36752
36827
36886
37005
37062
37063
37077
37110
37140
37261
37354
37376
37448
37510
37525
37538
37560
37565
37651
37659
37694
37744
37773
37842
37898
38114
38125
38148
38160
38174
38193
38204
38215
38223
38273
38421
38424
38460
38517
38532
38597
38624
38638
38640
38674
38753
38772
38795
38800
38816
38859
38868
38879
38904
38963
38991
39003
39022
39033
39038
39064
39147
39208
39233
39286
39316
39344
39398
39514
39544
39576
39588
39684
39741
39842
39870
39891
39916
39939
-1
