141
179
212
230
304
323
335
347
386
442
499
516
545
566
604
620
665
697
734
743
756
790
791
829
852
856
874
906
947
1024
1032
1043
1095
1316
1344
1392
1409
1428
1457
1479
1499
1516
1521
1577
1625
1677
1682
1735
1739
1777
1798
1816
1828
1845
2023
2028
2040
2170
2208
2260
2271
2272
2295
2333
2335
2357
2418
2478
2572
2591
2629
2654
2757
2973
2987
3046
3088
3149
3183
3218
3244
3245
3267
3303
3317
3328
3340
3377
3418
3420
3450
3496
3502
3586
3595
3649
3760
3766
3784
3787
3871
3877
3911
3923
3959
3991
4024
4028
4063
4124
4164
4208
4209
4251
4308
4394
4477
4485
4558
4571
4609
4634
4664
4812
4836
4988
5016
5043
5108
5161
5164
5238
5245
5289
5401
5413
5438
5458
5475
5482
5493
5503
5556
5564
5608
5664
5709
5727
5758
5765
5839
5859
5895
5896
5960
5977
6015
6083
6085
6195
6208
6219
6225
6332
6363
6370
6388
6413
6421
6465
6664
6682
6684
6748
6810
6865
6876
6932
6955
7007
7009
7027
7036
7051
7094
7197
7225
7274
7403
7471
7480
7482
7520
7525
7551
7605
7620
7687
7702
7768
7804
7824
7870
7926
8038
8040
8043
8083
8173
8175
8222
8228
8234
8246
8258
8284
8353
8362
8374
8429
8502
8503
8512
8558
8592
8595
8671
8699
8733
8841
8863
8951
8969
8990
9039
9083
9144
9223
9249
9300
9363
9425
9437
9448
9465
9558
9559
9582
9603
9621
9624
9640
9673
9679
9700
9706
9713
9724
9751
9801
9817
9876
9916
9948
9964
9980
9981
10010
10045
10223
10224
10346
10397
10402
10406
10427
10438
10460
10466
10475
10477
10499
10533
10538
10557
10629
10699
10704
10774
10784
10945
10958
10959
10980
11089
11100
11217
11226
11247
11344
11348
11408
11413
11435
11476
11571
11644
11683
11722
11731
11758
11766
11780
11815
11816
11829
11846
11979
12023
12053
12111
12157
12261
12312
12316
12353
12436
12444
12493
12535
12541
12622
12685
12692
12696
12702
12708
12818
12856
13042
13081
13181
13235
13268
13292
13362
13385
13396
13496
13521
13531
13573
13630
13665
13679
13859
13870
13892
13931
13962
13970
14082
14121
14251
14283
14304
14367
14374
14564
14602
14701
14748
14756
14840
14909
15054
15062
15084
15085
15098
15289
15292
15319
15403
15422
15449
15460
15553
15560
15607
15613
15672
15690
15750
15774
15782
15809
15839
15865
15962
15965
15973
16032
16089
16091
16133
16139
16159
16179
16180
16267
16272
16296
16342
16381
16386
16393
16469
16474
16503
16504
16544
16605
16621
16643
16693
16723
16755
16756
16775
16802
16875
16880
16899
16927
16993
17108
17128
17210
17269
17290
17300
17361
17469
17488
17585
17618
17677
17680
17684
17754
17796
17798
17814
17840
17843
17858
17915
17962
18006
18007
18010
18017
18032
18166
18208
18217
18349
18375
18406
18424
18425
18427
18429
18434
18506
18570
18608
18756
18766
18881
18916
18954
18972
19036
19152
19155
19315
19344
19417
19465
19478
19548
19555
19569
19635
19645
19705
19783
19814
19829
19841
19847
19868
19873
19976
20042
20061
20065
20069
20187
20231
20249
20371
20402
20464
20515
20655
20765
20832
20841
20848
20875
20900
20961
20996
21019
21045
21078
21154
21177
21248
21291
21347
21380
21447
21459
21507
21563
21614
21725
21735
21801
21836
21873
21935
21937
21980
22003
22026
22056
22085
22163
22240
22257
22286
22298
22329
22376
22394
22581
22627
22649
22694
22713
22734
22774
22805
22839
22855
22891
22946
22947
23000
23038
23054
23133
23166
23187
23256
23266
23278
23353
23382
23386
23387
23433
23487
23499
23555
23578
23597
23704
23762
23783
23836
23878
24015
24113
24124
24199
24211
24369
24438
24521
24593
24637
24655
24743
24767
24771
24862
25019
25084
25148
25295
25299
25320
25344
25353
25414
25459
25599
25655
25686
25724
25743
25796
25850
25872
26014
26064
26101
26142
26193
26201
26203
26247
26270
26272
26350
26357
26412
26451
26484
26506
26508
26726
26783
26811
26815
26856
26894
26993
27014
27026
27046
27067
27074
27087
27208
27212
27251
27265
27300
27325
27408
27417
27448
27532
27575
27644
27656
27739
27796
27802
27804
27808
27838
27849
27929
27944
27976
28034
28043
28105
28177
28237
28270
28275
28316
28384
28431
28454
28474
28584
28589
28618
28686
28712
28806
28892
28918
28945
28991
29005
29024
29053
29177
29203
29270
29307
29336
29348
29417
29433
29452
29471
29500
29518
29530
29545
29637
29645
29666
29678
29718
29721
29743
29781
29796
29857
29932
30078
30166
30177
30198
30317
30318
30380
30406
30410
30416
30485
30489
30499
30562
30610
30659
30905
31027
31083
31135
31174
31194
31207
31259
31278
31349
31385
31400
31407
31427
31429
31488
31547
31586
31590
31623
31648
31678
31725
31912
32097
32121
32139
32193
32291
32296
32368
32442
32446
32470
32591
32600
32608
32639
32679
32681
32682
32687
32809
32811
32843
32859
32879
32918
32924
32970
32987
33014
33080
33296
33338
33357
33382
33416
33443
33471
33502
33519
33662
33686
33812
33943
33952
33984
33991
33999
34002
34016
34043
34110
34137
34217
34314
34403
34419
34443
34537
34562
34564
34724
34746
34848
34864
34954
34967
35063
35145
35160
35173
35207
35210
35212
35270
35347
35354
35365
35370
35384
35396
35397
35406
35420
35440
35466
35591
35611
35673
35675
35678
35683
35783
35793
35804
35887
35919
35926
35939
35942
35984
35990
36103
36115
36203
36210
36219
36221
36249
36309
36320
36338
36387
36428
36430
36444
36453
36469
36503
36522
36630
36637
36642
36648
36697
36699
36702
36712
36734
36763
36875
36878
36891
36927
36931
36933
36970
37022
37045
37063
37103
37117
37154
37222
37242
37278
37288
37318
37337
37351
37479
37504
37522
37525
37625
37704
37743
37759
37763
37766
37771
37794
37819
37836
37874
37910
37922
37956
38039
38051
38122
38162
38239
38335
38373
38394
38408
38465
38473
38556
38559
38561
38660
38687
38693
38712
38786
38815
38821
38862
38868
38901
38909
38910
38933
38959
38971
38972
38981
39011
39055
39097
39117
39135
39258
39305
39313
39404
39428
39435
39446
39460
39468
39510
39574
39584
39598
39635
39638
39643
39679
39691
39708
39732
39795
39837
39883
39885
39906
-1
