37
47
86
90
103
153
161
178
206
317
377
378
383
393
394
427
450
477
496
668
669
729
766
805
842
871
898
899
921
951
1018
1020
1054
1107
1123
1226
1268
1272
1280
1281
1342
1353
1440
1565
1604
1609
1678
1788
1832
1858
1922
1991
2005
2029
2063
2093
2095
2277
2282
2284
2333
2387
2434
2475
2483
2512
2543
2584
2594
2690
2710
2712
2757
2770
2796
2811
2851
2903
3086
3087
3118
3127
3136
3182
3216
3253
3318
3343
3470
3496
3499
3536
3577
3639
3642
3741
3789
3796
3807
3821
3863
3878
3921
3925
3949
3957
3980
4021
4062
4091
4256
4330
4372
4392
4425
4426
4459
4462
4533
4587
4588
4663
4737
4855
4895
4897
4907
4948
4967
5022
5053
5183
5236
5304
5315
5343
5391
5440
5447
5455
5514
5517
5520
5531
5589
5666
5682
5712
5821
5895
5946
5947
5959
6108
6113
6145
6165
6169
6182
6189
6241
6250
6306
6338
6340
6386
6494
6576
6641
6732
6793
7007
7009
7067
7091
7304
7310
7326
7375
7383
7397
7404
7473
7486
7509
7527
7546
7557
7576
7604
7759
7760
7766
7780
7798
7822
7904
7981
7994
8012
8021
8029
8061
8080
8246
8348
8392
8413
8448
8457
8542
8575
8663
8737
8753
8760
8792
8800
8831
8847
8862
8893
8901
8905
8981
8993
9075
9078
9180
9227
9284
9289
9415
9416
9427
9428
9533
9568
9601
9627
9656
9663
9667
9741
9797
9831
9837
9877
9979
9995
10003
10016
10038
10108
10119
10166
10168
10178
10251
10271
10287
10298
10311
10345
10355
10375
10386
10390
10430
10449
10490
10492
10668
10680
10698
10709
10762
10793
10985
11134
11233
11288
11370
11377
11418
11434
11483
11586
11615
11763
11775
11785
11810
11837
11884
11919
11938
12043
12169
12178
12179
12192
12210
12250
12256
12340
12347
12407
12434
12450
12451
12468
12479
12497
12507
12557
12616
12619
12660
12693
12694
12747
12816
12864
12899
12951
12979
12999
13011
13039
13103
13111
13168
13286
13303
13360
13402
13413
13426
13427
13442
13525
13568
13607
13608
13649
13699
13713
13758
13831
13929
13959
13998
14018
14169
14191
14207
14293
14344
14369
14399
14471
14491
14572
14574
14655
14735
14742
14771
14869
14876
14888
14971
15033
15043
15131
15157
15204
15207
15259
15267
15365
15367
15376
15433
15438
15497
15547
15557
15576
15602
15618
15653
15682
15699
15712
15812
15818
15832
15836
15859
15894
15953
15977
16002
16104
16111
16162
16220
16361
16395
16399
16446
16453
16565
16640
16645
16770
16790
16828
16829
16906
16934
16995
17081
17107
17216
17225
17241
17253
17295
17323
17329
17412
17433
17469
17473
17520
17570
17581
17643
17744
17748
17757
17781
17842
17862
17928
17970
17992
18000
18011
18042
18077
18081
18087
18111
18194
18229
18302
18376
18529
18544
18707
18781
18788
18811
18820
18837
18877
18906
18925
18957
18965
18986
19052
19083
19096
19119
19130
19131
19133
19150
19177
19178
19202
19255
19283
19335
19353
19431
19600
19673
19713
19723
19744
19763
19775
19793
19810
19846
19933
20091
20144
20183
20207
20249
20337
20342
20364
20383
20416
20549
20581
20613
20684
20691
20701
20762
20783
20793
20814
20890
20995
21104
21129
21142
21158
21161
21170
21230
21235
21244
21298
21430
21487
21496
21530
21545
21551
21552
21560
21563
21571
21605
21677
21691
21878
21903
21971
22101
22176
22223
22373
22389
22437
22505
22577
22618
22658
22660
22688
22758
22762
22800
22841
22904
22908
22974
23042
23096
23127
23180
23258
23265
23283
23355
23365
23380
23405
23408
23409
23487
23503
23504
23670
23772
23797
23848
23907
23935
23938
23977
23979
24107
24114
24131
24160
24162
24266
24317
24364
24375
24452
24480
24550
24557
24563
24637
24725
24772
24857
24878
24904
24947
24985
24994
25099
25184
25229
25236
25250
25268
25292
25325
25413
25435
25438
25472
25520
25610
25631
25660
25693
25699
25747
25807
25826
25872
25888
25938
26018
26023
26046
26048
26068
26197
26207
26226
26231
26263
26264
26319
26370
26479
26503
26538
26609
26610
26750
26811
26814
26845
26864
26904
26910
26962
26970
26977
26984
27013
27129
27134
27306
27316
27390
27467
27472
27490
27497
27526
27631
27689
27733
27774
27802
27826
27834
27881
27895
27923
27934
28072
28097
28130
28150
28178
28190
28201
28215
28228
28237
28255
28279
28280
28298
28325
28384
28392
28396
28439
28523
28643
28672
28764
28784
28785
28794
28821
28854
28882
28884
28892
28939
28983
29044
29098
29102
29144
29157
29245
29248
29249
29262
29272
29331
29334
29391
29429
29442
29463
29516
29542
29560
29609
29615
29627
29668
29675
29677
29717
29774
29776
29842
29845
29898
29933
29958
30001
30084
30102
30108
30146
30153
30163
30175
30181
30207
30241
30244
30282
30317
30455
30487
30516
30553
30564
30580
30611
30620
30629
30632
30634
30698
30710
30728
30732
30783
30798
30849
30892
30959
30978
31157
31159
31216
31350
31409
31426
31501
31507
31528
31538
31549
31611
31624
31642
31662
31711
31810
31816
31826
31855
32043
32090
32152
32169
32196
32210
32289
32338
32354
32364
32429
32490
32585
32595
32596
32621
32653
32659
32675
32749
32828
32829
32860
32864
32908
32915
32987
32999
33025
33083
33123
33158
33238
33313
33325
33496
33509
33550
33632
33677
33730
33739
33769
33796
33828
33866
33895
33901
34027
34055
34106
34121
34167
34217
34245
34268
34270
34329
34331
34494
34500
34522
34611
34769
34807
34812
34867
34893
35025
35072
35103
35114
35141
35156
35191
35195
35220
35229
35263
35295
35307
35331
35356
35444
35474
35497
35554
35593
35640
35648
35652
35705
35725
35819
35867
35877
35972
36012
36061
36110
36144
36154
36259
36273
36280
36313
36329
36352
36356
36589
36715
36718
36730
36784
36820
36843
36855
36919
36926
36941
36972
37008
37014
37034
37037
37042
37065
37106
37124
37202
37208
37263
37291
37292
37295
37323
37367
37368
37370
37407
37419
37422
37451
37493
37528
37567
37586
37753
37756
38042
38050
38112
38141
38243
38412
38441
38532
38640
38642
38661
38747
38829
38841
38850
38930
38960
39021
39085
39161
39179
39185
39190
39192
39203
39274
39338
39406
39481
39523
39527
39600
39601
39641
39734
39756
39905
39941
-1
