4
6
31
69
112
157
245
276
295
297
321
340
392
533
539
546
587
619
624
646
683
685
794
978
1007
1121
1144
1244
1247
1283
1325
1333
1339
1345
1415
1513
1604
1631
1648
1678
1679
1742
1793
1933
1970
2023
2106
2114
2171
2271
2316
2325
2401
2405
2415
2474
2484
2498
2503
2663
2688
2885
2896
2914
2941
3093
3122
3149
3191
3219
3233
3257
3294
3327
3428
3439
3491
3503
3570
3575
3583
3677
3751
3808
3854
3865
3882
3883
3938
4051
4080
4120
4324
4399
4440
4476
4498
4583
4587
4617
4625
4670
4681
4701
4727
4785
4802
4808
4883
4901
4976
5016
5023
5080
5095
5177
5207
5261
5277
5291
5343
5431
5454
5482
5500
5525
5581
5618
5684
5698
5708
5729
5771
5812
5847
5913
6000
6022
6093
6101
6147
6150
6178
6222
6271
6380
6404
6492
6515
6535
6563
6618
6621
6627
6634
6657
6704
6713
6741
6782
6796
6828
6880
6882
6912
6946
6968
7028
7075
7114
7130
7155
7184
7216
7266
7280
7353
7395
7407
7425
7433
7485
7563
7677
7685
7812
7843
7859
7943
7947
7980
8054
8062
8103
8139
8161
8163
8199
8218
8248
8436
8444
8503
8508
8552
8570
8583
8590
8600
8637
8658
8673
8738
8787
8814
8967
8988
9067
9087
9089
9135
9142
9166
9185
9255
9269
9319
9400
9433
9441
9497
9542
9554
9634
9671
9688
9831
9841
9846
9847
9868
9898
9915
9956
9957
9992
9995
10069
10106
10114
10144
10199
10220
10223
10234
10243
10259
10295
10314
10325
10329
10458
10511
10523
10525
10580
10584
10627
10681
10698
10714
10742
10747
10774
10827
10889
11000
11031
11113
11151
11242
11250
11256
11322
11325
11370
11520
11591
11607
11653
11655
11677
11739
11805
11810
11814
11838
11852
11891
11953
11958
11984
12082
12099
12136
12157
12200
12217
12230
12321
12325
12342
12349
12370
12372
12416
12470
12569
12618
12638
12642
12689
12701
12915
12948
12957
12971
13045
13114
13122
13155
13175
13176
13212
13235
13270
13321
13429
13452
13518
13587
13609
13658
13702
13858
13861
13914
13933
13950
13975
13984
14056
14106
14137
14169
14180
14352
14366
14392
14407
14419
14516
14524
14526
14568
14589
14616
14673
14701
14791
14828
14855
14878
14915
14929
15024
15103
15124
15153
15208
15219
15230
15274
15294
15302
15348
15356
15373
15386
15396
15467
15498
15531
15604
15632
15782
15876
15879
15888
15893
16020
16027
16039
16040
16092
16123
16124
16156
16162
16206
16246
16247
16268
16300
16325
16375
16488
16513
16532
16546
16580
16605
16633
16644
16671
16753
16767
16778
16785
16791
16798
16805
16831
16843
16854
16866
16990
17040
17099
17131
17137
17144
17179
17221
17243
17381
17390
17437
17482
17486
17501
17555
17574
17628
17691
17694
17751
17816
17820
17849
17875
17974
17994
18025
18026
18032
18065
18243
18287
18298
18302
18346
18354
18362
18447
18457
18463
18465
18489
18501
18588
18632
18641
18652
18667
18738
18748
18778
18838
18859
18867
18889
18920
18929
18958
19003
19030
19051
19074
19080
19083
19112
19174
19198
19224
19253
19257
19273
19301
19302
19312
19316
19325
19382
19389
19419
19500
19522
19531
19540
19586
19759
19828
19843
19855
19864
20031
20120
20149
20238
20265
20323
20327
20359
20452
20518
20536
20547
20554
20555
20569
20740
20767
20813
20816
20928
20931
20950
20978
20998
21008
21063
21095
21126
21154
21219
21253
21265
21352
21386
21427
21428
21456
21457
21468
21545
21603
21623
21716
21748
21770
21810
21888
21964
21988
21992
22020
22052
22057
22148
22187
22236
22249
22305
22313
22334
22341
22387
22390
22415
22456
22526
22540
22655
22753
22763
22787
22796
22822
22864
22882
22956
22989
22992
23061
23114
23120
23122
23139
23156
23157
23170
23185
23198
23225
23229
23252
23273
23354
23453
23476
23536
23548
23576
23579
23593
23735
23750
23758
23771
23908
23922
24013
24032
24065
24171
24193
24301
24309
24322
24387
24429
24451
24459
24486
24494
24510
24557
24570
24633
24650
24706
24719
24721
24734
24768
24783
24816
24860
24871
24958
24978
24995
25004
25006
25007
25074
25164
25185
25232
25267
25323
25400
25574
25641
25787
25850
25855
25868
26018
26080
26087
26213
26220
26235
26265
26347
26426
26596
26605
26671
26674
26682
26789
26820
26832
26833
26840
26855
26856
26861
26881
26898
26981
27032
27063
27096
27142
27236
27276
27284
27309
27321
27360
27471
27486
27608
27634
27693
27746
27813
27841
27881
27920
27950
27951
28030
28040
28170
28318
28319
28344
28370
28416
28487
28502
28532
28680
28684
28702
28724
28760
28818
28825
28846
28877
28917
29015
29021
29050
29060
29233
29308
29312
29420
29423
29508
29532
29544
29635
29674
29681
29777
29783
29809
29819
29883
29945
29951
29960
30030
30049
30086
30157
30172
30204
30221
30256
30322
30461
30478
30566
30594
30596
30626
30633
30640
30784
30789
30932
30958
30999
31089
31096
31155
31165
31178
31208
31279
31325
31418
31448
31551
31565
31587
31622
31625
31647
31754
31757
31815
31854
31933
31957
32005
32025
32119
32155
32180
32202
32214
32243
32266
32313
32319
32390
32418
32436
32438
32448
32528
32536
32575
32690
32710
32828
32883
32902
32932
32945
33021
33043
33046
33059
33070
33116
33219
33229
33235
33279
33314
33323
33384
33407
33409
33414
33456
33484
33509
33551
33578
33632
33751
33835
33865
33898
33951
33958
34020
34058
34100
34295
34321
34405
34642
34678
34688
34744
34769
34777
34815
34853
34857
34884
34910
34931
34937
34949
35058
35083
35088
35105
35116
35130
35169
35257
35271
35296
35321
35335
35376
35553
35633
35662
35672
35677
35694
35717
35755
35808
35816
35834
35837
35922
36008
36024
36052
36078
36114
36119
36161
36164
36174
36193
36264
36267
36393
36453
36477
36532
36538
36544
36561
36638
36639
36641
36693
36819
36960
36974
37013
37091
37106
37232
37252
37273
37364
37407
37582
37660
37674
37681
37766
37820
37911
37914
37923
37933
37949
37988
38008
38015
38026
38198
38251
38289
38361
38441
38463
38467
38471
38486
38492
38585
38613
38615
38626
38684
38734
38739
38750
38795
38823
38842
38859
39046
39132
39135
39163
39308
39428
39480
39645
39826
39833
39850
39950
39964
39987
39994
-1
