44
85
133
163
274
303
364
474
619
660
664
692
745
755
835
949
1006
1087
1138
1179
1187
1214
1251
1260
1335
1387
1414
1467
1478
1512
1541
1551
1599
1600
1624
1686
1709
1719
1727
1766
1803
1824
1978
1984
2005
2010
2059
2073
2148
2174
2186
2193
2226
2253
2332
2333
2352
2393
2405
2444
2486
2513
2601
2642
2651
2692
2757
2759
2767
2849
2850
3069
3093
3163
3175
3319
3354
3633
3752
3845
3890
4021
4070
4075
4085
4169
4202
4220
4226
4242
4254
4399
4440
4463
4496
4500
4574
4634
4708
4760
4808
4831
4847
4872
4881
4904
4924
4930
4948
5002
5007
5025
5039
5086
5133
5142
5163
5205
5218
5316
5358
5370
5537
5556
5581
5657
5753
5783
5821
5902
5919
5977
6007
6017
6022
6024
6091
6122
6123
6132
6293
6300
6326
6431
6609
6643
6655
6672
6675
6676
6692
6704
6757
6779
6814
6816
6817
7079
7134
7135
7153
7216
7269
7287
7377
7425
7496
7498
7528
7534
7546
7557
7638
7682
7685
7733
7738
7806
7924
7937
7981
8069
8092
8155
8161
8188
8249
8258
8265
8266
8303
8365
8432
8528
8591
8592
8620
8642
8653
8672
8674
8676
8715
8739
8757
8760
8812
8853
8911
8922
8959
8977
9039
9041
9049
9082
9111
9153
9168
9221
9227
9254
9261
9364
9365
9381
9512
9515
9526
9565
9686
9696
9726
9736
9737
9767
9776
9793
9879
9932
9982
10009
10031
10046
10087
10111
10119
10121
10141
10211
10279
10280
10294
10299
10457
10494
10505
10507
10536
10554
10593
10644
10654
10661
10717
10789
10813
10824
10881
10916
10982
11026
11128
11131
11132
11141
11154
11192
11217
11289
11297
11301
11315
11318
11325
11332
11354
11403
11582
11651
11720
11725
11784
11790
11824
11882
12069
12096
12098
12144
12170
12197
12210
12226
12254
12286
12298
12339
12410
12428
12516
12649
12664
12759
12765
12786
12957
12977
12987
13012
13098
13100
13112
13122
13125
13141
13235
13313
13319
13332
13388
13404
13420
13482
13611
13669
13682
13717
13719
13724
13733
13742
13749
13913
13967
14037
14069
14127
14132
14163
14189
14210
14342
14372
14394
14457
14474
14583
14694
14708
14756
14770
14837
14864
14892
15071
15083
15121
15173
15178
15246
15290
15411
15450
15457
15544
15557
15618
15680
15688
15695
15773
15830
15835
15890
15938
15943
16025
16030
16117
16279
16323
16345
16366
16449
16590
16623
16637
16663
16707
16725
16773
16879
16884
16970
16974
16993
16995
17078
17147
17199
17296
17324
17352
17370
17384
17388
17412
17424
17429
17449
17473
17568
17616
17638
17727
17750
17756
17792
17819
17892
17994
18052
18102
18109
18169
18179
18199
18248
18301
18320
18324
18327
18357
18375
18380
18426
18465
18481
18505
18517
18549
18563
18577
18586
18671
18695
18697
18751
18770
18843
18853
18939
19004
19016
19017
19059
19071
19094
19165
19178
19247
19329
19462
19526
19658
19680
19710
19732
19757
19789
19821
19839
19840
19876
19881
19900
19930
19969
20001
20003
20055
20065
20101
20129
20233
20285
20341
20388
20416
20426
20443
20511
20538
20550
20589
20591
20642
20677
20680
20808
20875
20877
21013
21014
21017
21135
21141
21162
21176
21199
21293
21349
21390
21425
21443
21460
21489
21512
21513
21533
21556
21611
21649
21673
21678
21779
21785
21848
21951
21989
22016
22020
22021
22031
22076
22124
22206
22241
22257
22320
22397
22445
22455
22505
22519
22597
22616
22629
22659
22740
22745
22770
22779
22844
22892
22913
22923
22935
22967
23009
23027
23070
23206
23298
23302
23374
23415
23495
23532
23542
23587
23641
23645
23753
23761
23801
23843
23856
23869
23908
23933
23976
23996
24169
24417
24523
24526
24609
24697
24712
24756
24784
24808
24811
24901
24935
24971
24976
24997
25044
25054
25068
25078
25209
25219
25227
25268
25333
25370
25478
25498
25545
25578
25581
25591
25607
25626
25630
25763
25796
25822
25888
25902
25911
25967
26043
26128
26163
26260
26334
26386
26408
26435
26440
26491
26568
26581
26602
26636
26782
26804
26808
26834
26940
27108
27111
27137
27188
27221
27245
27273
27385
27452
27478
27521
27565
27567
27599
27643
27660
27697
27779
27823
27861
27877
27919
27976
27990
28040
28055
28060
28072
28088
28186
28283
28285
28289
28305
28353
28354
28358
28374
28463
28466
28561
28639
28706
28734
28881
28951
28961
28986
29049
29089
29091
29137
29143
29161
29175
29176
29203
29227
29229
29234
29235
29245
29298
29332
29411
29443
29461
29490
29514
29516
29564
29600
29611
29628
29642
29684
29714
29749
29760
29831
29903
29928
29956
29967
29987
30018
30037
30049
30064
30078
30353
30356
30370
30389
30399
30422
30427
30447
30479
30688
30705
30723
30767
30790
30803
30847
30913
30917
30921
30989
31088
31125
31138
31163
31174
31199
31224
31233
31299
31323
31386
31407
31408
31414
31462
31489
31553
31564
31611
31692
31786
31812
31820
31849
31855
31960
32001
32023
32124
32151
32184
32216
32388
32405
32455
32568
32583
32604
32620
32641
32648
32661
32705
32735
32784
32798
32821
32863
32926
32932
32945
33044
33048
33059
33085
33113
33159
33176
33271
33316
33323
33339
33366
33383
33421
33452
33468
33472
33584
33602
33617
33637
33653
33675
33757
33842
33869
33896
33970
34044
34059
34076
34139
34155
34176
34231
34250
34337
34360
34363
34427
34470
34517
34575
34624
34642
34646
34798
34799
34820
34835
34844
34931
34980
35005
35012
35039
35060
35314
35344
35401
35406
35410
35429
35487
35513
35578
35598
35627
35674
35677
35809
35830
35856
35902
36001
36002
36044
36086
36123
36169
36171
36181
36193
36207
36265
36266
36308
36365
36421
36558
36569
36577
36725
36729
36733
36743
36799
36814
36889
36905
36915
36970
36991
37003
37010
37065
37070
37141
37161
37196
37232
37310
37339
37409
37419
37441
37492
37557
37622
37639
37725
37730
37756
37784
37786
37789
37810
37895
37963
37968
37995
38028
38056
38076
38255
38319
38359
38415
38477
38551
38569
38578
38607
38626
38715
38730
38778
38819
38855
38906
38933
38992
39048
39055
39072
39079
39129
39146
39170
39183
39199
39210
39223
39281
39307
39334
39410
39476
39531
39532
39542
39559
39560
39599
39615
39618
39701
39719
39724
39817
39837
39845
39891
39956
-1
