118
130
132
134
184
264
301
421
598
608
612
747
793
837
843
863
864
868
969
976
988
1020
1113
1115
1131
1150
1153
1194
1250
1336
1352
1378
1387
1397
1545
1566
1672
1686
1739
1805
1877
1902
1917
1934
1953
1959
1970
2040
2057
2059
2128
2163
2233
2249
2315
2370
2484
2497
2549
2588
2706
2741
2770
2771
2780
2816
2864
2955
2956
2958
3046
3110
3164
3297
3308
3332
3346
3405
3427
3484
3641
3727
3744
3831
4002
4007
4090
4113
4143
4194
4234
4277
4346
4370
4456
4482
4484
4497
4524
4562
4587
4612
4615
4662
4728
4779
5053
5062
5083
5157
5240
5282
5319
5337
5436
5438
5477
5542
5544
5603
5636
5662
5683
5688
5704
5706
5732
5761
5765
5834
5908
5965
5969
6010
6026
6052
6058
6067
6087
6247
6258
6507
6527
6550
6584
6592
6638
6672
6702
6733
6738
6870
6874
6889
6936
6962
7008
7050
7153
7220
7316
7346
7383
7394
7413
7438
7454
7457
7478
7501
7519
7526
7538
7597
7683
7692
7699
7832
7845
7958
7960
7976
7980
8010
8037
8046
8050
8091
8212
8222
8223
8249
8418
8536
8596
8638
8677
8698
8703
8835
8865
9007
9047
9076
9108
9148
9205
9228
9294
9411
9607
9619
9650
9652
9684
9709
9746
9774
9779
9834
9975
9976
9981
10069
10101
10138
10166
10197
10199
10285
10361
10381
10454
10511
10554
10591
10686
10804
10833
10890
10905
10907
10926
10946
10950
10954
11006
11030
11052
11076
11080
11097
11111
11184
11195
11424
11486
11495
11509
11532
11556
11564
11584
11677
11709
11743
11791
11859
11884
11898
11947
12008
12025
12035
12133
12235
12356
12362
12380
12419
12452
12522
12527
12573
12597
12643
12651
12652
12732
12766
12852
12927
13027
13143
13167
13183
13189
13202
13209
13225
13232
13263
13282
13402
13409
13437
13449
13456
13460
13532
13659
13708
13750
13944
13958
13989
14016
14054
14085
14170
14191
14206
14246
14250
14251
14289
14296
14357
14396
14422
14468
14507
14532
14544
14551
14553
14582
14591
14607
14622
14697
14781
14850
14863
14877
14878
14992
15012
15033
15050
15071
15127
15139
15190
15202
15205
15232
15266
15278
15281
15285
15377
15420
15552
15611
15646
15738
15782
15788
15806
15926
15983
16087
16125
16224
16282
16329
16336
16366
16392
16437
16513
16522
16525
16574
16606
16623
16626
16687
16689
16717
16734
16769
16805
16932
16959
16962
16974
16986
17032
17089
17094
17097
17121
17215
17226
17232
17249
17259
17281
17289
17364
17473
17509
17521
17680
17701
17721
17727
17739
17785
17800
17888
17895
17913
18069
18141
18150
18258
18261
18351
18357
18366
18370
18408
18429
18453
18470
18521
18535
18565
18575
18593
18661
18666
18755
18792
18809
18906
18973
18994
19085
19190
19232
19276
19421
19511
19517
19519
19551
19584
19610
19628
19754
19782
19844
19898
19914
19979
20036
20039
20087
20096
20170
20187
20197
20203
20209
20214
20237
20311
20328
20330
20471
20743
20807
20814
20822
20823
20883
20902
20956
20977
20989
20995
21243
21249
21297
21329
21332
21366
21376
21453
21497
21554
21562
21591
21642
21664
21681
21700
21733
21868
21911
21958
21970
22029
22032
22104
22140
22174
22283
22412
22416
22483
22625
22692
22697
22709
22718
22782
22792
22853
22856
22860
22872
22916
22918
22923
23006
23007
23011
23054
23057
23082
23087
23249
23305
23322
23330
23333
23384
23432
23433
23478
23502
23514
23517
23549
23564
23611
23648
23660
23664
23672
23673
23705
23714
23734
23789
23801
23824
23845
23849
23929
23944
23949
24006
24094
24106
24111
24167
24197
24198
24224
24226
24228
24243
24313
24429
24470
24511
24534
24582
24588
24613
24646
24697
24705
24736
24749
24874
24942
24997
25018
25040
25063
25099
25103
25130
25142
25157
25215
25337
25419
25438
25503
25603
25627
25653
25673
25677
25690
25706
25782
25820
25906
25972
25980
26031
26151
26175
26202
26253
26256
26265
26271
26290
26306
26311
26328
26369
26412
26416
26457
26486
26491
26501
26523
26585
26721
26732
26735
26739
26767
26773
26798
26822
26881
26890
26927
26978
27000
27003
27023
27096
27163
27281
27297
27302
27338
27406
27508
27545
27558
27584
27612
27696
27702
27737
27790
27794
27805
27875
27920
27930
27938
28004
28016
28092
28121
28209
28234
28240
28242
28266
28330
28346
28371
28427
28436
28443
28464
28475
28549
28596
28609
28647
28676
28773
28800
28810
28892
28905
28930
28931
29029
29121
29136
29166
29184
29209
29223
29257
29396
29424
29425
29518
29527
29634
29669
29670
29683
29806
29854
29907
29909
29925
29938
29977
29982
29983
29992
30042
30052
30193
30283
30431
30507
30510
30566
30694
30771
30786
30801
30823
30868
30927
30942
30983
30993
30994
31022
31033
31050
31080
31115
31117
31152
31206
31244
31245
31342
31389
31416
31477
31482
31528
31529
31600
31607
31618
31652
31734
31802
31902
31909
31928
31955
32041
32057
32104
32243
32249
32297
32330
32342
32393
32414
32425
32537
32555
32673
32699
32715
32741
32763
32821
32839
32869
32911
32927
32938
33004
33042
33093
33126
33185
33201
33259
33281
33355
33372
33374
33385
33413
33467
33523
33540
33545
33564
33580
33594
33624
33637
33664
33665
33693
33744
33772
33816
33897
33899
33967
33975
33980
34014
34158
34185
34239
34291
34307
34410
34424
34442
34503
34525
34538
34592
34606
34633
34723
34821
34823
34858
34863
34918
35017
35133
35156
35158
35205
35224
35228
35265
35363
35391
35444
35503
35514
35518
35520
35545
35568
35594
35614
35636
35644
35716
35889
35920
35923
35926
35968
36008
36058
36088
36091
36161
36182
36202
36224
36332
36345
36352
36365
36371
36406
36456
36463
36467
36481
36500
36510
36512
36584
36787
36830
36883
36885
36906
37051
37127
37129
37173
37228
37240
37247
37304
37370
37380
37453
37547
37566
37574
37596
37633
37757
37774
37783
37816
37859
37882
37902
37999
38013
38046
38165
38254
38275
38282
38293
38298
38448
38450
38460
38504
38505
38568
38633
38640
38652
38667
38737
38778
38808
38840
38845
38868
38987
39013
39057
39148
39166
39167
39174
39183
39222
39233
39248
39296
39362
39410
39466
39486
39521
39530
39590
39594
39595
39628
39645
39689
39696
39715
39733
39883
39908
39914
39992
-1
