87
102
208
287
383
419
462
491
510
588
605
627
694
754
766
769
829
859
913
947
965
975
989
1001
1056
1101
1113
1300
1324
1376
1417
1500
1606
1655
1707
1730
1762
1822
1842
1930
1945
2000
2017
2044
2046
2140
2151
2160
2174
2209
2237
2425
2431
2458
2590
2640
2643
2645
2660
2731
2734
2817
2866
2897
2983
3001
3044
3183
3231
3280
3328
3346
3449
3471
3482
3503
3512
3538
3582
3627
3705
3720
3734
3843
3851
3882
3906
3977
4014
4056
4071
4077
4148
4238
4244
4349
4419
4440
4452
4474
4511
4561
4599
4769
4793
4799
4952
5032
5042
5053
5112
5168
5180
5193
5205
5260
5346
5349
5360
5381
5413
5417
5433
5443
5462
5463
5481
5503
5519
5526
5727
5761
5778
5829
5868
5891
6050
6070
6195
6231
6252
6302
6313
6326
6404
6436
6442
6577
6672
6734
6750
6761
6766
6776
6812
6838
6848
6887
6912
7000
7070
7072
7130
7132
7151
7163
7207
7230
7251
7259
7315
7331
7351
7402
7485
7501
7603
7648
7726
7733
7757
7860
7948
7979
8027
8042
8122
8218
8327
8332
8424
8437
8443
8444
8482
8495
8675
8761
8819
8828
8937
8957
9016
9083
9157
9169
9183
9345
9375
9409
9416
9433
9459
9476
9535
9553
9566
9573
9646
9795
9834
9839
9876
9907
9920
9990
10037
10087
10142
10291
10400
10430
10509
10514
10517
10670
10731
10747
10780
10797
10858
10924
11053
11063
11065
11075
11099
11108
11123
11133
11134
11240
11254
11258
11314
11495
11551
11590
11596
11597
11613
11690
11862
11899
11913
12031
12131
12148
12192
12194
12200
12227
12267
12340
12427
12448
12453
12528
12577
12592
12652
12768
12788
12805
12833
12855
12903
12910
12931
12940
13010
13049
13115
13124
13130
13132
13195
13207
13211
13261
13292
13330
13443
13449
13512
13550
13625
13628
13652
13669
13699
13807
13822
13858
13883
13965
14017
14023
14032
14036
14058
14071
14121
14146
14147
14159
14166
14197
14220
14235
14243
14246
14249
14276
14283
14374
14451
14508
14521
14691
14821
14909
14911
14973
14995
15003
15029
15032
15116
15241
15258
15342
15363
15378
15384
15391
15418
15451
15500
15513
15577
15601
15605
15612
15652
15655
15666
15667
15746
15749
15759
15780
15802
15829
15934
15981
15994
16027
16063
16071
16085
16159
16210
16341
16516
16533
16762
16790
16849
16871
16882
17047
17085
17194
17296
17345
17449
17459
17480
17554
17587
17591
17652
17662
17703
17786
17798
17828
17842
17860
18023
18046
18090
18112
18145
18153
18160
18161
18190
18221
18238
18279
18573
18596
18631
18662
18666
18716
18899
18952
18976
18990
19007
19028
19086
19110
19126
19131
19232
19262
19266
19370
19408
19411
19451
19453
19515
19525
19537
19637
19638
19645
19653
19693
19713
19739
19761
19803
19871
19935
19940
19948
20007
20010
20056
20151
20172
20203
20245
20302
20347
20348
20369
20394
20435
20439
20471
20492
20574
20599
20633
20653
20700
20755
20762
20790
20894
20916
20922
20962
21036
21095
21118
21131
21202
21217
21337
21422
21429
21430
21465
21505
21619
21647
21666
21679
21689
21702
21704
21736
21806
21824
21837
21838
21848
21912
21949
22012
22055
22056
22127
22140
22161
22209
22292
22345
22348
22379
22460
22500
22508
22556
22578
22633
22656
22703
22746
22775
22805
22837
22924
22928
22962
22998
23071
23083
23127
23154
23172
23185
23206
23248
23249
23265
23314
23445
23452
23507
23553
23606
23641
23660
23690
23695
23748
23841
23856
23906
23921
23965
24003
24019
24022
24105
24140
24166
24168
24286
24287
24345
24407
24465
24474
24477
24566
24595
24618
24653
24758
24767
24807
24829
24849
24899
24972
25001
25006
25071
25228
25267
25304
25317
25319
25320
25322
25379
25439
25460
25479
25495
25511
25616
25624
25641
25643
25733
25744
25878
25884
25974
26082
26092
26134
26169
26246
26313
26340
26360
26373
26417
26511
26521
26554
26566
26622
26708
26720
26736
26742
26786
26813
26889
26897
26941
26948
27010
27012
27072
27083
27152
27175
27185
27186
27221
27233
27242
27294
27337
27344
27450
27479
27496
27556
27667
27674
27694
27702
27828
27836
27838
27887
27946
27950
28043
28058
28089
28136
28159
28165
28198
28283
28288
28314
28325
28349
28351
28353
28423
28476
28520
28541
28580
28596
28605
28627
28628
28647
28688
28707
28774
28858
28982
29028
29082
29116
29125
29151
29165
29171
29185
29199
29264
29276
29285
29344
29375
29399
29420
29425
29472
29533
29547
29557
29620
29843
29915
29945
29963
29964
29990
29995
30011
30040
30044
30054
30128
30155
30173
30174
30176
30269
30326
30378
30448
30467
30472
30528
30579
30592
30598
30640
30648
30673
30773
30787
30798
30973
31022
31109
31116
31133
31266
31292
31338
31399
31408
31428
31457
31458
31488
31589
31593
31689
31722
31743
31812
31875
31923
31927
31929
31947
31963
31978
32038
32066
32091
32147
32160
32163
32197
32206
32258
32274
32330
32356
32365
32371
32396
32399
32457
32519
32520
32533
32535
32702
32769
32775
32816
32824
32839
32845
32904
32929
32962
33003
33006
33032
33050
33058
33080
33215
33219
33292
33327
33350
33380
33394
33440
33446
33484
33502
33518
33642
33693
33699
33705
33746
33826
33881
33943
33969
34025
34042
34087
34200
34211
34265
34306
34333
34410
34448
34470
34542
34587
34595
34611
34614
34620
34691
34698
34723
34815
34825
34829
34832
34852
34887
34971
34973
34999
35000
35006
35013
35049
35051
35057
35062
35130
35196
35248
35296
35321
35347
35464
35496
35559
35590
35603
35636
35639
35654
35741
35742
35750
35755
35759
35790
35920
36032
36100
36118
36120
36151
36152
36249
36264
36319
36343
36365
36406
36429
36451
36507
36513
36559
36590
36596
36625
36682
36724
36815
36832
36835
36839
36864
36867
36916
36938
37000
37022
37062
37080
37172
37236
37252
37323
37449
37485
37494
37505
37538
37552
37653
37684
37699
37726
37864
37874
37922
38026
38071
38087
38118
38273
38292
38383
38420
38487
38528
38559
38581
38650
38734
38752
38803
38867
38895
39020
39031
39034
39042
39126
39136
39203
39246
39264
39284
39393
39448
39455
39493
39547
39549
39562
39611
39633
39636
39709
39724
39754
39790
39808
39811
39840
39845
39850
39870
39889
39912
39945
-1
