32
71
260
345
349
352
400
524
604
658
694
731
742
752
795
828
851
963
1006
1021
1038
1077
1100
1163
1264
1300
1301
1335
1351
1354
1359
1383
1384
1421
1448
1493
1578
1584
1590
1594
1598
1861
1891
1893
1914
1926
1981
2038
2092
2097
2121
2181
2210
2218
2275
2288
2322
2355
2437
2452
2466
2507
2548
2568
2579
2640
2709
2740
2753
2758
2833
2941
2952
2961
2966
3008
3015
3163
3165
3169
3185
3216
3249
3331
3361
3390
3391
3395
3409
3425
3428
3429
3525
3547
3558
3629
3666
3675
3695
3697
3715
3723
3893
3922
4007
4017
4018
4029
4039
4067
4115
4129
4144
4151
4185
4191
4219
4247
4251
4281
4300
4321
4338
4412
4490
4535
4587
4679
4740
4753
4791
4819
4857
4875
4891
4931
4932
4956
4971
5016
5051
5106
5205
5269
5271
5328
5346
5354
5433
5463
5478
5485
5492
5520
5533
5552
5593
5646
5686
5731
5741
5766
5852
5875
5997
6044
6058
6063
6095
6104
6136
6141
6196
6215
6289
6404
6412
6504
6512
6552
6558
6576
6593
6633
6716
6759
6777
6932
6945
6988
6997
7025
7121
7216
7263
7286
7294
7312
7357
7379
7392
7397
7400
7405
7464
7469
7476
7521
7525
7561
7569
7577
7667
7738
7776
7808
7811
7854
7859
7872
7892
7893
7912
7954
8141
8163
8164
8245
8289
8309
8350
8450
8480
8502
8514
8554
8586
8620
8645
8649
8768
8813
8851
8892
8924
8995
9009
9017
9148
9169
9397
9465
9520
9696
9839
9840
9859
9989
10021
10101
10140
10183
10373
10378
10383
10412
10472
10478
10508
10533
10600
10624
10693
10739
10743
10831
10909
10934
11006
11028
11060
11122
11146
11192
11208
11228
11231
11252
11296
11319
11349
11376
11416
11488
11490
11509
11510
11513
11522
11581
11622
11640
11681
11707
11757
11773
11787
11852
11947
12009
12023
12029
12053
12066
12091
12152
12165
12174
12370
12375
12405
12460
12496
12512
12536
12575
12630
12765
12794
12826
12942
12962
13002
13158
13164
13196
13237
13297
13345
13346
13359
13487
13497
13505
13553
13596
13601
13610
13806
13850
13852
13866
13883
13902
13903
13910
14035
14038
14044
14053
14142
14144
14244
14284
14342
14532
14560
14564
14574
14586
14665
14714
14773
14987
14988
15001
15008
15024
15065
15115
15128
15197
15209
15226
15248
15308
15321
15338
15364
15400
15410
15434
15459
15555
15568
15588
15670
15721
15727
15771
15772
15788
15864
15883
15902
15921
15930
15960
15975
16066
16108
16232
16305
16335
16369
16383
16419
16436
16440
16481
16536
16544
16574
16601
16641
16649
16669
16676
16693
16716
16728
16734
16738
16763
16830
16866
16921
16945
16960
16968
16985
17026
17168
17192
17326
17363
17394
17406
17487
17500
17519
17563
17574
17611
17643
17647
17807
17840
17876
18054
18060
18070
18086
18121
18173
18294
18321
18350
18397
18492
18592
18640
18697
18763
18769
18821
18831
18840
18883
19018
19090
19181
19204
19205
19238
19374
19381
19472
19565
19604
19617
19649
19655
19685
19717
19747
19928
19929
19993
20117
20125
20177
20271
20280
20314
20336
20452
20480
20484
20561
20802
20838
20868
20955
20982
21006
21029
21036
21071
21073
21099
21172
21180
21244
21246
21328
21452
21575
21592
21618
21660
21692
21774
21857
21884
21916
21929
21963
21988
22021
22030
22099
22104
22140
22151
22157
22171
22178
22321
22324
22454
22543
22578
22715
22722
22733
22864
22883
22894
22898
22962
22997
23054
23114
23162
23170
23183
23192
23209
23271
23289
23296
23317
23324
23390
23409
23454
23462
23480
23534
23570
23786
23813
23902
23947
23973
24017
24021
24052
24084
24123
24225
24243
24258
24307
24309
24325
24361
24365
24374
24381
24473
24485
24493
24497
24508
24530
24538
24553
24574
24597
24645
24671
24692
24704
24802
24804
24829
24897
24930
24936
24939
24945
24962
24994
25160
25219
25283
25287
25317
25335
25356
25377
25401
25514
25525
25569
25606
25645
25655
25725
25783
25844
25892
25924
26011
26166
26172
26207
26342
26349
26397
26475
26480
26515
26525
26592
26646
26679
26694
26733
26903
27003
27030
27078
27126
27238
27404
27439
27497
27535
27547
27558
27563
27578
27637
27659
27677
27691
27742
27766
27873
27942
28035
28074
28100
28112
28154
28225
28268
28323
28326
28419
28429
28430
28434
28472
28515
28524
28571
28609
28675
28693
28765
28788
28834
28951
28987
29078
29097
29136
29190
29197
29203
29211
29297
29299
29353
29421
29494
29498
29560
29573
29597
29613
29620
29633
29670
29676
29680
29760
29822
29831
29833
29954
30019
30056
30129
30261
30265
30273
30318
30422
30478
30541
30595
30631
30676
30715
30718
30831
30832
30866
30874
30931
30996
31014
31030
31086
31126
31157
31232
31351
31383
31443
31447
31471
31570
31658
31751
31805
31836
31858
31966
31982
32015
32030
32104
32150
32168
32174
32249
32267
32320
32370
32404
32405
32438
32568
32597
32610
32611
32614
32623
32642
32773
32780
32797
32829
32837
32865
32881
32882
32935
32971
33026
33031
33057
33141
33159
33171
33172
33193
33199
33214
33320
33351
33365
33433
33435
33454
33455
33471
33474
33486
33518
33533
33563
33642
33655
33737
33760
33790
33863
33864
33895
33965
33966
33972
34043
34053
34165
34176
34215
34369
34400
34430
34483
34488
34529
34598
34613
34643
34679
34702
34718
34841
34846
34856
34944
35078
35183
35258
35277
35282
35286
35300
35301
35317
35374
35382
35427
35457
35536
35552
35577
35623
35632
35705
35723
35802
35880
35885
35892
35965
36056
36063
36139
36142
36143
36167
36183
36192
36201
36257
36266
36311
36412
36435
36502
36508
36538
36562
36569
36576
36652
36667
36682
36727
36773
36792
36796
36803
36819
36826
36835
36837
36921
36986
37027
37045
37167
37194
37204
37227
37252
37258
37279
37288
37297
37342
37385
37387
37389
37443
37455
37471
37479
37489
37599
37619
37640
37709
37723
37742
37786
37801
37811
37937
37968
37980
38000
38062
38162
38184
38197
38204
38216
38299
38307
38322
38387
38402
38510
38511
38526
38560
38604
38619
38637
38646
38656
38735
38852
38858
38889
38954
38966
38991
38994
39008
39038
39121
39150
39239
39433
39448
39598
39609
39659
39740
39760
39782
39813
39839
39870
39898
39900
39922
39995
-1
