149
192
200
300
388
405
410
413
414
420
424
537
538
550
552
582
598
643
699
743
758
820
854
866
891
927
962
1050
1052
1093
1120
1124
1254
1256
1290
1381
1386
1446
1456
1512
1537
1575
1588
1597
1604
1679
1694
1720
1735
1746
1768
1775
1810
1863
1874
1897
1904
1918
1997
2051
2113
2140
2158
2182
2183
2205
2211
2234
2250
2257
2266
2362
2486
2488
2532
2590
2612
2628
2678
2710
2743
2759
2870
2910
2916
2956
3000
3001
3025
3039
3142
3203
3242
3246
3266
3323
3352
3486
3644
3697
3745
3862
3888
3899
3918
4041
4081
4235
4264
4287
4301
4323
4334
4350
4405
4468
4470
4486
4617
4671
4709
4722
4798
4837
4839
4864
4969
5113
5167
5220
5314
5451
5562
5597
5628
5679
5728
5752
5777
5807
5819
5858
5865
5891
5903
5934
5941
5944
5974
6071
6122
6334
6372
6405
6406
6408
6420
6454
6490
6518
6544
6548
6634
6688
6701
6706
6740
6746
6756
6768
6799
6887
6903
6936
6955
7035
7071
7116
7117
7118
7155
7244
7299
7320
7327
7339
7340
7402
7426
7461
7510
7512
7526
7528
7547
7566
7573
7598
7771
7830
7847
7944
7989
7990
7992
8020
8038
8136
8142
8184
8250
8262
8292
8338
8340
8356
8383
8416
8429
8454
8465
8467
8517
8546
8568
8592
8603
8659
8687
8690
8732
8921
8938
8951
9008
9031
9052
9062
9111
9138
9242
9243
9261
9263
9282
9303
9397
9519
9575
9624
9626
9675
9811
9850
9851
9867
9875
9887
9985
10035
10106
10118
10212
10356
10363
10395
10440
10489
10496
10529
10575
10697
10713
10719
10792
10815
10825
10851
10870
10880
10902
10924
10936
10964
11051
11067
11145
11214
11258
11297
11365
11449
11472
11529
11542
11557
11561
11589
11607
11611
11633
11659
11674
11693
11721
11790
11791
11825
11841
11867
11943
11946
12104
12151
12170
12176
12201
12252
12284
12300
12315
12367
12385
12387
12421
12453
12462
12475
12492
12608
12688
12692
12701
12741
12804
12903
12916
12936
12963
12972
13004
13016
13055
13136
13179
13187
13231
13333
13336
13342
13383
13425
13433
13551
13570
13596
13623
13681
13734
13775
13839
13955
13977
13983
14014
14026
14033
14048
14055
14087
14094
14098
14108
14142
14146
14201
14263
14280
14309
14368
14392
14444
14469
14540
14545
14581
14582
14585
14733
14743
14780
14903
14921
14981
15026
15123
15130
15151
15191
15221
15291
15309
15336
15346
15371
15402
15438
15493
15571
15611
15725
15749
15818
15833
15845
15873
15887
15909
15970
16017
16041
16076
16150
16182
16259
16312
16357
16405
16474
16490
16538
16587
16592
16613
16633
16856
16887
16972
17001
17076
17088
17102
17208
17253
17269
17271
17297
17300
17365
17466
17470
17480
17528
17546
17573
17767
17773
17778
17929
17967
18004
18095
18101
18150
18169
18194
18224
18313
18320
18345
18363
18434
18448
18503
18513
18521
18528
18553
18555
18574
18578
18606
18649
18683
18688
18799
18863
18901
18946
19080
19119
19134
19314
19364
19376
19383
19445
19622
19656
19696
19774
19797
19838
19884
19979
19985
20063
20083
20100
20137
20176
20197
20209
20256
20287
20301
20322
20343
20356
20418
20467
20469
20483
20517
20561
20583
20608
20614
20696
20698
20709
20785
20799
20820
20826
20848
20936
21005
21007
21113
21354
21383
21408
21566
21635
21692
21714
21753
21768
21850
21870
21884
21906
21935
21968
22002
22018
22039
22091
22107
22146
22258
22326
22387
22493
22535
22569
22602
22689
22692
22766
22781
22832
22914
22943
22995
23065
23098
23107
23126
23134
23212
23245
23290
23298
23316
23353
23368
23414
23508
23561
23658
23669
23720
23728
23764
23782
23805
23845
23873
23903
23904
23908
23946
24003
24022
24031
24110
24113
24129
24187
24207
24434
24441
24465
24478
24482
24487
24501
24574
24589
24596
24627
24646
24719
24777
24796
24842
24844
24897
24920
25020
25110
25209
25251
25283
25373
25393
25449
25507
25519
25619
25636
25670
25731
25738
25793
25820
25829
25936
25978
25987
25992
26025
26096
26152
26199
26201
26236
26380
26482
26489
26607
26652
26772
26788
26966
26974
27007
27019
27036
27076
27090
27136
27143
27210
27218
27278
27292
27300
27303
27315
27343
27395
27400
27420
27486
27588
27593
27613
27728
27881
27906
27949
27994
28013
28019
28035
28041
28050
28059
28259
28261
28293
28313
28401
28407
28421
28446
28508
28561
28594
28610
28643
28695
28703
28706
28746
28791
28811
28908
28914
28934
28945
28983
28989
29015
29081
29153
29182
29245
29260
29293
29351
29366
29421
29539
29560
29618
29789
29822
29836
29839
29922
29957
30040
30073
30076
30084
30112
30138
30165
30206
30253
30283
30336
30364
30385
30400
30401
30409
30426
30440
30459
30488
30540
30541
30615
30625
30756
30837
30918
30930
30945
31029
31070
31082
31089
31106
31122
31223
31229
31240
31284
31318
31325
31478
31508
31518
31522
31561
31575
31603
31621
31658
31691
31719
31725
31739
31749
31791
31818
31907
31980
31984
31996
32001
32009
32043
32046
32067
32117
32287
32309
32310
32426
32437
32449
32455
32477
32520
32523
32531
32646
32647
32701
32740
32810
32837
32859
32971
32997
33035
33039
33063
33158
33210
33259
33276
33297
33414
33457
33553
33582
33645
33716
33765
33794
33796
33804
33837
33865
33887
33937
33980
34298
34349
34383
34387
34393
34443
34522
34544
34610
34623
34675
34710
34755
34767
34786
34788
34789
34864
34896
34923
34925
34927
34933
34939
34978
34990
35000
35034
35040
35142
35154
35226
35288
35305
35325
35379
35389
35421
35475
35530
35549
35598
35635
35664
35678
35716
35777
35783
35822
35915
35927
35943
35948
35998
36022
36054
36078
36088
36143
36230
36231
36232
36280
36408
36417
36450
36486
36490
36503
36513
36553
36583
36595
36605
36625
36652
36683
36904
36944
36966
36984
37003
37062
37139
37238
37240
37245
37247
37327
37335
37374
37380
37518
37570
37618
37622
37760
37800
37855
37950
37989
37991
38190
38347
38393
38508
38545
38561
38759
38788
38799
38862
38869
38901
38943
38963
39032
39033
39075
39128
39139
39175
39203
39267
39347
39425
39430
39547
39570
39629
39655
39668
39677
39715
39729
39736
39738
39746
39747
39828
39854
39859
39874
39918
39968
-1
