49
185
224
248
258
288
300
302
346
355
363
391
405
535
558
590
602
629
633
640
646
660
695
759
882
897
907
1003
1097
1123
1188
1283
1309
1344
1361
1397
1587
1667
1670
1790
1810
1849
1880
1917
1936
2022
2069
2139
2157
2208
2220
2381
2403
2410
2431
2434
2490
2523
2529
2578
2593
2635
2646
2678
2707
2711
2736
2762
2772
2807
2869
2914
2991
2992
3016
3084
3087
3092
3184
3217
3309
3412
3417
3505
3545
3547
3647
3665
3672
3681
3690
3783
3802
3815
3818
3820
3903
3915
3996
4011
4043
4061
4109
4145
4148
4235
4243
4271
4308
4327
4564
4578
4590
4594
4642
4758
4795
4807
4815
4859
4934
5068
5070
5115
5126
5195
5207
5226
5268
5276
5315
5324
5365
5507
5512
5626
5635
5657
5659
5688
5695
5772
5802
5855
5880
5903
6068
6095
6160
6182
6196
6216
6263
6279
6377
6385
6488
6593
6732
6743
6752
6754
6773
6796
6866
6980
6985
7009
7045
7114
7124
7143
7147
7150
7165
7173
7234
7268
7280
7291
7309
7321
7325
7332
7387
7393
7436
7452
7461
7490
7517
7639
7646
7650
7666
7673
7694
7734
7769
7846
7867
7880
7993
8088
8119
8130
8192
8194
8202
8212
8249
8297
8320
8351
8390
8414
8417
8501
8511
8515
8535
8552
8615
8630
8640
8658
8677
8721
8739
8759
8830
8864
8895
8900
8938
8979
8993
9063
9074
9111
9140
9317
9334
9350
9441
9505
9673
9679
9682
9690
9770
9781
9810
9859
9926
9942
9967
10099
10124
10131
10199
10226
10228
10268
10308
10322
10345
10421
10424
10606
10660
10666
10673
10724
10756
10784
10947
11023
11059
11104
11138
11145
11254
11292
11331
11360
11362
11451
11495
11607
11671
11687
11704
11783
11811
11823
11867
11884
11947
11984
11986
12000
12007
12089
12121
12186
12195
12223
12241
12242
12248
12286
12372
12405
12421
12431
12460
12492
12529
12559
12576
12624
12631
12657
12731
12795
12801
12810
12857
12886
12892
12989
12998
13001
13012
13052
13074
13117
13191
13207
13283
13287
13400
13414
13445
13600
13602
13650
13689
13692
13756
13770
13771
13825
13846
13849
13864
13871
13872
13951
13957
14112
14152
14178
14282
14283
14310
14372
14422
14482
14505
14544
14561
14581
14610
14658
14723
14779
14796
14809
14919
14923
14936
14952
14993
15054
15178
15207
15282
15410
15420
15500
15527
15569
15643
15677
15760
15781
15790
15822
15883
16028
16078
16132
16156
16297
16329
16336
16391
16442
16445
16491
16495
16517
16560
16610
16667
16703
16705
16727
16740
16749
16807
16864
16872
16904
16932
17035
17045
17070
17092
17104
17216
17307
17343
17344
17364
17433
17436
17445
17463
17492
17530
17591
17637
17889
17937
17951
17964
17978
18124
18133
18223
18261
18319
18352
18373
18488
18518
18609
18711
18760
18764
18768
18857
18859
18930
18965
19026
19059
19078
19108
19109
19112
19186
19246
19266
19299
19300
19320
19352
19374
19395
19411
19417
19657
19680
19777
19793
19816
19893
19921
20023
20092
20100
20116
20227
20275
20304
20366
20387
20408
20424
20549
20573
20599
20650
20726
20787
20792
20814
20822
20875
20985
21010
21023
21121
21164
21198
21209
21218
21266
21296
21357
21362
21444
21486
21497
21629
21660
21662
21673
21691
21715
21740
21813
21819
21937
21958
21972
21978
21989
21993
22021
22038
22068
22070
22117
22191
22253
22256
22306
22309
22369
22395
22437
22502
22515
22574
22647
22651
22756
22772
22801
22812
22853
22973
22988
23042
23078
23079
23125
23144
23179
23281
23389
23441
23454
23456
23485
23488
23602
23653
23681
23689
23718
23854
23866
23971
24009
24027
24054
24062
24087
24113
24154
24172
24249
24267
24315
24375
24396
24404
24412
24420
24442
24449
24530
24538
24606
24642
24677
24688
24717
24739
24744
24766
24781
24786
24857
24865
24880
24888
24896
24949
24952
25004
25079
25134
25174
25179
25238
25267
25310
25364
25417
25434
25509
25519
25527
25571
25619
25661
25681
25798
25838
25858
25876
25896
25909
25930
25953
25969
26027
26033
26045
26049
26097
26214
26219
26243
26322
26400
26514
26532
26551
26585
26613
26624
26705
26710
26809
27019
27049
27105
27123
27124
27184
27209
27273
27331
27421
27425
27455
27481
27497
27508
27561
27564
27654
27718
27729
27730
27763
27769
27781
27789
27799
27831
27990
28003
28092
28093
28100
28108
28169
28181
28192
28214
28292
28352
28381
28427
28568
28583
28643
28650
28674
28702
28739
28748
28861
28923
28976
28991
29012
29025
29063
29102
29196
29201
29205
29245
29377
29387
29398
29428
29436
29443
29518
29527
29559
29564
29579
29591
29601
29614
29648
29699
29796
29819
29823
29839
29845
29874
29880
29910
30062
30065
30090
30149
30188
30250
30253
30326
30497
30586
30607
30634
30663
30730
30757
30762
30788
30809
30836
30925
30982
30990
31017
31066
31147
31275
31288
31309
31336
31399
31412
31424
31451
31466
31500
31534
31708
31731
31812
31818
31823
31859
31961
31981
32002
32014
32047
32067
32087
32112
32248
32286
32423
32557
32593
32698
32747
32834
32859
32896
32897
32908
33017
33020
33090
33094
33155
33178
33207
33253
33279
33377
33387
33628
33671
33765
33809
33902
34012
34034
34035
34079
34133
34138
34197
34199
34275
34298
34307
34401
34429
34484
34485
34504
34550
34609
34669
34681
34695
34828
34840
34841
35021
35035
35061
35099
35111
35115
35116
35175
35212
35237
35279
35287
35391
35426
35478
35523
35532
35568
35575
35577
35660
35662
35707
35758
35784
35796
35846
35947
35958
35969
35975
36070
36072
36121
36144
36191
36202
36236
36238
36255
36269
36277
36296
36335
36409
36443
36493
36541
36563
36571
36632
36657
36659
36749
36819
36894
36919
36935
36945
36946
37016
37063
37066
37223
37337
37354
37404
37427
37488
37489
37625
37631
37645
37648
37655
37678
37712
37717
37722
37743
37753
37785
37805
37852
37860
37887
37898
37940
37996
38001
38049
38067
38148
38174
38210
38220
38281
38292
38365
38390
38523
38532
38544
38658
38698
38705
38802
38820
38831
38994
39029
39056
39098
39113
39131
39168
39186
39193
39353
39379
39386
39391
39408
39417
39469
39481
39571
39576
39660
39691
39757
39773
39790
39801
39815
39835
39850
39860
39893
39899
39953
-1
