46
174
295
336
377
400
449
467
548
550
574
631
671
723
778
851
853
911
965
1113
1238
1295
1350
1353
1511
1540
1614
1716
1719
1771
1821
1861
1864
1896
2048
2081
2090
2138
2140
2167
2263
2315
2433
2439
2450
2454
2465
2481
2486
2526
2562
2668
2719
2762
2787
2817
2942
2965
3014
3016
3020
3041
3081
3091
3111
3126
3139
3154
3227
3264
3305
3329
3377
3386
3394
3412
3424
3471
3482
3590
3634
3679
3807
3848
3856
3902
3920
3931
3968
4063
4152
4165
4210
4228
4283
4300
4330
4358
4434
4553
4571
4598
4605
4668
4809
4816
4818
4820
4821
4845
4859
4915
4955
4970
4985
5004
5117
5203
5208
5315
5420
5425
5427
5434
5450
5564
5590
5634
5635
5658
5664
5685
5722
5762
5809
5876
5913
6048
6224
6266
6301
6344
6387
6391
6497
6533
6688
6712
6727
6769
6807
6836
6840
6883
6887
6929
6980
7113
7168
7176
7260
7269
7312
7329
7364
7375
7399
7437
7562
7797
7812
7850
7874
7875
7888
7908
7930
7943
8100
8110
8129
8140
8236
8276
8286
8293
8313
8314
8329
8339
8342
8356
8358
8359
8365
8418
8443
8459
8521
8549
8583
8587
8597
8616
8627
8646
8669
8673
8720
8766
8808
8824
8842
8898
8904
8931
8950
8979
8991
9028
9100
9106
9210
9301
9353
9384
9442
9444
9476
9512
9614
9638
9675
9690
9706
9908
9915
9928
9963
9969
9973
9980
9982
10004
10154
10165
10205
10213
10288
10293
10414
10456
10471
10548
10559
10565
10626
10657
10685
10704
10709
10751
10754
10804
10815
10825
10827
10880
10893
10916
10936
10987
10988
11066
11098
11108
11124
11130
11193
11265
11266
11287
11371
11431
11638
11639
11648
11692
11714
11736
11760
11777
11778
11833
11920
11943
11947
11956
11968
11981
11983
12011
12130
12136
12159
12177
12221
12233
12235
12266
12295
12381
12443
12475
12480
12532
12574
12597
12645
12680
12685
12717
12741
12818
12831
12848
12925
12939
12972
12984
13058
13139
13225
13241
13302
13304
13309
13409
13472
13489
13503
13612
13636
13640
13647
13694
13783
13836
13908
13953
13965
14016
14033
14182
14210
14250
14284
14298
14343
14367
14375
14441
14486
14576
14650
14703
14709
14751
14790
14791
14813
14947
15104
15110
15156
15176
15231
15246
15349
15418
15466
15593
15604
15641
15661
15676
15686
15689
15708
15712
15743
15749
15761
15798
15809
15890
15928
15951
15968
16004
16058
16070
16074
16094
16125
16128
16404
16471
16545
16550
16655
16742
16750
16773
16807
16944
16954
17140
17182
17232
17235
17344
17367
17382
17388
17395
17515
17559
17592
17593
17621
17631
17663
17667
17705
17725
17748
17791
17829
17853
17897
17904
17959
17963
17966
17994
18022
18103
18147
18151
18200
18227
18230
18249
18327
18328
18347
18361
18390
18393
18508
18634
18661
18682
18685
18918
18958
18961
19031
19045
19071
19111
19214
19235
19286
19299
19326
19390
19396
19400
19510
19585
19605
19692
19743
19774
19848
20117
20128
20187
20279
20326
20330
20383
20387
20549
20571
20598
20658
20739
20759
20760
20811
20850
20914
20977
21027
21058
21158
21160
21170
21191
21223
21279
21306
21362
21384
21387
21408
21478
21499
21522
21533
21576
21584
21587
21676
21694
21721
21744
21779
21793
21794
21808
21841
21848
21906
21932
21951
22137
22153
22185
22200
22206
22242
22246
22253
22264
22300
22338
22347
22356
22394
22483
22574
22576
22577
22590
22695
22721
22776
22790
22798
22851
22868
22876
22951
23085
23134
23155
23344
23384
23470
23570
23604
23654
23823
23827
23884
23948
23949
23987
23991
23993
24157
24199
24208
24212
24225
24232
24246
24271
24285
24329
24407
24492
24544
24558
24597
24622
24715
24720
24799
24833
24896
24970
25057
25083
25105
25138
25168
25177
25204
25267
25280
25360
25445
25478
25520
25535
25650
25672
25674
25679
25689
25695
25752
25753
25756
25817
25919
25959
25973
26023
26109
26123
26131
26135
26157
26248
26252
26257
26293
26334
26346
26370
26396
26410
26508
26565
26584
26587
26603
26619
26650
26654
26681
26708
26744
26765
26807
26842
26909
26975
26998
27059
27106
27206
27231
27259
27309
27319
27357
27388
27394
27432
27478
27537
27554
27608
27617
27649
27665
27669
27679
27725
27733
27773
27783
27807
27859
27911
27943
28091
28103
28167
28185
28201
28247
28250
28255
28261
28374
28440
28462
28609
28617
28685
28764
28788
28825
28844
28875
28938
28948
29004
29005
29039
29053
29057
29086
29147
29186
29216
29261
29275
29330
29333
29427
29460
29468
29538
29548
29625
29643
29706
29729
29735
29739
29751
29760
29862
29903
29913
29975
29983
30107
30136
30159
30176
30184
30201
30219
30221
30228
30236
30243
30258
30259
30266
30302
30318
30346
30564
30573
30582
30591
30611
30617
30636
30706
30844
30868
30960
30973
30989
30992
31000
31014
31114
31201
31205
31264
31350
31400
31416
31479
31489
31527
31615
31675
31686
31708
31734
31754
31819
31826
31847
31848
31862
31866
31914
31963
31975
31983
32051
32087
32098
32173
32183
32208
32228
32247
32262
32287
32334
32374
32408
32466
32518
32550
32626
32660
32728
32744
32760
32777
32796
32957
33019
33047
33066
33095
33149
33161
33171
33192
33226
33302
33318
33328
33335
33352
33417
33437
33461
33463
33465
33551
33572
33684
33702
33716
33743
33747
33848
33866
33992
34060
34072
34098
34115
34135
34144
34326
34379
34515
34516
34538
34604
34632
34639
34680
34769
34817
34963
35018
35080
35264
35285
35290
35298
35305
35314
35351
35352
35403
35451
35472
35511
35524
35542
35738
35765
35769
35783
35842
35900
35932
36000
36078
36096
36117
36124
36237
36330
36418
36434
36445
36464
36500
36509
36520
36557
36589
36605
36608
36650
36715
36730
36773
36786
36815
36862
36884
36907
36941
36962
36964
36984
37020
37057
37137
37147
37195
37205
37224
37253
37272
37359
37479
37487
37540
37551
37585
37638
37662
37724
37790
37792
37803
37856
37876
37905
37914
38045
38086
38092
38112
38157
38159
38199
38213
38274
38275
38286
38299
38314
38346
38460
38483
38518
38620
38632
38827
38980
39033
39046
39170
39186
39193
39224
39273
39274
39301
39309
39400
39443
39462
39492
39606
39625
39707
39717
39737
39757
39877
39939
39959
39967
-1
