48
89
108
157
172
246
356
364
367
390
396
402
495
539
629
674
678
790
812
818
870
871
932
970
984
1051
1064
1085
1199
1231
1246
1340
1367
1374
1413
1524
1553
1576
1679
1705
1724
1879
1897
1916
2041
2053
2060
2064
2177
2203
2205
2236
2257
2352
2367
2388
2411
2456
2522
2525
2547
2561
2640
2686
2744
2754
2807
2818
2842
2865
2938
2976
3034
3050
3087
3143
3148
3190
3205
3219
3258
3259
3280
3325
3347
3398
3438
3511
3552
3581
3626
3719
3747
3751
3756
3835
3872
3873
3885
3933
3949
4007
4010
4091
4324
4340
4400
4408
4412
4426
4504
4524
4565
4580
4639
4663
4750
4759
4853
4869
4911
4923
5037
5051
5124
5135
5137
5176
5188
5190
5198
5233
5254
5290
5296
5376
5404
5405
5489
5495
5520
5555
5653
5753
5773
5784
5804
5808
5885
5886
5890
5970
6000
6037
6041
6093
6107
6108
6153
6158
6162
6165
6181
6202
6253
6266
6284
6338
6391
6405
6428
6436
6478
6481
6517
6534
6595
6603
6605
6608
6615
6636
6644
6645
6716
6751
6764
6773
6954
7015
7029
7045
7047
7104
7145
7155
7194
7329
7384
7470
7506
7513
7563
7630
7664
7669
7708
7712
7764
7766
7804
7828
7837
7852
7856
7904
7956
8053
8222
8231
8316
8364
8380
8392
8396
8400
8562
8596
8612
8760
8775
8866
8969
9021
9038
9056
9075
9131
9206
9207
9243
9247
9323
9337
9419
9433
9510
9629
9671
9762
9776
9840
9845
9876
9887
9918
9934
9977
10066
10164
10271
10361
10384
10386
10406
10409
10420
10452
10604
10611
10681
10684
10698
10741
10745
10753
10822
10847
10915
10964
11019
11063
11146
11522
11572
11647
11683
11691
11721
11725
11732
11876
11917
11933
11980
12138
12145
12156
12211
12213
12222
12245
12260
12278
12290
12342
12412
12427
12468
12523
12549
12556
12610
12699
12798
12843
12854
12858
12891
12898
12915
12952
12959
12971
12974
12980
13001
13051
13133
13149
13164
13165
13201
13353
13391
13410
13415
13468
13472
13521
13549
13686
13710
13743
13861
14030
14086
14176
14234
14300
14339
14354
14360
14389
14413
14460
14481
14513
14538
14555
14605
14611
14612
14721
14858
14875
14896
14968
15014
15025
15084
15151
15183
15248
15263
15280
15381
15414
15447
15529
15555
15692
15696
15772
15875
15914
15925
15932
15946
16313
16323
16363
16399
16445
16483
16485
16498
16520
16535
16575
16584
16586
16726
16769
16773
16846
16899
16910
16929
16939
17058
17060
17072
17146
17184
17193
17235
17251
17322
17362
17365
17378
17484
17506
17516
17547
17652
17681
17695
17725
17727
17760
17812
17832
17945
17985
18030
18054
18057
18097
18160
18181
18193
18262
18281
18320
18327
18334
18366
18430
18458
18466
18584
18649
18656
18731
18843
18863
18915
18920
18948
18967
18976
18979
19019
19039
19200
19225
19231
19348
19362
19378
19495
19504
19523
19530
19570
19666
19687
19711
19816
19904
19980
20033
20035
20082
20102
20180
20189
20260
20277
20367
20467
20470
20475
20516
20603
20607
20636
20719
20771
20813
20858
20919
20932
20938
20952
20965
20992
20996
21025
21077
21089
21093
21104
21114
21126
21163
21246
21316
21317
21342
21374
21422
21492
21537
21539
21549
21559
21574
21584
21595
21751
21815
21847
22087
22179
22184
22219
22221
22241
22250
22351
22357
22397
22435
22448
22451
22462
22467
22481
22529
22540
22550
22617
22663
22773
22788
22802
22817
22828
22875
22892
22945
22949
22969
22994
23028
23059
23082
23231
23299
23328
23346
23376
23390
23397
23400
23411
23420
23444
23535
23628
23630
23703
23755
23760
23761
23770
23837
23924
23939
23943
23963
23976
24045
24114
24148
24212
24254
24550
24579
24587
24609
24633
24648
24659
24676
24729
24820
24888
24993
25040
25072
25100
25103
25107
25219
25243
25297
25303
25310
25394
25515
25582
25633
25693
25697
25723
25743
25779
25797
25816
25825
25874
25885
25894
25905
25966
25980
26098
26104
26145
26197
26220
26243
26269
26319
26394
26423
26444
26456
26464
26521
26535
26575
26657
26686
26729
26836
26864
26873
26973
27179
27289
27375
27390
27396
27430
27461
27478
27498
27502
27503
27508
27518
27527
27530
27569
27586
27589
27625
27648
27685
27695
27841
27877
27892
27905
28045
28070
28086
28092
28114
28144
28184
28205
28241
28297
28313
28330
28416
28439
28465
28490
28497
28509
28592
28611
28754
28806
28832
28893
28911
28971
28988
29032
29060
29068
29088
29089
29184
29196
29222
29285
29313
29350
29376
29388
29410
29513
29588
29592
29601
29606
29654
29675
29762
29780
29883
29952
29957
29972
30128
30170
30178
30251
30306
30443
30511
30548
30553
30646
30707
30722
30736
30746
30769
30782
30794
30796
30803
31013
31027
31030
31047
31091
31183
31233
31246
31345
31388
31411
31472
31486
31487
31549
31598
31602
31646
31648
31650
31652
31664
31676
31685
31710
31795
31823
31889
31891
31930
31973
31976
31986
32011
32029
32240
32265
32397
32408
32420
32431
32434
32435
32448
32501
32564
32575
32581
32646
32664
32710
32713
32731
32794
32840
32849
32913
32914
32922
32949
32964
33024
33088
33107
33158
33171
33187
33268
33273
33274
33355
33414
33438
33483
33528
33530
33548
33602
33614
33678
33690
33751
33839
33852
33892
33917
33921
33939
33954
33988
34002
34025
34039
34103
34125
34155
34170
34172
34176
34354
34392
34448
34480
34621
34627
34635
34661
34674
34675
34717
34745
34775
34816
34862
34865
34866
34956
35013
35023
35069
35218
35230
35232
35240
35242
35254
35255
35256
35267
35268
35309
35356
35472
35533
35556
35560
35565
35578
35596
35600
35601
35608
35626
35640
35706
35722
35976
36034
36038
36082
36093
36205
36219
36232
36234
36269
36290
36332
36444
36487
36664
36689
36717
36734
36738
36752
36768
36808
36813
36921
36979
36981
36995
37067
37074
37162
37249
37262
37299
37324
37437
37560
37694
37707
37754
37935
38031
38070
38104
38111
38116
38214
38242
38248
38316
38334
38384
38386
38507
38533
38550
38556
38577
38578
38609
38615
38623
38669
38695
38705
38710
38785
38803
38854
38899
38983
39005
39107
39166
39167
39176
39182
39403
39412
39464
39494
39546
39569
39583
39641
39705
39780
39847
39891
39928
39956
39959
39989
-1
