30
33
90
107
116
193
201
238
267
285
290
318
334
398
495
531
540
557
618
752
778
803
816
854
882
903
992
1112
1143
1169
1183
1192
1201
1202
1247
1253
1256
1461
1495
1496
1527
1560
1595
1647
1670
1679
1774
1811
1836
1844
1862
1961
2016
2034
2073
2102
2216
2222
2227
2239
2338
2340
2389
2424
2436
2446
2459
2483
2649
2687
2722
2780
2782
2825
2869
2872
2903
2958
3012
3039
3091
3148
3189
3192
3275
3309
3353
3386
3456
3526
3647
3672
3676
3762
3778
3823
3930
3942
3992
4007
4086
4104
4116
4138
4167
4188
4306
4332
4369
4466
4485
4551
4672
4706
4816
4832
4839
4948
4992
5080
5185
5215
5220
5358
5395
5415
5464
5502
5506
5547
5583
5672
5745
5773
5846
5936
5959
6114
6126
6148
6149
6162
6183
6213
6288
6325
6364
6376
6381
6394
6613
6643
6684
6685
6751
6755
6851
7045
7063
7098
7109
7118
7134
7234
7238
7264
7278
7285
7425
7462
7564
7603
7622
7631
7681
7736
7741
7749
7823
7895
7927
7960
7979
8001
8011
8040
8076
8128
8356
8359
8367
8404
8418
8432
8459
8481
8530
8586
8595
8664
8738
8936
8973
9016
9026
9087
9090
9203
9284
9306
9345
9361
9409
9530
9557
9587
9622
9628
9783
9830
9841
9912
9947
9951
10002
10005
10099
10203
10253
10344
10356
10378
10392
10420
10431
10506
10516
10518
10600
10650
10666
10674
10683
10713
10748
10780
10796
10808
10849
10864
10870
11011
11031
11038
11060
11116
11128
11129
11144
11204
11212
11277
11294
11306
11314
11358
11490
11491
11501
11531
11535
11686
11696
11744
11776
11799
11800
11808
11843
11861
11895
11971
11979
11984
12107
12164
12178
12265
12349
12354
12361
12396
12419
12432
12652
12724
12729
12750
12849
12853
12875
12908
12918
12971
13043
13085
13171
13223
13227
13282
13360
13407
13437
13479
13515
13559
13621
13649
13681
13682
13702
13731
13754
13814
13819
13857
13902
13905
13933
13994
14030
14041
14049
14152
14194
14216
14245
14277
14302
14343
14369
14388
14392
14410
14417
14443
14488
14504
14506
14516
14528
14673
14683
14713
14880
14948
15019
15215
15229
15230
15260
15353
15539
15542
15558
15580
15585
15637
15706
15759
15768
15840
15964
15996
16039
16049
16154
16203
16232
16237
16333
16342
16379
16386
16436
16448
16478
16497
16516
16559
16591
16592
16607
16674
16677
16681
16770
16787
16794
16810
16833
16835
16886
16902
17085
17198
17232
17234
17289
17299
17320
17348
17417
17418
17471
17472
17481
17503
17512
17520
17555
17565
17619
17689
17714
17765
17779
17822
17841
17859
17888
17952
17959
18048
18065
18104
18111
18187
18189
18262
18313
18330
18346
18416
18419
18444
18485
18538
18624
18639
18651
18668
18678
18681
18713
18716
18784
18952
18954
19012
19066
19067
19086
19088
19164
19165
19209
19230
19261
19301
19311
19347
19351
19384
19390
19480
19574
19585
19663
19696
19710
19715
19741
19757
19778
19839
19859
19860
19874
19940
19987
20038
20070
20114
20117
20122
20149
20179
20251
20254
20378
20379
20442
20462
20507
20556
20562
20647
20670
20691
20700
20853
20923
20952
20989
21026
21089
21174
21187
21195
21226
21278
21292
21416
21487
21496
21547
21578
21583
21585
21595
21687
21703
21717
21739
21790
21835
21922
21949
21958
22015
22028
22047
22059
22078
22116
22117
22118
22149
22161
22187
22238
22253
22260
22261
22273
22293
22389
22417
22420
22422
22438
22440
22493
22591
22607
22629
22660
22685
22742
22772
22783
22881
22922
22992
23060
23067
23132
23155
23243
23312
23430
23457
23458
23535
23555
23599
23602
23640
23838
23853
23941
24018
24028
24204
24205
24210
24220
24237
24276
24347
24355
24441
24518
24557
24641
24653
24657
24658
24708
24738
24765
24772
24779
24872
24882
24884
24937
24952
25013
25103
25146
25329
25408
25446
25487
25530
25575
25604
25650
25676
25719
25746
25765
25827
25949
25964
25965
25997
26000
26013
26020
26029
26032
26096
26144
26150
26182
26239
26308
26329
26370
26414
26419
26436
26520
26528
26550
26593
26612
26628
26652
26681
26758
26803
26806
26853
26875
26970
27019
27096
27127
27156
27190
27286
27291
27339
27352
27369
27426
27467
27474
27539
27553
27580
27601
27672
27707
27731
27776
27785
27794
27805
27821
27830
27918
27925
27997
28034
28055
28109
28243
28275
28294
28305
28308
28340
28348
28364
28435
28541
28623
28655
28743
28747
28777
28789
28835
28843
28845
28867
28932
28948
29034
29266
29301
29327
29331
29355
29360
29375
29390
29401
29426
29525
29555
29604
29650
29679
29808
29813
29850
29856
29864
29962
29973
29976
30095
30117
30124
30129
30195
30204
30205
30209
30256
30275
30297
30357
30431
30493
30616
30620
30669
30692
30696
30812
30884
30895
30938
30976
31036
31047
31080
31160
31161
31163
31186
31237
31288
31298
31305
31372
31376
31422
31428
31436
31490
31514
31551
31608
31612
31753
31769
31776
31857
31883
31909
31926
31980
31994
32024
32033
32048
32076
32214
32256
32303
32360
32384
32472
32482
32483
32513
32559
32585
32619
32672
32684
32690
32789
32891
32895
32897
32944
32981
32995
32996
33005
33032
33038
33061
33121
33128
33131
33179
33192
33211
33257
33345
33412
33487
33576
33585
33757
33805
33893
33894
33896
33992
34008
34089
34096
34173
34214
34222
34246
34319
34328
34417
34481
34485
34517
34519
34528
34533
34549
34573
34625
34640
34815
34860
34906
34910
34926
34977
35011
35139
35174
35185
35201
35211
35256
35296
35364
35388
35391
35445
35455
35457
35510
35542
35620
35782
35784
35884
35905
35912
35950
35958
35966
36001
36043
36061
36231
36461
36468
36472
36494
36631
36667
36704
36731
36758
36850
36871
36881
36929
36970
37021
37219
37319
37324
37360
37375
37403
37458
37476
37483
37490
37518
37523
37547
37560
37577
37673
37700
37711
37739
37758
37778
37841
37848
37858
37865
37911
37925
37928
37939
37956
37979
38078
38097
38098
38138
38143
38228
38297
38303
38463
38475
38487
38560
38562
38584
38599
38638
38644
38669
38718
38727
38851
38876
38888
38896
38915
38999
39059
39132
39145
39181
39229
39308
39353
39358
39392
39407
39410
39537
39583
39616
39635
39659
39663
39684
39723
39728
39774
39886
39895
-1
