0
75
106
116
181
195
216
324
349
408
443
464
504
580
587
599
622
624
666
673
678
722
749
801
913
985
1015
1073
1102
1116
1260
1264
1270
1309
1314
1364
1374
1424
1425
1440
1493
1524
1541
1552
1553
1608
1617
1661
1679
1697
1702
1710
1716
1858
1884
1898
1913
1923
1963
1988
2032
2039
2044
2059
2061
2072
2100
2107
2121
2215
2274
2278
2320
2344
2375
2387
2433
2438
2483
2499
2536
2611
2686
2719
2728
2783
2823
2872
2885
2966
2969
2992
2994
3037
3108
3114
3200
3222
3225
3321
3324
3336
3373
3495
3519
3611
3622
3682
3683
3706
3709
3769
3772
3780
3842
3847
3864
3874
3908
3992
4033
4094
4127
4129
4155
4200
4262
4296
4342
4381
4432
4491
4544
4567
4592
4627
4657
4669
4713
4733
4735
4886
5006
5060
5091
5113
5162
5175
5348
5361
5430
5442
5619
5649
5660
5666
5716
5947
5967
5982
6010
6126
6307
6363
6370
6445
6513
6514
6562
6610
6746
6757
6882
6896
6959
7046
7085
7091
7122
7126
7131
7194
7223
7230
7253
7322
7328
7377
7383
7452
7480
7574
7595
7642
7655
7684
7712
7739
7750
7765
7797
7839
7851
7858
7864
7876
7913
7947
7957
8027
8221
8261
8338
8375
8393
8413
8448
8451
8477
8481
8485
8519
8554
8600
8601
8703
8733
8736
9040
9080
9084
9086
9118
9176
9194
9203
9230
9291
9365
9398
9404
9456
9505
9541
9558
9560
9669
9680
9697
9715
9726
9746
9825
9855
9862
9912
9991
10001
10016
10021
10141
10146
10190
10240
10311
10369
10377
10407
10588
10594
10626
10634
10650
10687
10696
10752
10775
10787
10855
10872
10885
10910
10923
10952
11051
11057
11120
11146
11278
11288
11337
11370
11409
11469
11478
11504
11507
11559
11578
11668
11670
11731
11750
11778
11858
11871
12075
12131
12152
12159
12204
12333
12337
12343
12361
12401
12435
12503
12504
12533
12534
12538
12543
12678
12747
12810
12826
12835
12869
12871
12911
12946
12993
13067
13105
13174
13206
13223
13345
13357
13363
13394
13417
13476
13566
13589
13598
13604
13675
13706
13786
13806
13809
13840
13850
13899
13902
13976
14136
14137
14184
14211
14257
14293
14297
14368
14504
14541
14571
14596
14620
14621
14639
14724
14746
14789
14873
14908
14953
14974
14990
15080
15107
15152
15201
15231
15254
15267
15291
15335
15342
15348
15379
15385
15393
15398
15533
15554
15629
15685
15738
15747
15763
15798
15928
16134
16183
16221
16276
16285
16301
16325
16372
16397
16413
16466
16500
16595
16603
16620
16629
16634
16678
16767
16868
16880
16899
16906
16910
16912
16918
16932
16959
16982
17017
17069
17109
17119
17140
17166
17192
17223
17353
17364
17426
17466
17468
17490
17584
17588
17624
17694
17756
17815
17817
17841
17904
17919
17960
18026
18037
18038
18045
18131
18138
18157
18198
18307
18320
18335
18351
18404
18437
18492
18512
18578
18713
18774
18840
18872
18912
18934
18996
19005
19083
19141
19155
19179
19319
19369
19414
19452
19484
19510
19535
19570
19584
19630
19632
19633
19644
19819
19837
19877
19931
19962
19963
19983
20027
20061
20148
20158
20178
20271
20276
20308
20353
20541
20593
20621
20701
20719
20772
20774
21027
21083
21099
21194
21229
21244
21247
21266
21302
21392
21401
21418
21419
21555
21571
21628
21673
21724
21752
21753
21826
21845
21846
21890
21961
22028
22034
22130
22247
22259
22272
22300
22400
22401
22408
22547
22555
22773
22808
22927
22970
23109
23155
23241
23246
23248
23257
23272
23276
23333
23375
23409
23426
23436
23437
23466
23467
23490
23496
23508
23583
23629
23660
23675
23729
23878
23914
23986
23988
24009
24021
24041
24072
24099
24102
24114
24131
24142
24156
24162
24211
24252
24359
24385
24419
24420
24429
24462
24494
24521
24663
24668
24676
24699
24712
24862
24864
24926
24931
24957
24964
24986
24991
25029
25060
25153
25179
25192
25209
25213
25260
25292
25303
25312
25317
25344
25345
25363
25364
25447
25450
25572
25658
25662
25708
25735
25738
25854
25891
25921
25922
26046
26156
26179
26195
26203
26236
26277
26372
26406
26416
26427
26479
26484
26504
26507
26570
26578
26608
26670
26694
26709
26755
26801
26844
26886
26899
26967
26971
26996
27067
27076
27098
27229
27252
27257
27298
27302
27308
27319
27386
27393
27420
27466
27504
27599
27622
27647
27656
27681
27684
27754
27782
27783
27844
27850
27884
27895
27963
28014
28031
28037
28067
28112
28209
28216
28316
28359
28524
28537
28600
28679
28715
28743
28789
28826
28832
28861
29069
29070
29088
29127
29163
29232
29298
29396
29414
29419
29471
29517
29518
29522
29738
29753
29758
29759
29820
29903
29928
29933
30082
30098
30131
30164
30168
30338
30379
30404
30472
30535
30539
30542
30592
30608
30707
30758
30759
30776
30863
30895
30902
30903
30948
30949
31113
31154
31155
31181
31369
31378
31585
31678
31713
31724
31785
31808
31853
31992
32074
32085
32176
32335
32346
32393
32423
32448
32518
32606
32614
32616
32630
32666
32668
32685
32754
32811
32814
32835
32847
32885
32894
32922
32950
32962
32985
33002
33006
33012
33058
33122
33145
33174
33180
33195
33232
33256
33268
33367
33373
33379
33392
33443
33493
33503
33517
33537
33567
33606
33689
33707
33736
33742
33796
33919
33944
33964
34002
34009
34039
34040
34054
34065
34131
34138
34145
34164
34182
34202
34280
34289
34394
34521
34549
34631
34633
34721
34751
34829
34837
34865
34870
34897
34939
35015
35055
35067
35068
35101
35231
35242
35251
35259
35279
35373
35460
35498
35514
35578
35593
35617
35633
35653
35694
35724
35778
35788
35789
35792
35965
36000
36029
36212
36240
36243
36251
36321
36345
36403
36441
36481
36598
36623
36631
36644
36696
36722
36745
36776
36800
36822
36836
36906
36931
36953
36999
37005
37040
37064
37072
37116
37190
37197
37272
37514
37613
37638
37668
37786
37826
37840
37853
37874
37952
37998
38019
38107
38118
38122
38150
38189
38231
38236
38260
38336
38338
38364
38379
38471
38497
38630
38639
38753
38757
38758
38810
38836
38837
38851
38871
38959
39018
39035
39095
39166
39233
39285
39326
39334
39406
39448
39480
39487
39502
39545
39560
39570
39603
39605
39636
39643
39735
39758
39766
39775
39791
39939
-1