7
14
60
63
64
152
233
270
275
336
381
415
477
499
656
661
756
779
792
795
796
805
826
836
929
982
1033
1039
1044
1049
1071
1124
1132
1148
1174
1233
1282
1296
1393
1404
1426
1612
1619
1623
1647
1707
1750
1787
1855
1860
1900
1965
2057
2073
2130
2158
2263
2317
2343
2353
2403
2467
2493
2628
2748
2818
2862
2904
2914
2962
3008
3027
3098
3259
3357
3391
3396
3418
3450
3452
3459
3482
3497
3516
3625
3639
3646
3677
3762
3763
3775
3777
3813
3819
3858
3955
3967
3974
4046
4047
4122
4139
4400
4418
4439
4444
4509
4634
4674
4678
4738
4779
4902
4931
4959
4971
5005
5017
5035
5052
5122
5134
5196
5205
5217
5219
5239
5257
5269
5292
5297
5351
5377
5390
5392
5395
5407
5419
5434
5493
5562
5565
5601
5642
5804
5808
5849
5914
5928
5934
5941
6018
6049
6064
6144
6172
6450
6595
6600
6606
6618
6739
6764
6771
6773
6781
6798
6855
6860
6887
6891
6953
6989
7039
7102
7174
7265
7316
7411
7420
7441
7529
7597
7603
7785
7893
7904
7978
7990
7992
8005
8127
8148
8176
8202
8222
8303
8324
8340
8386
8390
8413
8476
8479
8496
8512
8528
8587
8692
8700
8705
8734
8735
8821
8842
8861
8906
8984
9010
9032
9093
9169
9198
9277
9281
9337
9367
9443
9457
9486
9506
9566
9610
9631
9669
9679
9696
9743
9759
9829
9919
9922
9972
9979
10060
10153
10244
10248
10291
10335
10342
10358
10390
10396
10470
10515
10519
10557
10572
10573
10642
10649
10655
10759
10775
10783
10922
10946
10980
10997
11124
11228
11281
11314
11339
11381
11425
11545
11547
11566
11604
11692
11744
11751
11810
11819
11846
11847
11911
11928
11950
11997
12037
12041
12175
12181
12211
12245
12258
12274
12328
12433
12438
12444
12454
12489
12522
12598
12600
12610
12640
12671
12689
12758
12760
12778
12779
12783
12828
12850
12932
12993
12997
13005
13055
13079
13248
13279
13328
13330
13491
13550
13639
13746
13850
13858
13899
13937
13944
13958
13961
13973
13978
14003
14099
14118
14141
14167
14175
14199
14243
14248
14357
14361
14366
14391
14458
14472
14473
14480
14563
14630
14721
14726
14767
14784
14789
14831
14875
14939
15015
15039
15042
15064
15102
15199
15282
15319
15389
15492
15493
15513
15587
15594
15624
15652
15677
15692
15746
15753
15770
15868
16001
16009
16030
16047
16063
16071
16081
16159
16212
16255
16295
16322
16359
16377
16486
16633
16658
16677
16760
16773
16832
16865
16877
16901
17048
17080
17106
17127
17213
17313
17378
17388
17455
17643
17674
17720
17791
17801
17805
17852
17981
18008
18065
18067
18096
18102
18116
18143
18197
18285
18292
18332
18344
18347
18367
18393
18510
18515
18539
18618
18643
18647
18650
18686
18836
18842
18862
18875
18896
18910
18961
19007
19042
19046
19047
19052
19105
19116
19145
19164
19213
19269
19350
19446
19500
19557
19576
19582
19595
19660
19739
19824
19852
19899
19924
19930
19937
19987
20005
20019
20052
20080
20201
20268
20275
20427
20533
20590
20614
20670
20700
20709
20719
20763
20794
20815
20854
20876
20905
20988
20995
21000
21122
21148
21220
21230
21269
21337
21419
21483
21497
21542
21551
21571
21579
21678
21736
21743
21789
21790
21821
21825
21857
21869
21960
22022
22048
22196
22225
22241
22316
22345
22472
22504
22509
22514
22533
22589
22640
22687
22744
22806
22839
22922
22972
22992
23007
23019
23024
23065
23178
23224
23242
23304
23309
23322
23334
23373
23384
23440
23442
23481
23506
23516
23554
23595
23596
23651
23703
23732
23756
23779
23788
23825
23871
23891
23991
24038
24060
24080
24117
24172
24199
24224
24229
24232
24249
24375
24426
24509
24510
24558
24580
24602
24610
24642
24724
24768
24984
24993
25008
25031
25057
25078
25094
25099
25158
25196
25205
25361
25365
25379
25527
25533
25565
25669
25691
25692
25704
25734
25750
25860
25899
25965
26012
26019
26047
26062
26128
26139
26160
26171
26181
26215
26230
26252
26366
26404
26457
26523
26627
26629
26638
26678
26711
26736
26836
26903
26919
26926
26939
26949
27014
27027
27038
27061
27117
27268
27291
27294
27403
27444
27446
27525
27542
27561
27587
27590
27629
27646
27686
27708
27716
27752
27827
27851
27950
27992
28036
28097
28130
28133
28175
28247
28276
28372
28374
28419
28435
28490
28525
28566
28586
28691
28700
28811
28816
28827
28857
28909
28945
28965
28985
29027
29029
29052
29208
29285
29352
29355
29357
29369
29383
29437
29452
29516
29517
29522
29530
29538
29573
29613
29627
29633
29644
29699
29706
29721
29818
29852
29866
29871
30041
30056
30100
30162
30170
30179
30189
30190
30200
30244
30247
30338
30344
30361
30374
30391
30435
30472
30603
30670
30680
30707
30799
30843
30878
30906
30978
30996
31057
31104
31220
31232
31240
31341
31383
31414
31446
31513
31535
31565
31580
31651
31668
31722
31759
31804
31824
31827
31855
31864
31914
31916
31963
31990
32029
32046
32055
32057
32070
32073
32080
32126
32168
32183
32198
32315
32323
32358
32359
32363
32370
32372
32414
32457
32479
32494
32530
32537
32593
32713
32801
32883
32904
32912
32961
33093
33103
33169
33200
33205
33233
33317
33364
33374
33414
33455
33507
33555
33579
33595
33606
33638
33682
33693
33716
33766
33941
33995
34004
34068
34112
34120
34137
34288
34359
34482
34489
34498
34521
34632
34674
34683
34690
34734
34736
34750
34786
34817
34844
34894
34911
34941
34996
34998
35001
35010
35025
35046
35053
35056
35096
35099
35141
35209
35211
35243
35273
35275
35323
35476
35527
35593
35663
35717
35748
35767
35814
35844
35854
35920
35936
35965
35981
36003
36004
36009
36086
36089
36158
36185
36199
36211
36230
36316
36336
36372
36374
36390
36458
36499
36531
36551
36712
36713
36731
36772
36789
36834
36858
36883
36987
37038
37111
37137
37165
37190
37217
37247
37310
37312
37386
37395
37411
37423
37433
37447
37484
37532
37643
37718
37787
37816
37825
37828
37834
37847
37888
37968
37992
38004
38203
38271
38302
38335
38373
38396
38414
38552
38611
38652
38848
38960
39023
39043
39049
39161
39166
39217
39370
39402
39420
39482
39543
39577
39593
39600
39634
39679
39703
39720
39732
39864
39918
39927
39953
39989
-1
