1
34
83
89
142
156
216
261
263
284
410
442
444
447
531
544
624
680
708
843
868
901
947
954
990
1034
1085
1114
1138
1151
1177
1186
1215
1220
1263
1294
1397
1476
1479
1501
1521
1557
1633
1644
1662
1677
1715
1735
1773
1783
1809
1829
1838
2037
2040
2084
2111
2128
2171
2202
2301
2337
2398
2399
2472
2480
2564
2643
2651
2720
2726
2795
2819
2870
2885
2892
2918
3012
3050
3083
3085
3089
3099
3113
3134
3136
3250
3263
3344
3356
3403
3435
3438
3452
3474
3519
3578
3692
3723
3728
3782
3785
3888
3934
3985
4011
4035
4082
4104
4223
4225
4269
4290
4317
4324
4325
4423
4521
4565
4598
4601
4634
4675
4717
4724
4861
4871
4967
4998
5017
5054
5059
5064
5077
5113
5189
5190
5191
5328
5366
5414
5419
5444
5452
5468
5516
5557
5563
5569
5706
5707
5815
5850
5878
6001
6067
6090
6124
6150
6254
6310
6323
6327
6339
6373
6457
6530
6614
6692
6711
6771
6869
6923
6929
6954
6974
6995
7034
7160
7189
7266
7314
7373
7404
7413
7514
7598
7647
7662
7676
7699
7718
7748
7797
7801
7838
7915
7973
8018
8121
8123
8137
8167
8183
8196
8334
8338
8355
8406
8457
8487
8499
8560
8648
8678
8686
8703
8724
8726
8772
8777
8788
8840
8879
8917
8927
8929
8952
8968
8981
8991
8998
9082
9088
9101
9104
9123
9147
9149
9163
9169
9238
9245
9337
9379
9388
9389
9403
9428
9484
9528
9563
9610
9612
9636
9641
9695
9886
9892
9939
10000
10027
10090
10151
10239
10330
10336
10414
10445
10479
10488
10516
10619
10622
10675
10678
10717
10763
10772
10863
10870
10959
11046
11089
11122
11127
11260
11272
11367
11373
11386
11395
11417
11485
11541
11546
11558
11567
11601
11678
11723
11727
11734
11777
11781
11795
11803
11870
11894
11925
11977
12018
12082
12107
12153
12168
12294
12311
12414
12544
12545
12552
12600
12627
12647
12686
12690
12698
12704
12761
12876
12886
12923
12948
12949
12980
12998
13101
13193
13238
13288
13310
13330
13357
13389
13394
13402
13429
13531
13691
13816
13994
13996
14107
14226
14252
14267
14301
14309
14375
14385
14452
14460
14468
14568
14592
14606
14612
14624
14642
14721
14742
14813
14832
14857
14873
14990
15131
15157
15210
15233
15239
15248
15287
15313
15356
15376
15392
15432
15485
15553
15566
15607
15682
15746
15758
15789
15794
15848
15860
15864
15867
15884
15922
15991
16000
16012
16068
16074
16109
16134
16136
16180
16196
16210
16233
16255
16355
16357
16453
16471
16502
16574
16577
16603
16649
16670
16692
16726
16733
16740
16754
16806
16844
16878
16905
16962
17082
17103
17146
17178
17219
17227
17300
17325
17424
17473
17541
17615
17663
17702
17769
17772
17801
17843
17862
17976
17987
18131
18174
18182
18184
18274
18277
18304
18308
18360
18408
18464
18651
18758
18759
18771
18778
18783
18947
18989
19013
19102
19141
19173
19186
19222
19253
19280
19378
19477
19548
19559
19583
19623
19642
19712
19749
19770
19793
19830
19831
19843
19918
19959
19984
19993
20031
20063
20067
20093
20148
20167
20223
20226
20235
20328
20358
20546
20609
20634
20652
20673
20691
20708
20785
20798
20827
20863
20893
20958
21051
21053
21151
21217
21273
21288
21356
21415
21421
21470
21503
21569
21598
21610
21616
21641
21688
21799
21822
22062
22114
22136
22150
22163
22199
22206
22298
22332
22407
22451
22460
22484
22509
22511
22580
22691
22745
22772
22775
22787
22864
22966
22968
22973
22992
23071
23130
23137
23158
23165
23168
23207
23266
23281
23289
23312
23370
23372
23402
23429
23467
23526
23548
23608
23613
23617
23619
23685
23751
23767
23797
23932
23934
24068
24256
24332
24349
24427
24459
24479
24503
24507
24532
24548
24667
24822
24843
24978
25110
25112
25161
25175
25203
25275
25304
25379
25428
25431
25472
25539
25572
25597
25644
25655
25667
25684
25716
25818
25941
25962
26037
26186
26209
26212
26273
26291
26339
26387
26398
26429
26457
26520
26535
26600
26614
26775
26778
26803
26825
26905
26909
26933
26939
26948
26999
27007
27026
27033
27070
27079
27120
27213
27229
27301
27337
27341
27394
27405
27541
27591
27648
27688
27748
27771
27795
27808
27835
27927
27934
28002
28006
28084
28121
28149
28163
28171
28174
28188
28251
28318
28436
28500
28513
28664
28692
28745
28774
28824
28836
28866
28927
29015
29163
29169
29229
29317
29318
29349
29353
29389
29475
29482
29528
29622
29656
29701
29703
29752
29758
29785
29851
29875
29890
29897
29957
29987
30078
30079
30088
30164
30167
30225
30231
30258
30347
30419
30422
30487
30540
30617
30662
30677
30723
30756
30799
30836
30844
30961
30986
31000
31057
31097
31107
31109
31127
31144
31258
31267
31303
31345
31357
31416
31440
31472
31481
31484
31540
31557
31619
31623
31665
31695
31726
31787
31856
31880
31936
31969
31996
32022
32027
32045
32046
32140
32162
32180
32208
32224
32228
32468
32555
32560
32622
32631
32646
32649
32650
32680
32684
32753
32774
32821
32824
32943
32989
32992
33032
33078
33079
33109
33170
33172
33204
33263
33308
33344
33426
33432
33456
33583
33600
33618
33628
33658
33697
33703
33840
33857
33859
33897
33950
33993
33995
34023
34111
34136
34175
34292
34333
34377
34389
34463
34530
34540
34544
34556
34569
34605
34749
34752
34832
34890
34893
34938
34952
34965
35001
35013
35038
35039
35109
35166
35189
35211
35227
35259
35261
35344
35352
35364
35393
35423
35461
35469
35509
35525
35527
35540
35551
35575
35624
35815
35854
35932
35979
35987
35992
36003
36108
36149
36170
36214
36236
36250
36301
36305
36323
36373
36378
36459
36460
36517
36524
36560
36564
36611
36613
36622
36659
36663
36724
36757
36792
36811
36850
36853
36882
36938
36942
36990
37095
37181
37210
37231
37240
37284
37297
37303
37356
37358
37375
37399
37408
37417
37439
37460
37488
37558
37568
37572
37781
37866
37889
37941
37970
38004
38047
38060
38128
38135
38301
38352
38370
38403
38405
38420
38460
38502
38517
38564
38589
38687
38690
38765
38780
38836
38851
38859
38902
38932
38996
39085
39103
39116
39155
39217
39227
39270
39393
39405
39448
39497
39532
39616
39626
39634
39653
39687
39842
39863
39872
39923
39945
-1
