75
138
160
207
212
215
228
230
273
323
398
400
499
607
668
754
783
794
811
823
829
832
876
1025
1058
1072
1087
1208
1249
1269
1338
1352
1405
1423
1436
1495
1540
1569
1604
1610
1639
1698
1699
1731
1736
1738
1744
1782
1788
1881
1896
1902
1911
1937
1958
1977
2001
2071
2208
2264
2296
2300
2341
2374
2467
2476
2485
2554
2561
2633
2648
2654
2703
2704
2753
2765
2786
2848
2915
2955
3027
3028
3035
3049
3061
3092
3149
3160
3194
3199
3330
3379
3467
3584
3615
3651
3694
3709
3736
4015
4115
4128
4136
4188
4227
4257
4306
4359
4366
4384
4447
4458
4492
4506
4557
4573
4575
4615
4748
4785
4860
4864
4889
4894
4902
4941
4951
4966
4992
5065
5068
5096
5240
5241
5250
5279
5305
5412
5442
5461
5467
5476
5480
5487
5542
5544
5546
5561
5585
5658
5660
5693
5720
5744
5848
5937
5944
5995
6033
6046
6105
6153
6165
6188
6227
6282
6333
6345
6353
6363
6405
6419
6436
6441
6493
6505
6514
6527
6626
6630
6693
6723
6815
6894
7036
7040
7058
7160
7199
7200
7210
7237
7298
7309
7353
7356
7375
7403
7436
7444
7472
7524
7584
7620
7652
7685
7717
7767
7794
7909
7945
7952
8095
8110
8192
8193
8236
8283
8298
8307
8316
8411
8437
8556
8558
8665
8678
8689
8690
8696
8727
8737
8765
8808
8890
8926
8983
8984
8987
9063
9141
9175
9201
9251
9256
9267
9353
9361
9449
9606
9612
9646
9709
9730
9736
9836
9840
9845
9857
9909
9998
10009
10078
10099
10109
10116
10267
10377
10399
10466
10524
10529
10543
10693
10793
10832
10835
10872
10877
10948
10964
10982
11110
11154
11160
11164
11185
11261
11281
11300
11371
11469
11483
11497
11507
11563
11650
11670
11680
11760
11771
11783
11791
11854
11872
11908
11928
11934
11963
11987
11990
12011
12027
12041
12125
12134
12149
12170
12216
12332
12461
12474
12526
12553
12556
12585
12614
12673
12701
12709
12721
12740
12802
12857
12860
12886
12894
12957
13029
13037
13084
13124
13269
13283
13311
13360
13370
13438
13494
13498
13559
13574
13602
13711
13745
13764
13851
13881
13888
13921
13995
14058
14124
14187
14233
14336
14381
14404
14420
14429
14538
14674
14711
14758
14786
14874
14881
14912
14930
14945
14967
14988
15010
15127
15145
15160
15179
15182
15194
15206
15215
15240
15245
15268
15274
15287
15376
15415
15523
15553
15605
15625
15640
15728
15741
15747
15784
15800
15915
15948
15953
15992
16050
16118
16189
16202
16207
16348
16349
16365
16408
16432
16462
16506
16513
16532
16542
16560
16575
16617
16627
16717
16733
16776
16800
16862
16915
16953
17005
17011
17032
17085
17111
17129
17237
17257
17269
17311
17439
17498
17515
17531
17638
17649
17688
17872
17879
17893
17906
17944
17995
18075
18176
18181
18290
18331
18412
18447
18477
18541
18586
18603
18744
18830
18857
18868
18912
19072
19114
19174
19195
19222
19235
19276
19307
19375
19388
19447
19458
19467
19510
19567
19572
19589
19602
19616
19765
19782
19796
19818
19824
19825
19858
19904
20132
20137
20215
20258
20398
20411
20417
20434
20440
20463
20610
20620
20740
20755
20807
20850
20854
20890
20943
21016
21088
21109
21117
21154
21358
21362
21384
21390
21413
21419
21421
21501
21566
21583
21633
21747
21792
21840
21847
21856
21873
21904
21924
21993
21996
22011
22080
22130
22142
22152
22217
22319
22320
22324
22339
22356
22473
22482
22537
22566
22577
22579
22651
22657
22740
22848
22902
22909
22962
22974
22985
23005
23037
23045
23140
23163
23182
23192
23196
23211
23231
23360
23385
23429
23460
23499
23520
23574
23590
23604
23609
23641
23668
23689
23755
23812
23818
23911
23953
24006
24018
24040
24117
24156
24166
24180
24240
24333
24356
24413
24418
24450
24484
24527
24614
24624
24655
24675
24733
24762
24780
24782
24862
24882
24913
24949
24980
25072
25088
25179
25193
25206
25356
25484
25525
25529
25553
25562
25582
25621
25668
25675
25689
25722
25724
25769
25773
25882
25897
25908
25960
25965
25999
26011
26040
26101
26122
26127
26146
26282
26299
26388
26423
26427
26493
26514
26569
26748
26761
26827
26880
26881
26933
26951
26971
26975
27007
27113
27143
27314
27350
27363
27408
27412
27496
27520
27536
27562
27620
27630
27636
27703
27742
27752
27804
27827
27866
27919
27958
28005
28041
28067
28068
28136
28158
28248
28287
28339
28393
28433
28463
28476
28492
28596
28667
28668
28712
28768
28779
28792
28859
28885
28892
28939
28947
28984
29022
29068
29099
29246
29262
29264
29269
29356
29432
29478
29515
29642
29652
29656
29682
29694
29759
29771
29818
29839
29956
30013
30173
30184
30198
30250
30285
30308
30333
30338
30357
30368
30403
30430
30476
30509
30558
30583
30726
30796
30883
30902
30922
30962
30972
31012
31038
31044
31071
31103
31133
31158
31216
31235
31243
31278
31279
31304
31344
31349
31356
31380
31407
31410
31457
31479
31499
31560
31580
31582
31631
31650
31671
31674
31684
31752
31895
31921
31926
31947
32027
32080
32084
32092
32109
32133
32230
32277
32303
32398
32401
32456
32473
32580
32589
32629
32680
32702
32744
32791
32804
32838
32866
32879
32936
32993
32994
33007
33037
33101
33116
33130
33153
33198
33215
33277
33356
33397
33406
33407
33415
33436
33454
33534
33544
33550
33570
33593
33670
33671
33723
33779
33781
33809
33813
33817
33854
33987
34018
34058
34219
34224
34270
34271
34311
34314
34352
34376
34392
34406
34414
34460
34473
34649
34696
34781
34799
34927
34936
35204
35210
35248
35387
35426
35430
35480
35510
35539
35602
35636
35679
35715
35719
35722
35792
35795
35881
35883
35940
35946
35962
36029
36041
36063
36149
36204
36331
36359
36396
36537
36549
36579
36586
36695
36721
36733
36744
36753
36783
36821
36838
36912
36929
37003
37020
37035
37090
37103
37112
37141
37142
37300
37405
37415
37565
37581
37597
37664
37723
37771
37786
37800
37812
37912
37925
37931
38012
38047
38159
38258
38308
38344
38366
38486
38505
38520
38591
38637
38732
38757
38762
38822
38839
38863
38864
38909
38945
39046
39056
39081
39157
39179
39197
39250
39272
39344
39383
39440
39534
39625
39680
39681
39701
39743
39755
39852
39882
39904
39915
39927
-1
