36
215
216
283
333
373
374
390
406
481
496
527
675
696
717
777
789
810
822
858
903
993
1194
1211
1240
1267
1295
1349
1393
1441
1494
1527
1529
1536
1569
1579
1593
1611
1637
1684
1708
1792
1923
1999
2056
2081
2097
2125
2200
2289
2346
2365
2372
2393
2397
2426
2470
2479
2488
2500
2525
2582
2625
2629
2673
2700
2854
2900
2938
3006
3012
3031
3056
3134
3150
3194
3378
3387
3509
3561
3598
3662
3665
3668
3681
3789
3826
3891
3937
3991
4053
4112
4148
4196
4207
4253
4317
4342
4447
4456
4548
4678
4719
4753
4804
4837
4839
4899
4927
4929
4963
5056
5074
5085
5128
5144
5201
5245
5279
5377
5383
5413
5416
5446
5454
5455
5514
5517
5595
5606
5631
5665
5697
5749
5783
5790
5791
5811
5863
5884
5968
6058
6073
6083
6111
6146
6161
6174
6275
6301
6317
6327
6330
6355
6369
6393
6448
6451
6461
6495
6505
6568
6632
6640
6650
6657
6665
6744
6749
6755
6776
6818
6856
6879
6890
6915
6992
7037
7087
7128
7189
7277
7399
7493
7585
7618
7621
7655
7780
7837
7875
7933
8032
8068
8084
8119
8126
8154
8190
8210
8216
8226
8292
8365
8383
8387
8397
8410
8417
8493
8517
8540
8595
8604
8638
8721
8742
8747
8763
8787
8813
8913
8969
9055
9064
9094
9134
9192
9203
9214
9230
9249
9256
9301
9314
9330
9334
9439
9496
9497
9608
9686
9689
9699
9740
9747
9952
9959
9982
10026
10181
10191
10199
10267
10299
10354
10401
10460
10469
10480
10560
10576
10627
10683
10723
10797
10806
10864
10868
10933
10964
10987
11017
11021
11022
11165
11261
11298
11333
11411
11472
11568
11587
11608
11647
11700
11714
11742
11749
11781
11784
11806
11826
11837
11839
11841
11881
11887
11901
11925
11936
11940
11969
12023
12053
12058
12205
12225
12241
12250
12293
12323
12342
12368
12383
12387
12456
12658
12708
12724
12751
12781
12783
12800
12882
12896
12916
12971
12988
13024
13060
13192
13359
13374
13379
13386
13515
13573
13588
13617
13620
13650
13682
13774
13782
13805
13849
13879
13937
13977
14050
14110
14198
14243
14251
14258
14271
14332
14418
14506
14551
14565
14573
14576
14626
14653
14679
14680
14695
14813
14850
14864
14870
14892
14966
14975
15006
15175
15229
15231
15244
15277
15356
15376
15397
15474
15503
15571
15667
15679
15699
15775
15790
15804
15806
15807
15872
15937
15982
16009
16012
16036
16048
16089
16142
16176
16203
16221
16303
16342
16429
16505
16535
16562
16566
16584
16588
16636
16645
16665
16697
16780
16802
16841
16913
16964
16969
16974
16992
17040
17060
17073
17117
17139
17152
17195
17196
17280
17292
17299
17321
17463
17481
17533
17545
17580
17624
17680
17694
17704
17735
17753
17774
17775
17787
17871
17877
17892
17962
18027
18074
18106
18177
18178
18182
18235
18317
18322
18413
18435
18562
18581
18642
18655
18696
18733
18820
19010
19058
19069
19209
19223
19224
19225
19266
19294
19320
19485
19522
19594
19638
19656
19674
19694
19786
19821
19904
19928
19960
20018
20071
20189
20218
20271
20290
20316
20332
20371
20452
20474
20523
20524
20627
20711
20715
20735
20743
20760
20806
20840
20907
20917
20969
20990
21036
21075
21079
21165
21168
21198
21220
21231
21232
21255
21307
21316
21345
21351
21413
21418
21420
21485
21516
21523
21770
21860
21873
21978
21989
22007
22027
22050
22093
22133
22205
22238
22257
22283
22462
22488
22544
22578
22707
22750
22751
22784
22786
22874
22884
22960
22989
22997
23045
23069
23108
23139
23170
23194
23259
23263
23365
23377
23531
23560
23566
23661
23668
23683
23817
23903
23934
23937
24003
24099
24106
24135
24140
24171
24186
24360
24390
24392
24395
24429
24445
24455
24480
24507
24529
24563
24574
24594
24690
24786
24850
24892
24953
25012
25052
25054
25076
25206
25275
25396
25459
25547
25580
25645
25702
25707
25725
25747
25779
25803
25820
25881
25923
25985
25992
26155
26157
26266
26299
26331
26410
26427
26435
26471
26509
26560
26649
26673
26679
26728
26742
26822
26902
27018
27020
27028
27069
27132
27146
27260
27261
27298
27319
27324
27370
27383
27397
27436
27529
27539
27553
27623
27651
27660
27674
27676
27800
27822
27866
27947
27948
27981
28025
28049
28089
28093
28118
28136
28175
28207
28262
28277
28394
28426
28505
28542
28569
28601
28662
28718
28720
28772
28797
28865
28911
28912
28955
29018
29078
29223
29264
29266
29274
29340
29349
29459
29484
29487
29599
29607
29623
29677
29678
29695
29700
29778
29835
29987
30081
30113
30178
30194
30199
30206
30222
30228
30231
30232
30274
30290
30346
30357
30394
30485
30532
30629
30639
30666
30667
30693
30756
30760
30762
30789
30816
30849
30925
30942
31003
31090
31107
31152
31174
31193
31211
31274
31325
31362
31378
31383
31501
31571
31576
31622
31736
31749
31782
31806
31870
31901
32066
32136
32315
32326
32338
32341
32400
32435
32437
32446
32453
32456
32478
32534
32586
32679
32719
32748
32793
32830
32871
32885
32886
32939
32948
32953
32954
32979
32991
33037
33087
33092
33178
33271
33274
33325
33326
33347
33365
33372
33395
33412
33417
33519
33547
33584
33586
33643
33721
33738
33749
33795
33799
33802
33819
33961
33972
34037
34066
34067
34118
34128
34236
34265
34272
34287
34296
34407
34424
34438
34443
34531
34559
34597
34661
34712
34737
34789
34829
34839
34845
34863
34900
34912
34988
35023
35030
35193
35220
35233
35292
35303
35319
35328
35366
35389
35459
35513
35541
35548
35550
35612
35624
35634
35643
35678
35797
35811
35848
35855
35926
35945
35959
36019
36032
36034
36177
36190
36224
36277
36289
36298
36320
36326
36353
36354
36384
36397
36419
36431
36490
36524
36536
36543
36568
36582
36600
36663
36702
36721
36761
36854
36885
36893
36993
36999
37009
37062
37070
37081
37085
37128
37181
37256
37271
37274
37302
37367
37372
37377
37392
37429
37513
37592
37623
37636
37639
37779
37878
37977
37996
38045
38074
38136
38140
38154
38156
38180
38187
38210
38241
38308
38340
38384
38496
38510
38555
38567
38648
38671
38712
38780
38867
38901
38960
38973
38981
38984
39030
39136
39250
39267
39337
39368
39374
39429
39435
39559
39654
39703
39721
39761
39922
39933
39935
39987
-1
