81
107
155
239
263
264
272
282
292
298
321
355
418
455
485
661
682
740
788
955
1028
1135
1145
1306
1312
1389
1396
1434
1472
1498
1529
1612
1634
1648
1711
1762
1780
1783
1825
1918
1920
1926
1938
1947
1987
2004
2039
2162
2179
2249
2290
2333
2346
2352
2359
2529
2548
2634
2650
2708
2712
2765
2929
2965
2989
2993
3013
3018
3068
3094
3098
3164
3186
3190
3210
3239
3248
3307
3344
3355
3364
3374
3432
3538
3555
3558
3594
3655
3727
3742
3858
3874
3888
3889
3919
3947
4066
4103
4312
4345
4373
4391
4461
4540
4625
4628
4642
4698
4714
4755
4780
4870
4893
4894
4959
5006
5038
5066
5128
5160
5179
5302
5309
5373
5461
5502
5593
5609
5615
5656
5792
5808
5917
6002
6030
6076
6077
6101
6114
6123
6202
6218
6304
6317
6365
6473
6490
6525
6603
6751
6797
6801
6817
6882
6920
6979
7021
7028
7092
7170
7266
7354
7382
7391
7428
7443
7450
7457
7468
7472
7502
7507
7512
7662
7689
7705
7715
7716
7760
7820
7847
7888
7902
7908
8008
8021
8028
8040
8051
8069
8099
8149
8150
8169
8199
8258
8303
8328
8352
8390
8479
8583
8591
8600
8627
8634
8689
8759
8788
8845
8903
8941
8973
9051
9067
9123
9167
9218
9234
9255
9285
9286
9306
9328
9358
9418
9438
9482
9503
9509
9536
9568
9571
9584
9616
9646
9709
9715
9890
9919
9921
9930
9939
9975
10025
10103
10164
10185
10233
10290
10354
10358
10366
10409
10441
10467
10597
10687
10725
10781
10810
10961
11083
11118
11158
11231
11235
11245
11256
11374
11393
11458
11503
11526
11538
11573
11588
11591
11596
11677
11751
11780
11824
11855
11873
11975
11999
12037
12112
12156
12177
12179
12206
12234
12253
12306
12350
12376
12379
12398
12429
12442
12545
12583
12680
12699
12717
12734
12745
12755
12756
12909
12916
12953
12984
12998
13077
13080
13089
13092
13112
13198
13265
13288
13319
13413
13430
13460
13485
13674
13701
13726
13798
13876
13903
13913
13915
13921
13928
13996
14006
14025
14152
14263
14264
14310
14351
14469
14532
14653
14669
14677
14741
14824
14839
14892
14923
14937
14957
14963
15034
15037
15116
15141
15143
15152
15217
15232
15328
15331
15434
15467
15470
15504
15584
15631
15636
15655
15663
15694
15712
15716
15729
15731
15763
15792
15856
15992
16027
16087
16106
16175
16188
16189
16202
16205
16245
16325
16352
16356
16372
16418
16445
16487
16503
16581
16602
16604
16610
16678
16695
16729
16743
16764
16812
16883
16942
16951
16973
16977
17039
17072
17147
17179
17181
17237
17248
17300
17320
17332
17362
17384
17446
17455
17511
17756
17957
17985
18080
18147
18217
18267
18288
18318
18347
18458
18539
18678
18689
18757
18850
18879
18932
18970
19041
19154
19165
19195
19249
19262
19323
19337
19420
19479
19524
19584
19629
19684
19751
19760
19786
19787
19802
19832
19862
19867
19901
19992
20059
20103
20111
20128
20160
20198
20204
20228
20270
20292
20307
20308
20317
20344
20403
20491
20554
20777
20849
20899
20987
21020
21104
21135
21185
21313
21393
21486
21524
21588
21590
21591
21601
21610
21616
21699
21700
21709
21785
21820
21935
21991
22024
22096
22101
22153
22156
22203
22248
22295
22318
22403
22441
22506
22513
22531
22599
22626
22655
22679
22695
22720
22764
22917
22926
22927
23025
23056
23141
23213
23239
23288
23292
23332
23344
23433
23546
23575
23577
23735
23747
23779
23842
23879
23899
23911
23921
23927
23937
23968
23972
23990
24007
24019
24025
24076
24102
24133
24280
24313
24346
24373
24397
24428
24517
24579
24702
24735
24787
24826
24836
24840
24873
24955
24957
24973
24985
24995
24997
25008
25018
25035
25063
25065
25109
25110
25149
25182
25196
25199
25202
25205
25279
25309
25410
25421
25462
25464
25473
25530
25555
25657
25678
25794
25805
25895
25959
26039
26070
26084
26204
26247
26264
26271
26273
26281
26377
26401
26439
26501
26540
26630
26632
26652
26668
26683
26763
26774
26816
26821
26879
26917
26929
26954
27033
27104
27110
27143
27198
27229
27251
27254
27297
27349
27459
27494
27517
27523
27563
27565
27580
27618
27757
27806
27846
27879
27887
27952
27970
27974
27983
28014
28044
28053
28154
28262
28324
28338
28398
28401
28437
28458
28515
28538
28563
28570
28599
28646
28672
28687
28691
28694
28879
28933
28980
29107
29111
29118
29180
29201
29215
29258
29284
29320
29384
29414
29490
29586
29623
29664
29666
29692
29695
29740
29766
29776
29832
29895
29951
29965
30033
30046
30063
30095
30170
30201
30252
30266
30304
30333
30337
30365
30366
30473
30516
30526
30681
30691
30730
30733
30803
30860
30873
30919
30953
30970
30979
30985
31029
31060
31084
31093
31118
31178
31220
31276
31282
31321
31355
31400
31403
31453
31544
31592
31593
31613
31615
31619
31693
31702
31733
31757
31827
31921
31926
32123
32125
32130
32208
32213
32222
32240
32284
32290
32323
32364
32386
32388
32498
32499
32556
32717
32720
32814
32883
32896
32939
32950
33046
33122
33125
33149
33159
33172
33194
33238
33246
33258
33331
33363
33388
33389
33456
33524
33539
33663
33669
33697
33795
33828
33869
33884
33893
33973
33998
34014
34113
34122
34157
34159
34171
34192
34319
34325
34334
34369
34380
34392
34421
34422
34446
34520
34664
34687
34725
34738
34754
34770
34779
34833
34864
34908
34924
34931
34995
35012
35013
35125
35330
35337
35360
35367
35385
35392
35440
35442
35458
35512
35554
35590
35595
35626
35690
35723
35762
35769
35774
35827
35845
35913
35944
35963
35970
36057
36098
36103
36114
36140
36176
36207
36262
36276
36354
36443
36484
36488
36585
36659
36663
36668
36711
36735
36755
36784
36792
36821
36833
36839
36856
36875
36882
36921
36947
36958
36960
36970
37021
37044
37073
37081
37166
37182
37207
37220
37352
37375
37458
37584
37658
37674
37692
37722
37723
37743
37774
37811
37900
37927
37961
37971
38073
38079
38090
38091
38183
38246
38249
38261
38280
38289
38307
38333
38336
38363
38436
38439
38662
38691
38770
38794
38795
38807
38839
38895
38903
38918
39035
39103
39131
39132
39139
39214
39265
39285
39290
39327
39331
39370
39399
39413
39416
39445
39463
39496
39511
39585
39657
39710
39768
39791
39794
39823
-1
