9
48
65
109
152
184
288
400
545
550
643
740
794
824
892
972
1004
1019
1110
1223
1263
1318
1342
1364
1411
1479
1514
1545
1588
1590
1817
1824
1888
1978
2026
2033
2068
2139
2159
2206
2239
2257
2283
2362
2450
2482
2573
2583
2592
2604
2658
2671
2672
2681
2727
2746
2756
2779
2783
2808
2826
2923
2931
3017
3052
3072
3157
3159
3203
3251
3309
3428
3433
3465
3539
3576
3586
3613
3670
3671
3717
3786
3801
3805
3815
3864
3918
3920
3950
4033
4057
4092
4096
4235
4260
4366
4479
4481
4521
4580
4664
4671
4683
4820
4865
4876
4888
4894
4934
4936
4967
5082
5084
5147
5185
5294
5299
5348
5353
5359
5394
5400
5424
5444
5476
5532
5550
5672
5686
5697
5889
5930
5991
6008
6069
6080
6097
6120
6142
6154
6318
6487
6508
6533
6539
6567
6581
6606
6661
6711
6714
6779
6786
6846
6923
6936
6957
6984
7004
7016
7056
7076
7078
7085
7199
7226
7391
7393
7396
7430
7522
7582
7651
7685
7714
7720
7790
7888
7899
7975
8041
8053
8098
8127
8150
8197
8230
8263
8376
8425
8439
8504
8527
8540
8541
8614
8635
8641
8676
8680
8691
8776
8848
8860
8932
8990
9008
9075
9093
9103
9111
9145
9151
9158
9472
9504
9524
9543
9565
9644
9656
9678
9700
9710
9803
9828
9834
9854
9871
9872
9966
9988
10000
10076
10091
10143
10197
10225
10276
10284
10438
10510
10524
10526
10610
10677
10685
10747
10749
10750
10771
10852
10868
10892
10896
10962
11066
11097
11126
11147
11279
11287
11351
11436
11502
11626
11641
11710
11766
11802
11822
11969
11986
11994
12033
12092
12096
12107
12180
12195
12305
12342
12372
12427
12436
12473
12575
12650
12688
12697
12749
12771
12795
12796
12834
12951
12985
13049
13127
13138
13180
13183
13186
13208
13303
13328
13409
13479
13504
13660
13696
13711
13773
13777
13792
13795
13825
13834
13839
13868
14024
14039
14068
14079
14086
14125
14131
14198
14293
14307
14384
14443
14449
14466
14518
14568
14581
14657
14672
14693
14762
14774
14779
14795
14826
14918
14965
14973
14988
15056
15064
15157
15245
15254
15288
15370
15371
15572
15603
15612
15677
15709
15759
15775
15789
15857
15861
15878
15897
15923
15970
16012
16021
16043
16088
16119
16241
16277
16319
16363
16376
16413
16511
16526
16548
16558
16562
16566
16571
16611
16613
16623
16733
16757
16761
16777
16781
16793
16858
17082
17086
17136
17140
17260
17308
17315
17329
17349
17374
17402
17422
17482
17535
17542
17564
17575
17659
17691
17702
17749
17849
17893
18015
18017
18058
18064
18095
18103
18153
18170
18257
18330
18389
18436
18468
18536
18612
18646
18743
18759
18761
18770
18889
18916
18932
18935
18965
19098
19150
19153
19214
19217
19228
19256
19274
19286
19302
19309
19357
19372
19378
19457
19473
19484
19518
19541
19561
19581
19639
19649
19736
19787
19790
19828
19863
19864
19867
19903
19913
20006
20043
20176
20185
20227
20275
20362
20370
20389
20391
20402
20417
20500
20572
20645
20670
20709
20714
20744
20876
20879
20998
21060
21115
21130
21175
21334
21360
21406
21408
21492
21532
21606
21691
21692
21714
21719
21763
21781
21864
21927
22010
22148
22204
22219
22229
22232
22317
22318
22322
22402
22424
22435
22465
22513
22562
22566
22573
22587
22590
22649
22697
22700
22719
22772
22785
22833
22834
22887
22912
22949
23031
23044
23048
23157
23172
23175
23220
23224
23251
23295
23318
23343
23388
23452
23455
23519
23553
23590
23636
23659
23696
23698
23715
23730
23760
23777
23807
23888
24072
24094
24113
24115
24144
24211
24242
24257
24267
24269
24276
24412
24471
24480
24497
24539
24558
24576
24599
24647
24659
24661
24687
24695
24730
24738
24786
24883
24891
24945
24986
24995
25082
25180
25191
25219
25272
25285
25300
25302
25320
25484
25559
25612
25688
25696
25802
25847
25855
25907
25928
25954
25984
26012
26080
26082
26126
26190
26211
26223
26301
26343
26404
26421
26447
26479
26516
26553
26597
26605
26637
26647
26669
26726
26742
26886
26918
26965
26971
26997
27075
27130
27185
27188
27214
27273
27287
27376
27501
27530
27533
27558
27587
27741
27836
27860
27896
27899
27912
27989
28050
28052
28059
28060
28062
28085
28136
28153
28163
28165
28190
28285
28289
28296
28366
28466
28504
28521
28553
28565
28675
28703
28715
28719
28768
28781
28822
28885
28890
28910
28913
28988
29043
29053
29084
29094
29096
29114
29154
29168
29208
29272
29287
29429
29519
29525
29531
29548
29557
29566
29572
29592
29600
29615
29617
29638
29655
29713
29719
29765
29790
29830
29932
29997
30005
30137
30139
30148
30193
30207
30296
30305
30337
30390
30422
30426
30431
30508
30651
30743
30830
30839
30860
30955
30975
31198
31245
31268
31271
31312
31327
31426
31500
31516
31526
31559
31587
31695
31748
31818
31870
31877
31909
31927
31995
31999
32018
32074
32081
32111
32122
32205
32211
32219
32273
32289
32332
32431
32446
32493
32510
32546
32565
32571
32584
32712
32734
32736
32744
32850
32900
32923
32938
32941
33018
33109
33174
33179
33252
33275
33311
33343
33347
33421
33666
33730
33733
33754
33786
33836
33859
33912
34000
34012
34128
34150
34170
34249
34274
34287
34301
34311
34462
34516
34554
34579
34607
34665
34694
34733
34782
34788
34820
34837
34905
34915
34927
34955
34956
34968
34972
34986
35004
35039
35069
35078
35092
35166
35174
35191
35216
35255
35281
35301
35313
35358
35387
35393
35417
35422
35439
35467
35475
35524
35526
35556
35586
35604
35641
35658
35690
35848
35908
35915
35958
35980
36014
36105
36204
36208
36397
36454
36496
36533
36650
36678
36685
36690
36696
36699
36763
36781
36799
36834
36835
36851
36897
36951
36978
36987
36994
37126
37131
37150
37170
37204
37210
37234
37248
37356
37360
37390
37393
37400
37450
37454
37467
37491
37504
37533
37549
37563
37569
37597
37680
37707
37758
37762
37766
37835
37838
37895
37902
37920
37949
37988
38111
38178
38232
38252
38333
38337
38371
38419
38443
38451
38458
38540
38656
38667
38687
38708
38722
38747
38780
38814
38840
38900
38910
38938
38979
39041
39135
39234
39267
39284
39323
39332
39381
39450
39461
39582
39591
39648
39668
39669
39673
39696
39703
39800
39841
39891
-1
