70
142
264
400
413
441
448
480
572
612
674
769
824
881
910
934
971
1040
1143
1146
1220
1266
1317
1325
1499
1518
1556
1560
1580
1681
1702
1725
1771
1791
1901
1946
1957
1993
2047
2055
2178
2194
2224
2231
2276
2413
2443
2462
2509
2520
2524
2536
2591
2662
2685
2689
2708
2723
2731
2749
2799
2821
2894
2928
2936
2983
2988
2995
3026
3070
3098
3149
3150
3252
3255
3282
3363
3379
3443
3542
3543
3587
3589
3684
3769
3774
3884
4011
4018
4040
4107
4141
4165
4221
4239
4243
4303
4339
4428
4464
4475
4484
4493
4502
4505
4547
4572
4628
4640
4653
4690
4707
4735
4742
4761
4834
4874
4882
4967
4981
4991
5009
5016
5021
5033
5054
5063
5066
5213
5230
5326
5374
5394
5434
5457
5471
5488
5499
5529
5596
5611
5689
5692
5733
5764
5785
5979
5993
6052
6059
6095
6119
6156
6206
6240
6278
6318
6335
6348
6363
6391
6421
6438
6479
6527
6610
6650
6659
6726
6738
6769
6810
6815
6900
7070
7100
7148
7152
7186
7266
7273
7328
7334
7347
7407
7423
7462
7467
7476
7479
7482
7488
7489
7519
7538
7558
7647
7648
7742
7778
7834
7853
7854
7935
7941
7965
8039
8083
8092
8093
8132
8148
8187
8263
8272
8279
8398
8408
8561
8573
8579
8672
8885
8896
8905
8927
8938
8963
8985
9026
9028
9034
9051
9205
9218
9237
9241
9258
9277
9309
9431
9443
9459
9550
9562
9784
9816
9821
9879
9903
9955
10009
10043
10083
10131
10138
10165
10255
10321
10396
10494
10517
10523
10531
10537
10558
10587
10592
10599
10600
10618
10647
10782
10879
10993
11030
11067
11068
11074
11109
11133
11183
11206
11269
11293
11381
11400
11406
11437
11506
11528
11625
11644
11743
11760
11775
11875
11896
11970
11992
12015
12038
12097
12142
12176
12181
12218
12230
12250
12283
12286
12386
12405
12415
12447
12486
12488
12528
12593
12623
12659
12672
12733
12738
12769
12855
12909
12922
13030
13066
13081
13130
13209
13211
13250
13268
13277
13359
13380
13383
13580
13649
13651
13658
13728
13800
13950
14024
14062
14141
14181
14237
14272
14283
14286
14362
14468
14559
14563
14617
14647
14693
14701
14748
14757
14771
14896
14900
14910
14927
15025
15054
15065
15068
15126
15141
15176
15193
15258
15279
15413
15443
15460
15564
15566
15576
15651
15676
15681
15704
15718
15774
15820
15856
15867
16117
16129
16187
16192
16229
16299
16323
16427
16510
16536
16576
16596
16603
16669
16742
16762
16769
16839
16878
16902
16927
16958
17028
17043
17068
17220
17262
17485
17503
17541
17542
17622
17627
17634
17694
17757
17762
17786
17849
17871
17874
17974
18000
18102
18238
18258
18346
18355
18363
18394
18408
18435
18437
18443
18444
18480
18551
18586
18650
18654
18690
18738
18796
18812
18832
18838
18890
18904
18915
18942
18967
19015
19037
19076
19086
19093
19117
19178
19184
19201
19245
19339
19391
19451
19465
19466
19480
19496
19537
19607
19626
19640
19738
19745
19776
19785
19799
19814
19836
19889
19928
19954
20215
20242
20282
20292
20346
20373
20404
20479
20500
20556
20652
20716
20821
20823
20848
20887
21031
21035
21091
21240
21245
21345
21381
21396
21430
21507
21583
21587
21607
21662
21680
21703
21772
21801
21878
21895
21896
21897
21911
21923
22059
22145
22182
22193
22348
22450
22476
22480
22559
22582
22610
22637
22666
22673
22683
22736
22801
22810
22882
22899
22902
22909
22984
22995
23004
23041
23069
23081
23084
23154
23204
23205
23239
23252
23276
23280
23374
23379
23389
23407
23429
23433
23434
23472
23479
23488
23496
23600
23667
23692
23808
23830
23896
23983
24015
24023
24043
24073
24090
24160
24176
24191
24226
24242
24246
24250
24260
24263
24288
24295
24367
24451
24498
24534
24545
24576
24602
24603
24643
24692
24713
24743
24744
24746
24767
24830
24862
24872
24888
24892
24897
24963
24996
24997
25025
25052
25060
25108
25138
25252
25311
25327
25351
25355
25379
25380
25488
25501
25585
25642
25723
25752
25780
25989
26001
26028
26056
26087
26088
26097
26121
26131
26218
26245
26256
26273
26320
26386
26397
26455
26515
26594
26660
26665
26758
26779
26867
26898
26908
26967
26971
27016
27020
27028
27098
27105
27147
27171
27175
27201
27215
27272
27311
27374
27453
27480
27510
27512
27519
27563
27572
27592
27619
27664
27668
27750
27770
27803
27860
27896
27906
27975
28048
28111
28128
28188
28196
28203
28245
28255
28273
28287
28311
28315
28320
28321
28382
28438
28519
28650
28675
28764
28769
28870
28935
28944
28946
28951
28952
28966
28975
28982
29006
29020
29072
29099
29126
29130
29173
29231
29245
29350
29392
29410
29450
29562
29575
29595
29631
29709
29760
29763
29796
29855
29915
29919
30003
30035
30143
30246
30288
30322
30323
30445
30502
30539
30592
30612
30624
30709
30743
30800
30819
30822
30873
30913
30963
30977
30995
31056
31090
31130
31170
31196
31238
31255
31350
31410
31428
31456
31467
31505
31510
31511
31539
31545
31557
31667
31737
31741
31750
31759
31849
31879
31908
31956
31985
32085
32190
32236
32237
32259
32266
32331
32333
32347
32453
32525
32526
32527
32674
32766
32894
32916
32977
33005
33006
33066
33100
33145
33174
33234
33275
33420
33485
33512
33516
33534
33744
33828
33897
33899
33984
33987
34033
34078
34096
34112
34135
34157
34194
34206
34209
34291
34303
34336
34361
34363
34459
34461
34562
34572
34586
34684
34715
34719
34724
34730
34743
34796
34850
34858
34965
35168
35191
35201
35207
35251
35424
35434
35584
35588
35639
35645
35710
35796
35914
35953
35972
35984
36059
36107
36108
36140
36166
36182
36274
36283
36298
36303
36323
36374
36384
36442
36443
36664
36721
36728
36781
36793
36820
36830
36836
36852
36884
36949
37026
37028
37095
37097
37195
37197
37206
37213
37235
37266
37307
37312
37360
37386
37565
37617
37637
37707
37785
37885
37966
38086
38106
38145
38151
38173
38174
38193
38197
38208
38222
38250
38320
38354
38426
38493
38501
38517
38572
38599
38706
38711
38727
38740
38806
38813
38831
38835
38836
38873
39039
39044
39066
39094
39114
39123
39136
39140
39149
39401
39404
39434
39435
39489
39510
39528
39547
39590
39635
39692
39732
39827
39858
39911
39941
39942
39996
-1