36
63
71
98
152
196
232
234
249
466
473
547
557
559
665
716
723
737
740
796
810
826
890
985
988
998
1001
1014
1135
1172
1212
1231
1279
1421
1428
1456
1492
1511
1585
1589
1614
1650
1674
1716
1718
1795
1821
1887
1915
1982
2006
2030
2038
2054
2098
2108
2111
2157
2255
2280
2376
2571
2693
2796
2802
2837
2859
2919
2991
3022
3040
3058
3094
3109
3199
3220
3227
3303
3357
3380
3417
3420
3442
3550
3573
3623
3796
3798
3969
4147
4151
4152
4214
4241
4247
4316
4337
4426
4432
4441
4472
4519
4576
4593
4612
4713
4716
4744
4792
4889
4909
4921
4932
4950
4987
5016
5053
5076
5095
5144
5146
5254
5358
5547
5598
5599
5672
5692
5696
5720
5793
5810
5935
5939
5997
6096
6108
6281
6348
6380
6421
6427
6473
6506
6510
6520
6682
6754
6837
6893
7021
7023
7116
7126
7176
7227
7313
7315
7340
7397
7406
7430
7441
7451
7511
7576
7628
7630
7640
7643
7657
7658
7697
7738
7752
7793
7835
7847
7861
7900
7915
7944
8002
8086
8093
8104
8132
8203
8216
8224
8239
8259
8356
8370
8406
8492
8609
8640
8659
8716
8730
8736
8744
8823
8875
8897
8926
8936
9044
9086
9154
9156
9215
9217
9229
9250
9351
9393
9411
9445
9494
9514
9565
9650
9695
9698
9778
9788
9818
9849
9888
9909
9912
9918
10009
10013
10190
10191
10231
10253
10273
10286
10332
10351
10360
10414
10416
10432
10449
10488
10511
10573
10577
10602
10677
10783
10817
10833
10852
10900
10933
10937
11065
11104
11124
11171
11181
11213
11287
11291
11374
11399
11408
11459
11483
11495
11631
11730
11733
11763
11819
11853
11863
11869
11879
11924
11933
11938
12018
12106
12117
12170
12196
12282
12290
12315
12351
12360
12371
12438
12441
12485
12559
12575
12646
12690
12715
12737
12755
12775
12864
12901
12923
12930
12944
12985
13061
13084
13090
13119
13144
13156
13157
13184
13196
13255
13469
13473
13480
13515
13693
13732
13849
13937
14052
14061
14119
14139
14229
14301
14303
14320
14404
14432
14502
14514
14572
14594
14635
14660
14773
14798
14809
14817
14820
14823
14909
14941
14971
15020
15069
15095
15131
15149
15214
15232
15246
15278
15346
15352
15379
15469
15529
15536
15571
15578
15612
15629
15747
15767
15786
15819
15862
15900
15949
15986
16039
16053
16079
16129
16152
16160
16162
16174
16177
16230
16289
16399
16507
16513
16595
16618
16672
16725
16728
16791
16804
16809
16819
16838
16879
16892
16934
17041
17072
17083
17175
17278
17305
17311
17335
17411
17437
17537
17792
17859
17923
17925
17979
18004
18029
18089
18152
18162
18185
18212
18268
18383
18464
18529
18548
18614
18643
18727
18729
18739
18883
18968
18973
19058
19114
19145
19161
19202
19291
19296
19321
19344
19358
19397
19414
19519
19548
19551
19555
19565
19571
19615
19633
19698
19699
19715
19761
19836
19892
19899
19975
19987
19989
20012
20114
20178
20221
20225
20276
20279
20280
20338
20361
20391
20393
20434
20448
20460
20479
20552
20616
20637
20700
20731
20877
20900
20928
21118
21149
21186
21309
21311
21390
21398
21411
21422
21424
21430
21454
21473
21516
21520
21544
21587
21691
21726
21789
21799
21862
21869
21920
21932
21945
22043
22061
22084
22088
22176
22283
22316
22323
22405
22458
22517
22557
22603
22609
22652
22690
22733
22786
22830
22832
22833
22843
22871
22934
23042
23053
23131
23145
23146
23238
23248
23369
23459
23491
23584
23617
23640
23678
23804
23850
23893
23913
23959
23966
23977
23979
24039
24099
24144
24146
24301
24302
24360
24411
24439
24441
24443
24496
24572
24591
24593
24605
24611
24633
24703
24712
24776
24847
24864
24887
24930
24976
24985
24988
24990
25038
25077
25080
25107
25111
25159
25210
25317
25320
25333
25359
25374
25402
25406
25412
25417
25469
25590
25591
25643
25648
25667
25732
25774
25790
25800
25852
25868
25874
25925
26008
26042
26055
26064
26078
26149
26171
26199
26256
26271
26310
26385
26558
26588
26679
26683
26779
26780
26810
26831
26905
26906
26956
26993
27041
27124
27157
27174
27220
27253
27285
27290
27361
27410
27421
27477
27593
27640
27642
27656
27698
27716
27717
27746
27853
27965
27987
28024
28030
28032
28034
28076
28086
28107
28111
28163
28209
28527
28671
28693
28722
28765
28923
28934
28946
29028
29066
29077
29114
29218
29220
29298
29330
29382
29396
29406
29428
29457
29477
29556
29565
29602
29614
29645
29774
29817
29828
29896
29902
29910
29952
29959
29995
30081
30108
30128
30186
30280
30335
30368
30398
30528
30582
30709
30751
30760
30776
30780
30783
30854
30857
30885
30904
30925
30978
30993
31031
31038
31083
31092
31177
31179
31186
31208
31273
31323
31328
31406
31462
31548
31554
31559
31584
31589
31674
31680
31710
31713
31725
31768
31777
31833
31849
31860
31872
31911
31916
31924
31930
31970
32031
32034
32058
32071
32134
32172
32258
32260
32263
32297
32345
32460
32468
32471
32528
32549
32608
32728
32748
32812
32886
32914
32930
32976
33038
33047
33150
33192
33291
33308
33337
33377
33417
33436
33449
33479
33548
33582
33606
33718
33724
33754
33813
33822
33833
33837
33890
33979
34014
34067
34145
34179
34189
34198
34248
34250
34346
34347
34348
34361
34430
34542
34581
34617
34624
34653
34663
34736
34753
34827
34845
34866
34871
34896
34914
34917
34954
34981
35027
35042
35046
35117
35151
35210
35217
35225
35298
35334
35476
35488
35490
35533
35571
35593
35611
35641
35679
35727
35784
35813
35828
35840
35922
35962
36008
36009
36023
36029
36070
36090
36117
36130
36134
36169
36198
36253
36256
36263
36265
36345
36362
36371
36543
36672
36682
36720
36797
36830
36846
36886
36941
36949
37041
37107
37108
37126
37176
37212
37239
37384
37438
37442
37452
37493
37494
37514
37544
37587
37593
37612
37642
37748
37789
37819
37840
37852
37858
37869
37870
37908
37926
37929
37957
38016
38058
38113
38117
38182
38198
38204
38210
38266
38286
38329
38374
38381
38433
38445
38453
38492
38536
38567
38580
38633
38642
38703
38711
38814
38823
38848
38891
38994
39020
39051
39130
39137
39183
39281
39290
39361
39385
39390
39447
39487
39520
39523
39548
39553
39564
39572
39636
39664
39680
39788
39878
39919
-1
