50
60
69
80
144
151
153
154
222
326
343
367
417
559
613
625
675
709
760
910
920
986
992
1005
1016
1023
1037
1038
1113
1124
1241
1268
1348
1381
1422
1438
1531
1572
1582
1586
1642
1652
1676
1677
1800
1840
1867
1969
1981
2034
2036
2052
2061
2128
2129
2160
2162
2353
2449
2492
2546
2548
2566
2674
2773
2977
3066
3098
3103
3272
3312
3320
3324
3362
3420
3460
3461
3495
3543
3545
3567
3589
3603
3636
3733
3760
3779
3799
3827
3833
3858
3904
3919
3922
3933
3957
3992
4015
4105
4148
4154
4222
4235
4241
4253
4307
4354
4395
4423
4551
4555
4623
4660
4769
4801
4809
4831
4847
4869
4888
4919
4959
4984
5013
5046
5211
5235
5308
5319
5339
5340
5367
5385
5444
5462
5574
5576
5624
5649
5681
5690
5720
5750
5810
5817
5821
5826
5911
5918
5939
5946
6076
6115
6120
6193
6225
6261
6369
6381
6405
6409
6459
6475
6524
6535
6537
6556
6607
6666
6672
6679
6719
6720
6733
6747
6798
6831
6885
6940
6990
7034
7048
7086
7113
7146
7187
7217
7284
7291
7320
7324
7380
7509
7544
7652
7813
7834
7863
7869
7891
7892
7929
8090
8116
8156
8182
8183
8245
8292
8326
8341
8377
8421
8441
8457
8507
8519
8529
8547
8560
8618
8670
8847
8863
8908
8936
8938
8990
9013
9016
9029
9053
9090
9092
9125
9238
9248
9346
9383
9462
9468
9482
9496
9503
9520
9551
9595
9652
9705
9873
9879
9886
9889
9937
10016
10043
10058
10125
10156
10193
10201
10263
10271
10278
10327
10398
10437
10469
10525
10532
10635
10661
10667
10676
10677
10714
10746
10751
10806
10839
10876
10889
10903
10912
10972
10979
11017
11087
11177
11209
11215
11280
11282
11373
11413
11414
11482
11500
11541
11547
11550
11611
11631
11693
11746
11760
11775
11816
11840
11864
11949
11977
11980
12023
12026
12113
12168
12181
12227
12247
12263
12282
12311
12319
12324
12385
12407
12506
12573
12576
12594
12638
12652
12664
12709
12711
12756
12761
12766
12818
12901
12970
13014
13091
13136
13169
13178
13185
13200
13302
13311
13341
13363
13377
13378
13390
13410
13411
13428
13461
13578
13587
13593
13605
13621
13636
13730
13731
13770
13808
13825
13945
14033
14058
14107
14181
14231
14274
14436
14568
14624
14643
14665
14887
15044
15093
15176
15302
15366
15371
15376
15469
15485
15596
15628
15633
15636
15642
15759
15817
15833
15908
15942
15964
16050
16059
16094
16108
16117
16119
16122
16137
16169
16247
16249
16301
16324
16354
16424
16431
16469
16480
16586
16589
16720
16734
16751
16767
16825
17045
17063
17119
17125
17159
17183
17193
17218
17253
17317
17340
17390
17430
17472
17473
17497
17498
17500
17674
17706
17742
17753
17785
17844
17968
18011
18032
18049
18141
18230
18244
18288
18327
18331
18338
18387
18482
18526
18548
18550
18587
18618
18645
18648
18690
18753
18772
18801
18820
18898
18953
19043
19123
19171
19199
19201
19211
19241
19497
19556
19572
19645
19809
19825
19931
19936
19973
20108
20192
20210
20233
20303
20319
20354
20365
20466
20481
20484
20507
20541
20565
20617
20787
20795
20852
20891
20955
20974
21016
21019
21076
21084
21162
21194
21218
21230
21275
21441
21577
21578
21593
21608
21611
21688
21717
21736
21781
21861
21873
21899
21909
21960
22016
22019
22068
22070
22101
22184
22230
22235
22302
22355
22364
22367
22397
22490
22510
22558
22616
22760
22771
22804
22815
22824
22915
22973
23117
23125
23158
23173
23189
23257
23341
23389
23427
23446
23498
23579
23628
23632
23634
23662
23665
23680
23844
23874
23887
23955
23965
23966
23987
23998
24000
24107
24109
24130
24147
24269
24283
24370
24497
24551
24578
24581
24608
24661
24709
24725
24776
24790
24820
24932
24985
25072
25074
25075
25136
25146
25191
25262
25311
25357
25375
25379
25415
25598
25626
25629
25633
25640
25655
25668
25729
25769
25771
25840
25874
26049
26055
26057
26087
26125
26198
26249
26254
26334
26347
26434
26491
26492
26550
26556
26621
26637
26657
26688
26716
26731
26796
26808
26867
26888
26909
26923
26990
27005
27012
27020
27032
27049
27059
27095
27114
27136
27188
27202
27208
27224
27275
27319
27367
27409
27450
27485
27511
27520
27525
27664
27697
27800
27867
27930
27952
27985
28009
28040
28074
28172
28187
28209
28228
28237
28273
28279
28382
28391
28519
28545
28558
28596
28623
28627
28646
28812
28839
28845
28869
28975
29072
29089
29100
29179
29206
29242
29288
29314
29367
29395
29430
29431
29499
29522
29573
29655
29674
29794
29841
29850
29864
29868
29924
29976
29986
29991
30065
30077
30084
30091
30122
30145
30207
30220
30265
30442
30617
30630
30658
30694
30785
30845
30857
30890
30917
30933
30966
30972
30982
31007
31046
31053
31077
31094
31096
31102
31110
31151
31190
31263
31277
31334
31347
31379
31380
31386
31431
31464
31497
31577
31642
31675
31723
31759
31773
31818
31837
31839
31853
31877
31903
31910
31929
31982
32042
32137
32192
32193
32212
32251
32261
32280
32385
32390
32406
32407
32463
32568
32593
32595
32687
32690
32698
32760
32767
32811
32814
32843
32900
32951
32980
32986
32995
33002
33012
33022
33068
33079
33104
33140
33168
33235
33248
33368
33383
33454
33537
33549
33697
33701
33752
33754
33913
34015
34028
34038
34148
34202
34211
34214
34257
34318
34319
34341
34397
34398
34400
34436
34440
34456
34527
34529
34558
34579
34587
34645
34674
34679
34688
34835
34896
34916
34924
35007
35020
35027
35065
35076
35119
35168
35277
35330
35332
35348
35374
35379
35437
35446
35554
35624
35641
35686
35687
35699
35701
35754
35774
35832
35900
35902
36046
36051
36070
36080
36081
36084
36093
36143
36168
36206
36288
36376
36385
36390
36395
36444
36472
36601
36632
36635
36636
36687
36806
36838
36924
36954
36984
37025
37054
37075
37076
37140
37206
37287
37294
37318
37325
37334
37361
37398
37455
37487
37490
37683
37763
37836
37841
37855
37859
37901
37926
38002
38062
38162
38250
38257
38262
38320
38359
38368
38454
38514
38527
38552
38601
38652
38681
38794
38805
38809
38864
38920
38953
38982
38999
39046
39047
39107
39266
39276
39398
39432
39650
39657
39711
39715
39719
39851
39886
39887
39904
39971
39990
-1
