15
42
181
207
295
321
333
504
550
556
629
642
685
707
775
808
938
1029
1063
1068
1100
1106
1154
1223
1229
1237
1240
1249
1273
1277
1282
1303
1335
1374
1377
1440
1451
1459
1482
1509
1539
1645
1679
1717
1789
1923
1929
1996
2011
2068
2145
2209
2212
2238
2273
2425
2477
2543
2607
2681
2731
2772
2798
2954
2979
3101
3103
3196
3201
3270
3278
3310
3324
3326
3352
3472
3510
3550
3645
3790
3807
3855
3878
4066
4192
4227
4257
4416
4457
4574
4623
4654
4665
4675
4685
4831
4923
4935
5011
5036
5088
5095
5105
5118
5178
5212
5248
5276
5287
5302
5322
5356
5408
5478
5503
5506
5560
5596
5641
5694
5700
5737
5864
5886
5895
5907
5908
5949
5963
5987
6036
6119
6196
6230
6296
6364
6388
6478
6491
6583
6665
6684
6713
6718
6736
6804
6872
6874
6878
6922
6959
6982
7002
7102
7136
7157
7170
7175
7285
7286
7428
7485
7536
7571
7594
7647
7675
7774
7885
7887
7939
7957
7999
8012
8058
8122
8155
8157
8171
8190
8191
8222
8283
8314
8320
8398
8463
8464
8468
8485
8526
8564
8657
8707
8750
8771
8854
8891
8928
8995
9008
9040
9095
9129
9182
9202
9247
9253
9339
9425
9435
9468
9577
9585
9638
9654
9664
9684
9717
9784
9793
9813
9897
9907
9954
9957
9985
10038
10074
10111
10203
10238
10257
10339
10356
10380
10401
10405
10410
10429
10460
10474
10477
10603
10689
10693
10722
10737
10748
10766
10789
10805
10952
11032
11051
11058
11129
11185
11200
11227
11259
11262
11279
11300
11362
11401
11416
11457
11639
11652
11653
11654
11684
11697
11730
11788
11837
11843
11976
11980
12020
12057
12102
12133
12250
12264
12287
12307
12321
12338
12342
12359
12378
12399
12425
12467
12492
12494
12527
12633
12709
12716
12802
12826
12832
12836
13017
13042
13105
13157
13228
13264
13270
13334
13336
13351
13408
13534
13561
13805
13895
13926
13927
13954
14010
14022
14047
14092
14112
14130
14137
14156
14235
14245
14252
14255
14259
14272
14293
14317
14322
14362
14372
14389
14434
14459
14469
14498
14501
14511
14542
14545
14562
14602
14692
14725
14869
14876
14906
14927
14954
15026
15038
15140
15178
15201
15228
15346
15354
15397
15407
15440
15499
15505
15658
15722
15755
15834
15842
15852
15944
16041
16060
16070
16104
16146
16195
16211
16215
16239
16288
16290
16353
16370
16428
16454
16459
16463
16554
16595
16599
16644
16645
16666
16667
16743
16834
16837
16887
16918
16971
16987
16990
17038
17042
17053
17058
17100
17162
17284
17287
17324
17446
17564
17567
17603
17614
17659
17670
17698
17771
17775
17843
17964
17989
18096
18099
18131
18137
18146
18158
18306
18375
18414
18422
18436
18453
18460
18463
18596
18673
18808
18880
18927
19093
19134
19143
19156
19220
19289
19298
19311
19353
19363
19395
19441
19461
19472
19564
19637
19655
19688
19704
19745
19750
19752
19786
19799
19831
19990
20058
20098
20117
20174
20187
20229
20293
20316
20323
20341
20363
20381
20441
20454
20541
20547
20684
20777
20783
20850
20881
20895
20910
20912
20919
20926
20949
20969
20976
20995
21022
21109
21153
21234
21258
21259
21380
21420
21430
21456
21552
21570
21574
21585
21624
21639
21666
21680
21685
21707
21721
21756
21827
21896
21932
21992
22096
22119
22226
22231
22274
22412
22455
22493
22500
22549
22579
22580
22595
22654
22745
22867
22905
22913
22976
23000
23133
23138
23171
23207
23228
23247
23304
23313
23360
23372
23419
23425
23456
23465
23471
23531
23534
23645
23742
23753
23765
23844
23845
23853
23878
23891
23925
23983
23987
24073
24112
24192
24214
24228
24231
24236
24281
24293
24311
24358
24365
24391
24428
24459
24540
24582
24595
24612
24661
24666
24739
24745
24749
24791
24796
24798
24801
24850
24880
25008
25020
25022
25026
25028
25046
25107
25138
25144
25154
25190
25221
25292
25347
25459
25559
25576
25582
25618
25664
25692
25851
25858
25859
25917
25962
25977
26023
26027
26030
26177
26179
26214
26246
26283
26340
26352
26375
26403
26454
26493
26501
26626
26641
26707
26766
26780
26792
26888
26893
26895
26933
26941
27034
27116
27117
27183
27234
27303
27330
27341
27345
27394
27437
27470
27501
27507
27550
27565
27595
27625
27633
27648
27732
27754
27761
27771
27788
27828
27842
27858
27906
27978
28006
28092
28273
28277
28316
28370
28371
28398
28415
28420
28509
28560
28562
28567
28603
28664
28670
28673
28674
28677
28783
28841
28872
28917
28964
29018
29046
29090
29091
29103
29118
29130
29183
29210
29211
29236
29241
29256
29257
29365
29390
29458
29496
29544
29552
29566
29584
29734
29815
29833
29854
29977
29980
30003
30008
30054
30078
30087
30089
30214
30251
30288
30352
30368
30601
30614
30751
30767
30779
30845
30862
30918
30930
30940
30973
31022
31048
31074
31114
31139
31164
31175
31216
31342
31344
31395
31408
31428
31479
31579
31591
31710
31713
31762
31769
31787
31791
31797
31801
31812
31863
32030
32077
32144
32161
32177
32290
32328
32364
32378
32389
32429
32501
32570
32657
32681
32759
32761
32766
32797
32861
32877
32962
32964
32982
32989
33007
33037
33110
33153
33164
33198
33219
33272
33310
33335
33341
33347
33353
33356
33446
33509
33590
33591
33615
33715
33734
33807
33834
33935
33997
34017
34022
34023
34045
34058
34130
34223
34263
34303
34352
34357
34430
34460
34489
34526
34542
34697
34719
34933
34963
35013
35053
35099
35127
35192
35240
35262
35377
35418
35441
35443
35468
35505
35582
35583
35651
35694
35716
35717
35744
35776
35780
35798
35848
35916
35921
35923
36043
36058
36090
36134
36157
36223
36276
36294
36319
36389
36411
36414
36564
36584
36628
36676
36728
36779
36788
36872
36898
36908
36920
36967
36991
37030
37033
37091
37150
37209
37282
37420
37545
37573
37667
37677
37679
37684
37701
37707
37778
37789
37844
37851
37873
37875
37891
37911
37913
37981
38023
38035
38105
38170
38197
38221
38265
38280
38282
38299
38307
38323
38328
38350
38399
38431
38466
38532
38577
38608
38620
38679
38735
38754
38825
38840
38858
38964
38982
39007
39087
39094
39112
39188
39202
39205
39225
39351
39480
39527
39546
39578
39666
39669
39716
39723
39737
39756
39766
39823
39837
39845
39915
39966
-1
