22
68
88
145
161
180
195
263
300
385
388
392
405
469
546
554
629
657
671
681
698
767
789
797
899
992
1029
1030
1145
1161
1246
1309
1460
1557
1565
1583
1635
1675
1694
1813
1823
1876
1901
1927
1949
1994
2064
2095
2115
2124
2164
2194
2227
2283
2301
2360
2395
2400
2435
2463
2474
2667
2731
2747
2793
2796
2899
2908
2912
2916
2932
2978
2987
3048
3086
3210
3446
3537
3577
3591
3631
3652
3658
3662
3672
3706
3763
3793
3832
3890
3902
3973
3977
4057
4106
4121
4166
4368
4382
4452
4537
4545
4557
4580
4681
4712
4730
4808
4811
4833
4843
4865
4869
4880
4946
5036
5053
5097
5103
5206
5221
5247
5333
5346
5381
5530
5575
5606
5618
5758
5828
5830
5839
5840
5880
5923
5939
5945
5990
5993
6055
6144
6166
6169
6206
6235
6238
6239
6301
6304
6312
6403
6408
6444
6458
6479
6540
6550
6569
6573
6608
6618
6698
6773
6838
6927
7006
7009
7030
7032
7106
7157
7174
7234
7255
7288
7329
7359
7365
7423
7424
7502
7505
7515
7529
7546
7564
7606
7611
7628
7654
7734
7751
7752
7786
7850
7857
7879
7883
7913
7923
7972
8059
8076
8160
8184
8274
8328
8379
8390
8479
8608
8750
8801
8809
8813
8823
8867
8988
9015
9177
9230
9234
9284
9287
9452
9482
9504
9529
9551
9574
9592
9603
9640
9664
9697
9702
9740
9744
9748
9766
9780
9796
9833
9868
9968
9991
10021
10111
10114
10164
10217
10235
10301
10308
10382
10414
10433
10443
10521
10686
10692
10712
10719
10764
10782
10791
10794
10808
10860
10904
10921
10922
10935
10939
10951
10955
10988
11082
11206
11272
11339
11650
11701
11708
11712
11814
11850
11940
11942
11990
12043
12045
12046
12064
12156
12157
12167
12220
12248
12249
12252
12311
12390
12465
12539
12611
12640
12646
12651
12662
12724
12736
12778
12804
12814
12851
12868
12885
13000
13019
13164
13169
13175
13194
13201
13232
13328
13386
13387
13459
13464
13489
13583
13626
13659
13721
13725
13833
13848
13850
13870
13907
13942
13945
14027
14069
14103
14145
14146
14167
14232
14323
14390
14408
14533
14556
14580
14616
14625
14875
14881
14959
15056
15268
15323
15333
15340
15362
15530
15540
15621
15674
15724
15822
15860
15867
15985
16023
16035
16087
16115
16123
16155
16163
16220
16257
16302
16314
16415
16438
16444
16454
16489
16595
16629
16630
16632
16697
16722
16750
16751
16760
16786
16790
16881
16940
16969
16999
17018
17103
17105
17131
17132
17137
17182
17205
17221
17273
17332
17333
17334
17384
17525
17556
17570
17573
17627
17831
17857
17879
17881
17902
17962
17968
17970
18037
18041
18061
18069
18094
18162
18214
18294
18365
18384
18396
18425
18509
18510
18523
18528
18544
18551
18555
18603
18604
18607
18629
18712
18733
18757
18821
18910
18920
18959
18962
19104
19132
19199
19206
19209
19224
19265
19359
19511
19540
19600
19607
19663
19666
19824
19906
19934
19978
20127
20138
20216
20377
20436
20449
20451
20459
20507
20520
20567
20569
20580
20645
20675
20690
20710
20742
20789
20867
20890
20902
20914
21086
21131
21150
21205
21269
21292
21379
21477
21492
21674
21741
21786
21813
21830
21877
21951
21972
21979
22101
22137
22197
22252
22296
22331
22385
22388
22430
22433
22472
22501
22504
22554
22555
22675
22772
22836
22838
22843
22861
22986
23000
23001
23041
23047
23100
23113
23144
23229
23238
23377
23426
23463
23479
23484
23550
23558
23603
23606
23619
23687
23727
23738
23769
23782
23843
23862
23899
23970
23976
23992
24025
24026
24036
24094
24101
24123
24134
24138
24171
24193
24247
24277
24335
24350
24365
24403
24404
24499
24511
24527
24576
24578
24613
24628
24640
24693
24711
24834
24835
24888
24891
24958
24972
25008
25018
25034
25108
25127
25133
25220
25248
25249
25306
25370
25378
25379
25425
25435
25446
25566
25625
25651
25667
25736
25778
25815
25842
25865
25866
25967
25973
25999
26032
26081
26099
26107
26134
26146
26168
26199
26229
26301
26305
26377
26389
26427
26484
26604
26685
26702
26797
26847
26851
26885
26890
27001
27031
27049
27170
27172
27181
27202
27281
27302
27309
27324
27329
27330
27342
27372
27377
27421
27454
27511
27513
27528
27538
27627
27718
27729
27756
27770
27841
27932
28041
28045
28075
28195
28226
28266
28277
28292
28350
28385
28411
28412
28431
28457
28472
28484
28513
28553
28639
28643
28680
28708
28710
28736
28750
28777
28801
28806
28817
28831
28900
28908
28916
28963
28965
28973
28984
28988
29023
29039
29054
29064
29087
29138
29150
29377
29388
29416
29418
29446
29482
29484
29488
29534
29577
29587
29620
29693
29720
29778
29826
29899
29928
29954
29964
29974
29985
30132
30165
30207
30502
30537
30705
30710
30719
30739
30810
30816
30872
30873
30901
30989
31117
31170
31178
31206
31207
31217
31243
31290
31327
31345
31365
31419
31433
31467
31497
31589
31596
31615
31619
31643
31674
31706
31799
31812
31845
31907
31942
31954
31974
32019
32088
32211
32249
32257
32282
32297
32318
32345
32401
32462
32496
32572
32658
32673
32731
32764
32773
32781
32813
32825
32828
32850
32875
32908
33076
33175
33178
33235
33355
33359
33426
33427
33440
33581
33590
33621
33661
33702
33769
33788
33799
33819
33833
33839
34003
34047
34057
34079
34090
34138
34190
34369
34381
34407
34466
34473
34501
34530
34565
34756
34764
34784
34785
34788
34800
34826
34827
34862
34902
34943
34963
34973
34994
35096
35202
35224
35315
35339
35386
35462
35489
35538
35562
35565
35593
35643
35658
35724
35727
35754
35771
35865
35901
35907
35917
35953
35980
35996
36050
36055
36059
36101
36126
36227
36260
36292
36293
36333
36393
36413
36416
36431
36498
36540
36670
36701
36720
36839
36855
36898
36927
36959
36993
37017
37037
37092
37122
37154
37231
37237
37256
37314
37381
37421
37432
37440
37475
37540
37561
37678
37690
37723
37768
37797
37923
37992
38023
38138
38165
38172
38176
38177
38205
38232
38324
38348
38351
38382
38413
38477
38492
38501
38510
38529
38543
38573
38679
38701
38708
38729
38737
38776
38804
38825
38891
39017
39103
39125
39221
39254
39335
39363
39387
39392
39475
39482
39531
39539
39744
39790
39810
39862
39886
39907
39925
39966
-1
