1
50
51
53
129
144
151
157
168
174
180
201
279
432
456
492
495
550
556
571
589
655
846
883
888
925
1000
1042
1080
1085
1110
1218
1264
1309
1338
1351
1380
1445
1504
1519
1578
1595
1604
1670
1741
1796
1818
1851
1908
1963
1982
2018
2082
2115
2134
2159
2169
2170
2222
2262
2318
2436
2448
2469
2519
2587
2602
2604
2838
3013
3032
3046
3129
3165
3204
3322
3368
3410
3432
3436
3446
3459
3522
3570
3578
3604
3612
3621
3666
3696
3704
3756
3843
3872
3884
3908
3983
4022
4055
4093
4150
4163
4188
4332
4395
4565
4587
4593
4601
4627
4659
4687
4739
4741
4761
4827
4869
4975
4985
5059
5100
5129
5204
5231
5272
5319
5324
5325
5346
5351
5390
5459
5467
5589
5630
5632
5647
5666
5765
5812
5867
5876
5891
5980
6032
6060
6071
6076
6083
6101
6113
6140
6212
6296
6311
6391
6395
6416
6440
6555
6576
6630
6713
6719
6740
6949
6955
7010
7086
7167
7173
7177
7204
7261
7364
7395
7455
7462
7586
7637
7728
7756
7817
7842
7886
7905
7958
8052
8088
8095
8143
8162
8254
8289
8322
8393
8406
8522
8529
8572
8607
8652
8876
8928
8962
9040
9081
9256
9291
9314
9321
9359
9486
9535
9549
9551
9585
9698
9711
9781
9797
9857
9904
9925
9929
9972
10032
10088
10211
10283
10443
10480
10501
10533
10546
10630
10633
10669
10696
10761
10840
10842
10868
10970
10993
11006
11020
11031
11073
11114
11219
11241
11252
11348
11365
11367
11396
11408
11453
11500
11503
11545
11591
11756
11804
11851
11852
11881
11882
11990
12027
12168
12219
12239
12307
12368
12385
12402
12486
12503
12522
12584
12592
12688
12696
12707
12714
12721
12742
12756
12842
12882
13050
13093
13094
13100
13204
13242
13261
13305
13454
13461
13488
13538
13560
13567
13617
13658
13671
13703
13729
13753
13775
13794
13816
13824
13840
13855
13890
14194
14204
14225
14248
14252
14297
14306
14308
14310
14319
14349
14350
14409
14413
14417
14443
14544
14563
14577
14583
14648
14653
14698
14744
14760
14822
14836
14862
14869
14873
14909
14925
14945
14997
15001
15017
15027
15040
15157
15242
15294
15376
15447
15483
15484
15517
15518
15555
15566
15594
15648
15655
15706
15710
15713
15743
15744
15766
15813
15866
15927
15949
15961
15963
15987
16004
16006
16041
16101
16173
16222
16233
16234
16268
16310
16361
16364
16386
16393
16418
16421
16504
16521
16538
16676
16696
16722
16759
16806
16897
17014
17087
17128
17142
17166
17176
17186
17330
17332
17353
17379
17384
17405
17409
17412
17487
17612
17625
17645
17664
17698
17755
17822
17836
17903
17917
17920
17978
17998
18022
18088
18090
18157
18182
18226
18229
18249
18255
18279
18299
18317
18325
18391
18427
18433
18438
18509
18635
18639
18665
18670
18676
18754
18802
18814
18818
18891
18901
18924
18948
18959
18966
18978
19035
19099
19116
19136
19192
19305
19394
19440
19460
19508
19561
19619
19648
19724
19786
19826
19827
19852
19865
19883
19892
19913
20001
20024
20035
20046
20058
20063
20071
20163
20166
20227
20261
20287
20365
20423
20431
20503
20536
20563
20599
20610
20684
20707
20712
20775
20875
20909
20952
20983
21063
21097
21118
21157
21204
21327
21462
21482
21522
21524
21529
21547
21550
21559
21653
21654
21702
21727
21753
21764
21767
21841
21891
22032
22066
22132
22149
22193
22352
22534
22577
22613
22629
22638
22660
22739
22746
22747
22833
22922
22964
22967
22970
22986
23080
23113
23114
23174
23239
23269
23301
23313
23428
23436
23520
23557
23604
23624
23636
23665
23710
23719
23725
23743
23757
23789
23855
23924
23946
24020
24091
24120
24132
24151
24263
24286
24322
24422
24509
24523
24591
24607
24618
24625
24666
24695
24865
24910
24960
24975
25017
25044
25073
25145
25149
25152
25173
25230
25259
25310
25330
25367
25419
25475
25551
25560
25572
25593
25601
25604
25700
25721
25724
25740
25766
25770
25772
25801
25823
25863
25905
25976
26001
26114
26161
26184
26194
26268
26310
26387
26432
26542
26549
26662
26697
26806
26820
26846
26864
26924
26968
26979
26981
27032
27090
27107
27151
27159
27192
27210
27283
27424
27453
27462
27469
27513
27517
27524
27529
27611
27653
27737
27747
27782
27811
27816
27828
27864
27915
27917
27962
28058
28082
28088
28092
28110
28132
28137
28144
28146
28401
28431
28461
28467
28521
28575
28581
28638
28660
28689
28758
28796
28816
28839
28847
28876
28909
28929
28937
28951
29091
29106
29224
29251
29256
29310
29361
29368
29462
29472
29541
29570
29656
29729
29743
29758
29847
29994
30012
30046
30249
30253
30339
30370
30375
30392
30431
30441
30488
30509
30616
30640
30665
30680
30709
30731
30741
30742
30765
30798
30860
30871
30915
30919
30922
30953
31009
31059
31087
31089
31101
31102
31155
31192
31222
31275
31290
31295
31337
31370
31374
31382
31440
31452
31455
31472
31499
31550
31597
31630
31642
31654
31739
31775
31799
31882
31915
31994
32038
32039
32067
32068
32100
32134
32213
32215
32258
32284
32287
32342
32344
32360
32457
32495
32518
32520
32527
32590
32750
32838
32895
32965
33026
33084
33098
33136
33151
33275
33276
33360
33454
33510
33512
33533
33616
33621
33639
33711
33756
33770
33779
33809
33950
34065
34185
34188
34223
34271
34291
34317
34322
34379
34388
34390
34412
34415
34423
34439
34495
34504
34513
34586
34592
34610
34830
34832
35002
35077
35158
35178
35205
35228
35236
35254
35324
35330
35363
35436
35446
35678
35703
35717
35780
35790
35930
35945
35969
36033
36067
36127
36179
36194
36286
36407
36420
36518
36560
36571
36577
36587
36621
36623
36632
36649
36669
36770
36789
36790
36808
36925
37096
37118
37120
37141
37200
37220
37257
37490
37494
37507
37625
37641
37714
37727
37728
37730
37761
37799
37816
37823
37836
37853
37898
38010
38052
38088
38123
38137
38159
38187
38204
38225
38253
38258
38270
38280
38304
38318
38394
38426
38555
38557
38576
38584
38614
38663
38666
38713
38737
38784
38827
38876
38891
38912
38919
38922
38929
38955
38957
39041
39099
39126
39160
39188
39290
39310
39340
39382
39412
39418
39426
39457
39527
39567
39617
39659
39675
39678
39692
39744
39753
39781
39798
39806
39915
39929
39979
39982
-1
