122
276
281
304
312
323
325
348
539
619
683
705
708
807
829
833
871
886
929
940
1055
1123
1143
1156
1255
1297
1390
1475
1492
1512
1548
1622
1635
1660
1671
1706
1720
1745
1840
1859
1975
1983
1994
1995
2008
2036
2066
2074
2075
2087
2109
2119
2123
2125
2219
2245
2265
2340
2352
2404
2592
2642
2643
2646
2680
2739
2823
2854
2869
2879
2899
2922
2943
2950
2955
2974
2982
3046
3060
3095
3131
3139
3182
3225
3247
3276
3531
3544
3602
3630
3642
3725
3727
3793
3795
3875
3892
3911
3919
3994
4065
4083
4109
4139
4275
4281
4283
4289
4345
4366
4377
4378
4403
4432
4550
4596
4659
4790
4860
4876
4970
5000
5014
5050
5063
5064
5084
5206
5262
5276
5333
5361
5410
5466
5470
5731
5786
5844
5899
5920
5929
5933
5941
5953
6002
6012
6067
6070
6120
6131
6156
6196
6226
6297
6405
6424
6504
6543
6544
6563
6566
6664
6667
6775
6928
7026
7027
7058
7099
7110
7158
7263
7271
7368
7473
7489
7496
7520
7538
7659
7772
7867
7877
7929
7932
7964
8003
8029
8070
8097
8159
8171
8184
8196
8208
8295
8333
8385
8430
8433
8506
8533
8636
8662
8672
8678
8680
8705
8708
8818
8819
8841
8853
8970
8987
8988
9106
9223
9231
9378
9477
9484
9550
9563
9595
9598
9601
9648
9707
9709
9730
9783
9813
9850
9938
9963
10004
10042
10043
10097
10260
10274
10342
10350
10370
10473
10507
10554
10567
10575
10583
10593
10651
10655
10748
10778
10887
10903
10936
10971
10980
10999
11005
11054
11061
11075
11124
11172
11218
11263
11335
11350
11360
11463
11474
11479
11527
11560
11572
11578
11604
11610
11760
11763
11765
11872
11944
12000
12109
12148
12170
12173
12180
12287
12384
12396
12433
12446
12461
12500
12521
12576
12579
12589
12605
12680
12696
12700
12724
12744
12758
12766
12806
12957
12982
13013
13048
13097
13128
13141
13179
13211
13222
13231
13244
13297
13309
13351
13359
13392
13456
13459
13460
13490
13518
13542
13549
13552
13583
13586
13680
13762
13812
13844
13848
13894
14084
14086
14089
14149
14151
14194
14281
14439
14465
14489
14509
14548
14562
14568
14587
14659
14705
14709
14755
14822
14849
14924
15024
15025
15051
15219
15270
15293
15462
15494
15495
15526
15552
15637
15716
15759
15771
15828
15833
15904
15914
15915
15992
16077
16088
16113
16140
16216
16273
16322
16336
16387
16405
16468
16512
16553
16569
16634
16655
16694
16706
16707
16720
16753
16778
16835
16961
17037
17066
17102
17112
17129
17168
17235
17438
17445
17508
17524
17529
17571
17604
17651
17683
17684
17741
17807
17861
17892
17895
17908
17911
17922
17949
17963
17964
17972
17979
18020
18113
18203
18248
18302
18322
18363
18429
18506
18516
18537
18574
18605
18639
18657
18660
18725
18742
18784
18817
18832
18940
18984
19011
19016
19043
19157
19171
19247
19249
19272
19312
19365
19397
19403
19542
19550
19553
19604
19667
19706
19720
19796
19808
19816
19960
19975
20022
20095
20119
20134
20147
20167
20179
20202
20312
20360
20424
20438
20440
20486
20540
20568
20586
20618
20654
20661
20692
20703
20709
20717
20748
20775
20824
20892
20899
20960
20972
20981
20992
21060
21139
21229
21233
21246
21290
21334
21377
21442
21524
21528
21534
21543
21578
21581
21648
21682
21745
21778
21780
21819
21837
21905
22002
22055
22096
22139
22153
22183
22187
22245
22281
22343
22498
22731
22732
22784
22797
22880
22896
22959
22967
22972
22983
23056
23059
23065
23113
23270
23296
23366
23534
23539
23572
23599
23607
23659
23730
23773
23774
23804
23805
23973
24003
24098
24108
24150
24170
24226
24252
24293
24302
24361
24384
24416
24460
24522
24563
24610
24642
24660
24677
24681
24747
24754
24843
24847
25007
25009
25053
25091
25122
25152
25194
25208
25260
25291
25312
25316
25359
25417
25424
25430
25524
25602
25608
25609
25619
25649
25655
25708
25717
25752
25825
25859
25939
25977
26001
26012
26036
26170
26219
26229
26242
26297
26326
26331
26390
26408
26478
26482
26484
26631
26675
26692
26719
26735
26837
26840
26843
26903
26928
26944
27000
27005
27019
27031
27066
27077
27078
27081
27190
27271
27351
27358
27487
27593
27711
27715
27729
27768
27785
27828
27867
27913
27921
27930
28065
28083
28178
28183
28211
28218
28242
28329
28434
28478
28504
28509
28533
28673
28701
28736
28789
28891
28894
28929
28933
28940
28980
28984
29012
29014
29046
29137
29151
29210
29281
29288
29297
29300
29302
29309
29312
29350
29371
29411
29454
29458
29530
29556
29578
29582
29683
29737
29744
29759
29766
29789
29896
29993
30087
30215
30231
30236
30238
30300
30327
30343
30517
30653
30676
30746
30776
30783
30801
30813
30855
30860
30863
30864
30868
30980
30989
30995
31018
31029
31068
31070
31074
31084
31106
31146
31147
31173
31319
31332
31359
31440
31703
31737
31746
31816
31874
31922
31942
31953
31959
32101
32231
32281
32432
32435
32443
32453
32456
32500
32501
32512
32558
32648
32652
32710
32711
32714
32724
32783
32846
32868
32928
32950
32966
33006
33008
33010
33061
33148
33180
33195
33263
33288
33312
33346
33387
33394
33423
33463
33470
33484
33497
33744
33765
33847
33850
33891
33899
33930
33945
33972
33997
34041
34090
34129
34146
34153
34260
34276
34355
34363
34372
34388
34399
34429
34445
34465
34504
34583
34613
34630
34659
34736
34827
34858
34867
34895
34942
34958
35004
35023
35071
35081
35142
35147
35163
35169
35298
35365
35391
35393
35395
35424
35489
35547
35548
35568
35762
35799
35819
35822
35823
35839
35858
35947
36117
36127
36250
36307
36323
36331
36335
36359
36380
36385
36388
36398
36478
36575
36577
36678
36725
36779
36809
36844
36865
36944
36976
37014
37052
37073
37077
37122
37184
37211
37234
37239
37328
37349
37384
37412
37419
37420
37447
37504
37558
37603
37671
37746
37795
37824
37857
37919
37934
37985
38016
38089
38114
38161
38178
38205
38208
38214
38216
38249
38280
38284
38290
38331
38337
38403
38447
38518
38558
38611
38624
38638
38681
38754
38814
38819
38837
38866
38885
38911
38916
38925
38928
38946
38992
39001
39036
39103
39120
39123
39154
39195
39230
39262
39320
39342
39430
39532
39691
39720
39814
39851
39940
39962
-1
