42
50
96
271
283
319
334
347
370
446
491
506
568
578
597
612
630
641
712
755
813
1080
1084
1089
1118
1244
1253
1311
1323
1342
1535
1554
1558
1560
1585
1628
1642
1666
1687
1719
1768
1838
1865
1881
1895
1915
1983
2006
2038
2088
2091
2160
2169
2182
2191
2204
2225
2227
2385
2429
2448
2508
2512
2526
2635
2733
2771
2782
2839
2865
2911
2938
2965
3043
3054
3063
3082
3083
3152
3162
3177
3214
3327
3340
3355
3380
3425
3473
3488
3527
3568
3574
3576
3602
3603
3638
3654
3658
3792
3833
3836
3837
3942
4002
4162
4165
4224
4267
4282
4309
4325
4436
4486
4511
4521
4535
4567
4608
4638
4664
4680
4695
4711
4716
4727
4748
4768
4836
4842
4881
4914
4923
5042
5091
5125
5163
5219
5299
5441
5548
5585
5682
5777
5817
5856
5899
5901
5935
5943
5952
5970
5971
5994
6076
6133
6139
6145
6150
6180
6239
6282
6285
6307
6410
6430
6477
6484
6507
6509
6552
6557
6695
6718
6751
6753
6803
6804
6850
6857
6896
6933
6944
7042
7043
7046
7057
7142
7179
7180
7183
7257
7351
7365
7374
7406
7409
7417
7454
7455
7502
7507
7596
7640
7656
7680
7717
7786
7800
7864
7895
7906
8065
8069
8090
8113
8120
8165
8188
8210
8239
8263
8315
8323
8389
8453
8479
8529
8680
8772
8823
8825
8827
8843
8889
8974
8980
9028
9035
9042
9073
9083
9179
9190
9204
9241
9325
9376
9429
9450
9506
9522
9555
9630
9642
9643
9683
9774
9781
9784
9819
9879
9910
10022
10048
10105
10137
10156
10157
10266
10307
10393
10432
10499
10517
10519
10574
10685
10720
10753
10761
10763
10772
10776
10782
10880
10887
10977
11030
11071
11106
11136
11243
11361
11368
11442
11458
11472
11579
11584
11604
11660
11672
11679
11725
11741
11750
11760
11851
11857
11881
11901
11976
12013
12099
12138
12170
12241
12261
12283
12334
12370
12404
12448
12495
12659
12687
12689
12803
12925
12960
13015
13016
13094
13181
13239
13264
13294
13343
13377
13425
13470
13507
13555
13670
13726
13747
13831
13865
13867
13912
13940
13963
14019
14062
14145
14161
14197
14221
14322
14340
14407
14411
14413
14423
14514
14526
14557
14578
14606
14747
14755
14765
14780
14793
14815
14843
14906
14909
14963
14992
15008
15015
15083
15127
15138
15172
15192
15199
15442
15444
15446
15477
15486
15516
15521
15563
15598
15617
15695
15732
15749
15767
15879
15910
15946
15979
16131
16159
16234
16254
16321
16367
16384
16466
16472
16525
16530
16557
16561
16578
16684
16686
16835
17026
17051
17142
17158
17161
17249
17290
17305
17312
17315
17413
17414
17471
17540
17613
17639
17671
17697
17728
17845
17929
17947
17951
17977
17982
18039
18147
18154
18160
18204
18207
18222
18268
18294
18335
18343
18396
18487
18501
18531
18551
18670
18707
18736
18792
18801
18855
18935
18987
19010
19045
19058
19159
19169
19187
19197
19313
19408
19526
19617
19622
19669
19778
19889
19910
19913
19914
19951
19961
19967
19977
20182
20185
20248
20314
20338
20353
20369
20435
20473
20475
20484
20563
20572
20627
20687
20691
20710
20711
20771
20795
20796
20897
20930
20939
21000
21034
21052
21079
21085
21112
21114
21121
21126
21134
21217
21265
21273
21405
21483
21582
21606
21612
21621
21637
21668
21829
21888
21901
21945
21967
22038
22076
22086
22102
22104
22135
22168
22182
22186
22207
22286
22296
22345
22346
22355
22356
22357
22420
22544
22630
22663
22676
22683
22714
22763
22792
22801
22821
22908
22917
22982
22995
23050
23074
23110
23171
23308
23310
23354
23392
23483
23486
23545
23558
23581
23628
23665
23674
23678
23698
23716
23722
23726
23733
23749
23805
23888
23935
24004
24127
24145
24160
24186
24251
24252
24271
24278
24372
24402
24543
24593
24614
24674
24714
24741
24746
24765
24810
24941
24968
25040
25144
25333
25358
25378
25463
25483
25502
25505
25627
25652
25670
25691
25701
25919
25939
25946
26027
26077
26105
26132
26200
26237
26260
26288
26392
26434
26457
26467
26471
26473
26491
26496
26512
26568
26611
26639
26651
26677
26700
26718
26728
26733
26743
26773
26784
26802
26859
26860
26923
27052
27183
27201
27221
27303
27326
27332
27372
27401
27461
27562
27640
27661
27762
27792
27855
27911
27923
27980
28029
28135
28155
28157
28164
28204
28223
28243
28287
28301
28328
28434
28552
28605
28685
28769
28779
28780
28806
28874
29125
29126
29206
29209
29220
29327
29341
29421
29432
29456
29499
29555
29570
29614
29627
29641
29659
29661
29730
29798
29869
29876
30040
30217
30227
30233
30295
30297
30348
30561
30596
30677
30689
30694
30720
30727
30828
30836
30869
30879
30930
30979
31008
31041
31045
31068
31092
31157
31164
31184
31186
31196
31216
31314
31315
31327
31351
31380
31404
31448
31539
31571
31596
31877
31901
31924
31925
31948
31964
32083
32117
32121
32185
32220
32263
32270
32358
32386
32413
32459
32476
32532
32591
32613
32638
32660
32823
32825
32835
32839
32842
32861
32872
32956
33039
33047
33063
33071
33211
33219
33257
33306
33354
33368
33424
33486
33561
33563
33610
33627
33669
33721
33760
33764
33807
33890
33915
33952
33993
34002
34148
34151
34161
34175
34204
34210
34284
34312
34323
34328
34425
34445
34469
34494
34507
34542
34546
34600
34734
34737
34835
34858
34873
34905
34936
34946
34971
35000
35043
35078
35117
35196
35240
35256
35305
35396
35438
35451
35462
35518
35566
35616
35663
35714
35721
35740
35760
35775
35802
35911
35924
35949
35973
35984
35996
36021
36094
36096
36107
36181
36188
36197
36202
36234
36237
36245
36273
36288
36327
36465
36537
36595
36628
36652
36694
36704
36708
36742
36795
36797
36810
36832
36886
36894
36896
36901
36920
36970
36973
37077
37235
37252
37253
37279
37374
37435
37437
37490
37515
37637
37652
37656
37708
37786
37829
37832
37888
37919
37926
37954
37980
37996
38024
38091
38142
38268
38272
38384
38388
38393
38406
38500
38536
38547
38553
38573
38582
38705
38795
38803
38885
38908
38972
39006
39029
39072
39101
39157
39171
39199
39224
39236
39254
39294
39305
39314
39334
39366
39380
39387
39450
39480
39509
39565
39576
39600
39664
39713
39734
39752
39764
39810
39825
39837
39840
39868
39972
-1
