0
5
46
104
110
148
180
225
236
305
310
417
430
479
512
602
643
657
703
751
752
754
799
829
914
928
996
1041
1141
1161
1206
1213
1250
1252
1329
1353
1389
1419
1443
1457
1531
1533
1541
1556
1574
1626
1687
1702
1771
1781
1793
1832
1847
1879
1945
2031
2039
2107
2169
2222
2239
2348
2384
2417
2448
2509
2516
2522
2575
2597
2612
2643
2717
2747
2838
2860
2961
2987
3060
3092
3118
3151
3176
3193
3216
3348
3383
3434
3497
3510
3580
3585
3587
3592
3611
3648
3681
3704
3771
3799
3874
3886
3981
4009
4081
4096
4190
4248
4274
4277
4282
4313
4363
4391
4457
4497
4707
4781
4797
4799
4851
4856
4879
4993
4995
4996
5053
5139
5144
5146
5180
5295
5330
5336
5347
5359
5372
5376
5454
5471
5503
5734
5767
5788
5927
5971
6077
6091
6195
6196
6247
6319
6323
6403
6438
6536
6581
6679
6707
6881
6949
6966
7002
7010
7310
7361
7528
7576
7582
7622
7628
7660
7741
7757
7860
7902
8012
8044
8047
8069
8115
8130
8135
8177
8193
8236
8260
8287
8291
8445
8456
8457
8482
8516
8544
8552
8583
8605
8615
8710
8769
8830
8831
8846
8915
8961
9010
9038
9049
9091
9186
9232
9308
9335
9344
9369
9377
9392
9420
9472
9532
9590
9613
9618
9724
9727
9754
9756
9758
9904
9907
9984
10000
10005
10142
10147
10210
10224
10229
10318
10321
10323
10353
10387
10404
10448
10485
10595
10778
10907
10972
11103
11179
11183
11187
11237
11246
11350
11381
11384
11409
11601
11636
11698
11706
11720
11731
11762
12002
12021
12028
12044
12108
12125
12200
12208
12229
12266
12278
12399
12440
12472
12490
12511
12512
12551
12610
12611
12654
12723
12725
12754
12773
12827
12981
12983
13034
13099
13101
13102
13119
13136
13207
13234
13256
13414
13424
13536
13563
13658
13694
13707
13725
13766
13786
13841
13873
13879
14053
14098
14176
14178
14198
14261
14328
14339
14367
14369
14443
14456
14469
14477
14549
14571
14578
14646
14658
14675
14679
14742
14744
14871
14936
14944
14947
14983
15009
15046
15055
15178
15210
15216
15308
15362
15430
15468
15481
15526
15542
15556
15610
15644
15903
15920
15949
15951
15952
15993
16033
16069
16111
16193
16210
16216
16230
16253
16260
16265
16266
16294
16296
16297
16306
16326
16354
16385
16547
16581
16602
16614
16694
16703
16704
16719
16725
16801
16824
16842
16929
17006
17036
17043
17083
17111
17129
17231
17378
17388
17490
17535
17628
17697
17716
17722
17756
17797
17834
17891
17932
17967
18036
18047
18107
18180
18190
18293
18318
18326
18340
18381
18397
18451
18615
18636
18641
18674
18732
18748
18752
18776
18879
18916
18971
19060
19071
19096
19233
19275
19289
19308
19324
19383
19413
19422
19468
19531
19532
19539
19578
19582
19597
19618
19621
19631
19646
19712
19720
19725
19735
19792
19801
19806
19846
19872
19890
19901
19940
19962
20035
20060
20067
20083
20108
20206
20248
20256
20281
20295
20309
20318
20491
20645
20725
20743
20778
20787
20824
20874
20933
20984
20993
21010
21038
21109
21139
21175
21192
21241
21251
21295
21303
21336
21347
21523
21537
21545
21562
21623
21683
21742
21745
21752
21781
21804
21886
21901
21906
21920
21981
21996
22145
22178
22261
22301
22315
22320
22366
22371
22384
22400
22411
22435
22464
22566
22611
22637
22638
22660
22687
22699
22745
22795
22854
22860
22920
23003
23015
23149
23169
23170
23192
23218
23236
23267
23346
23393
23409
23417
23424
23490
23579
23581
23583
23585
23635
23665
23686
23708
23766
23791
23826
23858
23860
23862
23865
23886
23922
23936
24003
24057
24113
24119
24125
24146
24181
24191
24207
24231
24270
24305
24404
24476
24519
24533
24625
24631
24641
24647
24717
24747
24860
24952
24975
24984
24988
24994
25007
25017
25102
25157
25159
25161
25162
25215
25247
25271
25282
25388
25454
25518
25553
25575
25584
25599
25613
25673
25678
25688
25733
25756
25789
25800
25842
25880
25889
25912
25961
26008
26029
26083
26146
26159
26167
26179
26185
26213
26280
26287
26303
26344
26377
26402
26462
26474
26495
26496
26502
26531
26546
26551
26632
26633
26646
26744
26780
26789
26902
26949
26960
26962
26976
26995
27036
27051
27062
27094
27095
27121
27126
27169
27293
27361
27376
27387
27439
27442
27476
27479
27512
27538
27551
27562
27631
27677
27681
27736
27790
27791
27811
27853
27890
27912
27944
27948
27961
28062
28139
28143
28183
28345
28371
28387
28415
28427
28436
28442
28461
28507
28514
28517
28586
28607
28658
28691
28725
28747
28757
28774
28793
28799
28813
28858
28878
28892
28945
28978
29100
29114
29232
29400
29455
29461
29472
29508
29578
29586
29589
29607
29610
29611
29615
29637
29650
29724
29827
29885
29894
29896
29923
29949
29973
30006
30011
30031
30032
30186
30198
30279
30307
30376
30418
30448
30450
30462
30492
30608
30662
30668
30758
30764
30835
30836
30893
30944
31014
31104
31154
31185
31193
31200
31297
31324
31367
31400
31401
31476
31531
31567
31584
31813
31862
31869
31967
32058
32062
32282
32289
32306
32311
32396
32427
32441
32567
32636
32725
32783
32814
32890
32926
32956
33022
33044
33113
33141
33215
33352
33420
33431
33495
33511
33532
33545
33598
33623
33656
33670
33672
33719
33721
33808
33830
33838
33992
34000
34003
34016
34133
34134
34144
34230
34314
34440
34494
34501
34505
34529
34540
34628
34685
34746
34796
34868
34889
34897
34899
35029
35032
35097
35107
35183
35234
35315
35329
35356
35380
35392
35400
35412
35420
35439
35635
35646
35680
35755
35774
35780
35802
35808
35849
35869
35872
35883
35888
35918
36085
36100
36150
36204
36243
36266
36271
36301
36364
36437
36608
36621
36638
36641
36672
36695
36718
36736
36738
36886
36889
36909
37081
37171
37252
37287
37293
37295
37300
37322
37377
37393
37400
37427
37514
37536
37552
37558
37589
37592
37593
37711
37729
37738
37757
37795
37818
37952
37973
38115
38144
38171
38180
38208
38218
38224
38315
38332
38343
38346
38422
38622
38680
38748
38773
38794
38961
38992
39078
39085
39197
39222
39240
39248
39368
39399
39523
39536
39567
39586
39590
39613
39656
39663
39689
39762
39782
39814
39839
39848
39884
39889
39910
39918
39944
39974
-1