5
7
28
55
70
74
79
101
167
348
349
351
406
466
492
503
532
597
744
747
769
782
824
914
940
978
979
994
1014
1112
1177
1181
1365
1421
1446
1527
1651
1653
1723
1751
1764
1807
1926
1927
1952
2068
2071
2096
2116
2125
2179
2217
2236
2302
2346
2380
2488
2523
2554
2562
2563
2638
2695
2722
2741
2813
2853
2891
2894
2917
2921
2935
2944
3149
3204
3265
3280
3296
3307
3308
3334
3397
3414
3424
3433
3442
3555
3581
3589
3643
3672
3681
3751
3761
3771
3877
3968
4029
4045
4090
4172
4194
4196
4197
4248
4306
4402
4427
4436
4476
4531
4605
4611
4627
4659
4665
4754
4767
4788
4825
4875
4953
4972
5040
5096
5105
5109
5158
5313
5334
5403
5437
5477
5493
5531
5544
5652
5733
5741
5812
5846
5878
5886
5918
5955
5958
6067
6068
6190
6192
6216
6222
6250
6266
6321
6360
6363
6379
6423
6462
6509
6541
6591
6620
6631
6708
6792
6796
6845
6897
6987
6989
7044
7105
7115
7124
7185
7268
7298
7301
7348
7361
7386
7537
7574
7634
7656
7677
7768
7780
7838
7859
7954
7986
8000
8032
8044
8067
8072
8100
8110
8132
8152
8183
8197
8205
8216
8226
8236
8242
8252
8270
8301
8363
8390
8417
8498
8499
8505
8663
8668
8715
8746
8755
8821
8871
8876
8908
8942
8973
8977
8998
9013
9044
9097
9101
9112
9130
9181
9183
9210
9216
9234
9284
9292
9294
9299
9300
9314
9316
9377
9386
9404
9432
9475
9482
9538
9541
9550
9595
9602
9619
9622
9623
9699
9709
9726
9738
9748
9775
9779
9805
9835
9950
9971
9997
10087
10112
10130
10174
10175
10211
10226
10229
10250
10277
10281
10417
10497
10512
10524
10542
10549
10567
10579
10580
10679
10791
10822
10900
10971
10999
11006
11072
11141
11234
11281
11284
11337
11397
11494
11507
11560
11566
11567
11588
11649
11771
11786
11790
11815
11821
11839
11860
11920
11922
11923
11933
11982
12007
12014
12015
12134
12159
12176
12196
12206
12232
12256
12302
12306
12311
12331
12339
12345
12373
12374
12431
12462
12526
12556
12603
12607
12626
12687
12717
12720
12794
12849
12886
12950
13002
13055
13058
13108
13287
13292
13308
13325
13336
13351
13558
13665
13696
13704
13739
13743
13751
13773
13924
14000
14077
14082
14191
14201
14225
14289
14333
14351
14385
14407
14458
14484
14489
14590
14688
14711
14795
14934
14972
14986
15021
15074
15090
15110
15117
15210
15220
15225
15253
15358
15411
15422
15433
15439
15672
15746
15789
15801
16008
16030
16034
16084
16133
16321
16404
16456
16569
16591
16662
16686
16752
16797
16916
17000
17024
17069
17157
17195
17214
17218
17409
17414
17418
17449
17474
17475
17548
17553
17565
17606
17630
17713
17725
17752
17822
18020
18043
18070
18078
18135
18151
18154
18262
18313
18376
18409
18439
18514
18539
18555
18622
18628
18662
18732
18757
18869
18932
18950
18983
19019
19039
19072
19089
19232
19345
19400
19418
19442
19469
19476
19533
19546
19551
19566
19592
19631
19645
19654
19668
19783
19843
19845
19859
19867
19882
19917
19925
19932
19995
20049
20053
20094
20164
20188
20278
20289
20357
20415
20432
20510
20537
20545
20594
20679
20706
20804
21041
21042
21060
21135
21168
21185
21362
21366
21369
21372
21393
21435
21437
21481
21486
21539
21558
21627
21629
21650
21677
21726
21759
21773
21782
21807
21866
21891
21900
21950
22061
22088
22109
22196
22229
22314
22354
22357
22502
22562
22680
22699
22756
22778
22780
22883
22906
22917
22931
23141
23159
23166
23204
23260
23280
23396
23444
23499
23547
23558
23569
23589
23611
23627
23706
23761
23891
23948
24054
24082
24091
24105
24167
24184
24187
24235
24285
24308
24386
24494
24499
24553
24578
24640
24689
24704
24774
24807
24888
24917
24995
25040
25041
25158
25192
25205
25231
25314
25353
25429
25504
25541
25550
25608
25619
25627
25689
25720
25744
25748
25888
25899
25901
25925
25930
25970
25994
26106
26110
26152
26167
26186
26200
26456
26536
26539
26563
26593
26607
26610
26693
26744
26782
26789
26843
26856
26884
26926
26965
26997
27088
27091
27137
27202
27209
27256
27277
27288
27324
27341
27346
27359
27473
27519
27574
27688
27707
27709
27774
27801
27851
27863
27930
27978
27981
27993
28066
28095
28105
28115
28185
28226
28284
28366
28387
28394
28452
28524
28551
28558
28592
28689
28691
28698
28720
28741
28760
28762
28780
28786
28808
28849
28865
28897
28922
28927
28940
28942
28974
28986
28993
29053
29104
29119
29139
29143
29152
29315
29349
29429
29430
29442
29449
29668
29762
29858
29905
29907
29941
29991
30013
30027
30066
30074
30121
30246
30273
30274
30277
30291
30321
30352
30382
30400
30428
30433
30525
30547
30580
30581
30586
30587
30651
30711
30724
30725
30741
30774
30783
30797
30926
30932
30938
30966
31103
31186
31217
31232
31327
31330
31349
31387
31489
31544
31631
31667
31670
31682
31718
31725
31754
31853
31903
31943
31960
31997
32100
32204
32257
32284
32288
32300
32380
32396
32410
32420
32436
32446
32541
32554
32639
32771
32804
32832
32874
32875
32895
33067
33162
33226
33231
33249
33302
33335
33391
33467
33508
33565
33567
33597
33608
33644
33664
33701
33725
33805
33807
33894
33935
34018
34120
34134
34152
34163
34208
34211
34217
34237
34259
34317
34343
34367
34394
34420
34496
34516
34521
34534
34565
34627
34712
34719
34722
34726
34769
34781
34788
34795
34833
34949
35017
35066
35069
35190
35288
35309
35337
35357
35382
35397
35424
35463
35485
35526
35535
35566
35598
35604
35711
35742
35868
35891
35903
35910
35948
35960
35995
36008
36059
36138
36142
36145
36277
36312
36358
36360
36365
36366
36474
36485
36486
36494
36501
36510
36511
36538
36569
36657
36679
36698
36794
36803
36949
37021
37185
37199
37211
37219
37261
37265
37301
37318
37352
37355
37383
37472
37493
37526
37593
37612
37635
37636
37663
37692
37770
37812
37826
37868
37893
37895
37910
37918
37985
38112
38213
38258
38266
38287
38377
38396
38429
38489
38513
38534
38653
38673
38698
38702
38718
38812
38969
38980
39002
39006
39041
39062
39083
39085
39146
39175
39177
39252
39331
39480
39573
39577
39689
39708
39751
39805
39875
39907
39934
-1
