21
50
70
213
215
275
279
309
375
417
450
490
555
585
597
637
650
658
671
718
773
784
887
973
1001
1101
1160
1168
1228
1232
1260
1380
1430
1443
1495
1577
1586
1591
1699
1784
1792
1895
1928
1936
1939
1946
1995
2012
2023
2083
2126
2302
2327
2336
2338
2368
2465
2481
2484
2507
2586
2627
2657
2765
2842
2898
2916
2925
2965
2998
3028
3053
3058
3161
3233
3242
3284
3344
3369
3414
3420
3423
3552
3599
3600
3647
3671
3680
3685
3691
3707
3731
3753
3772
3822
3897
3916
3930
3960
3999
4007
4033
4058
4130
4182
4227
4284
4336
4385
4410
4418
4488
4524
4580
4606
4733
4738
4764
4775
4793
4828
4831
4840
4881
4889
4915
4940
4982
5015
5054
5163
5181
5183
5223
5245
5281
5300
5363
5417
5474
5482
5516
5537
5587
5642
5676
5693
5699
5733
5783
5838
6013
6128
6138
6150
6213
6281
6337
6344
6353
6428
6436
6445
6451
6461
6548
6570
6619
6653
6668
6671
6694
6829
6881
6888
6899
6914
6923
6989
7027
7085
7142
7219
7248
7260
7367
7452
7466
7505
7522
7596
7609
7611
7700
7702
7734
7744
7749
7770
7821
7835
7858
7862
7910
7922
7930
8005
8008
8030
8124
8181
8187
8241
8309
8327
8330
8391
8419
8492
8628
8709
8714
8721
8749
8823
8887
8917
8933
8958
8967
8991
9013
9016
9043
9080
9132
9142
9156
9211
9220
9381
9402
9422
9424
9433
9436
9470
9485
9536
9565
9581
9589
9610
9674
9725
9761
9772
9874
9877
9948
9953
9995
10092
10214
10236
10258
10467
10495
10497
10499
10501
10520
10528
10541
10558
10572
10693
10722
10805
10823
10900
10925
10932
10940
11025
11047
11048
11057
11074
11222
11245
11267
11362
11388
11421
11429
11434
11493
11582
11601
11633
11640
11679
11728
11739
11753
11829
11844
11974
12005
12044
12074
12092
12131
12142
12257
12258
12282
12370
12387
12418
12437
12486
12489
12500
12508
12519
12555
12575
12598
12624
12668
12729
12740
12762
12842
12868
12877
12895
12909
12917
12925
13134
13248
13410
13451
13589
13649
13670
13703
13726
13767
13807
13829
13932
13973
14027
14037
14088
14116
14151
14160
14182
14184
14240
14266
14273
14346
14368
14416
14480
14515
14576
14583
14606
14702
14731
14784
14919
14952
14981
15016
15136
15191
15227
15242
15363
15373
15393
15442
15512
15517
15534
15554
15558
15571
15575
15591
15597
15604
15625
15692
15741
15936
15941
15943
16090
16104
16105
16111
16126
16168
16194
16196
16227
16232
16252
16273
16300
16307
16419
16435
16448
16493
16509
16519
16547
16568
16577
16611
16619
16631
16681
16707
16726
16790
16798
16824
16921
16925
16933
17073
17147
17168
17260
17270
17277
17318
17326
17349
17459
17470
17476
17502
17551
17569
17641
17699
17758
17783
17799
17817
17832
17834
17846
17995
18002
18074
18094
18140
18212
18234
18235
18271
18279
18415
18504
18517
18619
18633
18639
18671
18681
18684
18702
18705
18710
18733
18734
18773
18860
18927
18936
18940
19023
19058
19063
19079
19176
19192
19232
19239
19271
19355
19360
19376
19400
19421
19641
19696
19722
19762
19800
19806
19813
19941
19977
19997
20013
20024
20043
20128
20156
20171
20247
20254
20387
20403
20415
20497
20498
20573
20685
20694
20772
20841
20894
20913
20957
21014
21042
21069
21081
21107
21112
21185
21204
21279
21280
21294
21362
21370
21452
21456
21491
21624
21703
21706
21708
21755
21820
21841
21875
21883
21915
21921
21932
21937
21967
21997
22152
22154
22165
22257
22282
22358
22367
22406
22495
22541
22545
22556
22591
22594
22597
22626
22727
22825
22925
23021
23039
23047
23092
23167
23176
23183
23201
23266
23294
23344
23349
23387
23393
23463
23477
23509
23584
23748
23749
23826
23960
23972
24049
24150
24152
24260
24263
24327
24491
24518
24522
24527
24548
24643
24649
24653
24666
24688
24754
24897
24947
24955
25013
25046
25057
25086
25120
25169
25331
25332
25403
25445
25496
25540
25561
25571
25614
25743
25813
25858
26053
26087
26223
26254
26308
26322
26351
26370
26429
26462
26464
26531
26544
26560
26579
26615
26714
26818
26925
26928
26939
26954
26973
27005
27035
27120
27144
27194
27242
27296
27339
27422
27448
27452
27518
27570
27611
27614
27617
27654
27655
27801
27818
28003
28014
28020
28088
28221
28231
28252
28275
28276
28296
28308
28326
28430
28436
28527
28683
28739
28834
28852
28947
28966
28993
29002
29024
29039
29136
29171
29190
29221
29252
29270
29292
29302
29328
29484
29501
29522
29557
29576
29602
29628
29652
29683
29732
29737
29751
29919
29957
30011
30075
30113
30162
30231
30252
30263
30363
30380
30419
30437
30484
30507
30513
30522
30523
30525
30537
30543
30546
30607
30802
30815
30885
30957
31007
31008
31013
31020
31043
31062
31074
31145
31147
31155
31208
31228
31292
31309
31323
31381
31407
31450
31477
31510
31515
31579
31603
31610
31638
31646
31674
31711
31718
31769
31777
31780
31791
31792
31849
31855
31871
31929
32209
32254
32280
32461
32515
32619
32646
32744
32750
32773
32807
32825
32852
32867
32869
32892
32893
33004
33029
33040
33092
33124
33207
33293
33304
33395
33404
33423
33456
33469
33494
33626
33637
33663
33706
33714
33768
33778
33786
33845
33894
34006
34045
34109
34110
34163
34173
34215
34226
34232
34246
34274
34276
34401
34425
34483
34594
34747
34823
34933
34957
34973
35022
35075
35084
35098
35166
35201
35244
35336
35364
35392
35403
35411
35419
35458
35478
35479
35551
35632
35670
35825
35871
35914
35939
35951
36067
36088
36091
36116
36141
36152
36185
36222
36231
36257
36272
36285
36423
36431
36474
36528
36529
36545
36566
36590
36600
36616
36642
36657
36661
36752
36760
36798
36881
36911
37001
37040
37077
37176
37359
37371
37377
37441
37460
37481
37486
37579
37608
37609
37644
37655
37688
37707
37712
37725
37757
37778
37780
37789
37859
37867
37956
37982
38042
38059
38086
38121
38131
38188
38192
38196
38253
38275
38296
38324
38377
38405
38406
38554
38570
38609
38691
38708
38795
38849
38873
38884
38906
38963
39012
39016
39064
39094
39148
39182
39203
39292
39299
39388
39395
39405
39447
39500
39593
39634
39648
39668
39695
39752
39781
39839
39860
39881
39894
39923
-1
