31
36
58
180
194
215
250
277
313
354
362
376
410
415
433
452
479
482
532
545
578
661
690
710
764
864
927
955
1016
1275
1276
1337
1376
1397
1400
1405
1411
1420
1428
1444
1451
1624
1640
1704
1745
1801
1852
1864
1977
2040
2066
2071
2095
2121
2168
2186
2210
2248
2294
2346
2519
2539
2626
2706
2711
2765
2831
2853
2910
2932
2959
3005
3087
3287
3290
3298
3368
3380
3507
3516
3529
3543
3559
3560
3564
3595
3609
3702
3726
3786
3891
3899
3900
3913
3977
3992
3997
3999
4089
4245
4275
4299
4345
4381
4388
4398
4420
4428
4444
4473
4479
4484
4542
4590
4648
4746
4749
4773
4775
4830
4831
4967
4976
4985
4988
5007
5204
5215
5228
5309
5378
5408
5447
5480
5483
5542
5596
5649
5658
5684
5685
5703
5813
5861
5880
5912
5915
5966
6046
6084
6109
6151
6221
6234
6280
6284
6334
6337
6387
6452
6453
6511
6599
6623
6664
6667
6689
6715
6741
6759
6789
6862
6863
6872
6974
6987
7030
7035
7058
7092
7231
7307
7312
7378
7392
7473
7483
7488
7490
7593
7596
7627
7702
7708
7778
7779
7787
7788
7859
7863
7930
7955
7966
7993
8004
8021
8055
8069
8125
8130
8180
8268
8275
8339
8356
8418
8472
8523
8667
8686
8689
8722
8805
8835
8850
8870
8880
8956
9095
9134
9234
9267
9276
9434
9462
9463
9489
9495
9553
9555
9614
9666
9687
9714
9803
9833
9842
9852
9876
9892
9898
9902
9915
9967
10015
10086
10108
10145
10251
10292
10342
10396
10431
10487
10553
10617
10618
10624
10635
10712
10767
10786
10797
10803
10844
10871
10905
10953
10982
10993
11076
11077
11142
11151
11230
11285
11308
11363
11399
11426
11447
11504
11625
11632
11693
11794
11798
11890
11896
11903
11914
11931
11965
12006
12031
12160
12167
12243
12244
12259
12275
12285
12349
12381
12479
12482
12550
12596
12670
12830
12842
13116
13136
13139
13141
13165
13183
13313
13373
13399
13520
13584
13700
13705
13765
13824
13860
13878
13937
13960
13971
13979
13980
13988
13995
14082
14090
14137
14179
14228
14271
14341
14342
14507
14542
14564
14682
14687
14708
14738
14769
14869
14956
14986
15000
15009
15265
15309
15378
15433
15446
15495
15566
15574
15581
15668
15700
15708
15744
15765
15799
15816
15848
15863
15924
15926
16026
16114
16123
16165
16178
16205
16239
16282
16316
16361
16366
16450
16468
16470
16493
16517
16520
16544
16570
16573
16587
16623
16626
16662
16740
16778
16847
16850
16851
16857
16911
16929
17009
17039
17182
17197
17237
17260
17318
17343
17459
17622
17652
17654
17678
17704
17720
17822
17877
17938
18020
18049
18072
18086
18150
18168
18279
18300
18328
18427
18451
18460
18465
18472
18543
18604
18694
18712
18770
18806
18827
18858
18911
18942
19011
19060
19119
19131
19136
19146
19147
19168
19237
19256
19280
19295
19324
19352
19395
19435
19448
19570
19582
19712
19777
19816
19848
19941
19943
20010
20047
20135
20201
20228
20236
20284
20320
20394
20448
20461
20469
20517
20593
20598
20670
20671
20705
20729
20806
20841
20887
20970
20977
21020
21056
21102
21119
21160
21239
21240
21251
21318
21346
21353
21396
21533
21583
21617
21626
21687
21765
21787
21795
21832
21879
21884
21941
21984
22015
22016
22018
22025
22065
22089
22161
22240
22372
22393
22401
22418
22420
22423
22477
22481
22510
22575
22622
22655
22678
22708
22760
22776
22796
22816
22885
22890
22959
22984
23015
23031
23117
23144
23146
23227
23292
23305
23400
23456
23473
23551
23625
23629
23645
23660
23701
23704
23718
23745
23791
23833
23849
23943
23972
23990
24059
24095
24096
24117
24119
24150
24232
24302
24336
24370
24399
24415
24469
24503
24534
24541
24549
24571
24591
24619
24630
24647
24686
24769
24782
24837
24872
24877
24880
24891
24934
24947
25018
25034
25138
25188
25224
25242
25259
25267
25290
25350
25425
25438
25574
25589
25598
25622
25627
25633
25647
25686
25687
25725
25731
25763
25767
25772
25798
25899
25941
25965
25976
25980
25995
26022
26033
26035
26038
26042
26053
26058
26062
26086
26105
26324
26340
26370
26436
26464
26526
26532
26628
26631
26643
26645
26664
26674
26722
26746
26803
26853
26901
26917
26940
26969
26986
27079
27127
27143
27220
27308
27468
27496
27499
27568
27586
27614
27671
27697
27710
27725
27785
27831
27883
27966
27968
27988
28009
28078
28096
28151
28186
28209
28233
28241
28301
28314
28380
28417
28437
28441
28444
28457
28541
28585
28627
28662
28674
28743
28865
28954
29017
29041
29045
29053
29084
29092
29147
29166
29174
29244
29248
29296
29299
29302
29317
29320
29371
29481
29513
29517
29521
29630
29633
29649
29660
29666
29673
29736
29749
29760
29783
29795
29796
29810
29825
29845
29932
29961
29973
30009
30010
30027
30053
30057
30106
30130
30212
30259
30308
30357
30400
30483
30539
30586
30608
30615
30701
30718
30729
30789
30811
30827
30955
31081
31084
31089
31153
31216
31246
31253
31315
31331
31398
31410
31430
31511
31518
31536
31565
31585
31589
31613
31689
31721
31725
31766
31841
31917
31987
32023
32034
32123
32172
32251
32276
32300
32321
32379
32386
32451
32479
32499
32613
32625
32633
32752
32756
32790
32837
32847
32886
32925
32937
32986
33072
33078
33091
33140
33245
33259
33321
33343
33349
33420
33507
33608
33680
33685
33718
33758
33846
33896
33923
33939
33975
34075
34116
34232
34234
34306
34321
34397
34495
34508
34516
34517
34532
34591
34620
34639
34670
34751
34814
34838
34871
34885
34974
35036
35108
35158
35233
35245
35267
35352
35389
35418
35421
35426
35433
35458
35463
35468
35475
35489
35586
35715
35746
35755
35768
35774
35794
35799
35893
35932
36082
36112
36119
36136
36230
36245
36259
36363
36376
36396
36398
36409
36419
36454
36534
36558
36612
36716
36728
36744
36767
36842
36868
36873
36900
36917
37226
37253
37304
37308
37336
37343
37403
37428
37449
37464
37616
37700
37711
37745
37782
37789
37792
37829
37839
37876
37901
37907
37960
37963
38001
38031
38040
38226
38253
38370
38400
38401
38443
38554
38695
38794
38850
38901
38910
39058
39138
39168
39231
39269
39329
39378
39524
39593
39601
39638
39681
39685
39692
39696
39727
39747
39755
39967
-1
