22
32
75
108
238
244
285
316
336
356
358
387
396
580
646
660
716
784
825
828
876
956
1029
1072
1151
1160
1226
1281
1305
1340
1346
1362
1373
1412
1434
1452
1459
1575
1593
1631
1643
1706
1709
1719
1790
1811
1852
1862
1867
1962
1983
2005
2067
2075
2102
2117
2119
2125
2164
2219
2263
2356
2357
2368
2405
2584
2640
2692
2739
2749
2772
2784
2791
2815
2863
2906
2913
2922
3008
3051
3064
3085
3107
3175
3202
3206
3332
3360
3369
3420
3428
3488
3505
3520
3583
3614
3676
3792
3838
3860
3901
3913
3927
3939
3962
4073
4110
4125
4150
4173
4192
4232
4247
4266
4303
4331
4344
4362
4449
4483
4494
4546
4553
4629
4654
4666
4733
4773
4790
4801
4872
4911
4925
4932
4963
4979
4989
5016
5071
5164
5176
5209
5215
5345
5381
5554
5579
5590
5701
5703
5779
5797
5820
5859
5933
5937
5962
5973
5977
5993
5998
6045
6096
6138
6170
6234
6262
6275
6381
6428
6455
6479
6507
6598
6628
6676
6745
6753
6808
6821
6852
6883
6901
6982
7077
7079
7155
7177
7255
7356
7449
7564
7587
7607
7718
7770
7921
7930
7940
8014
8016
8023
8025
8050
8117
8232
8256
8272
8314
8411
8413
8418
8427
8435
8474
8519
8589
8590
8674
8703
8717
8766
8779
8867
8925
8931
9017
9034
9054
9205
9211
9286
9310
9315
9322
9333
9340
9359
9380
9397
9414
9416
9418
9420
9541
9553
9573
9604
9688
9699
9746
9766
9790
9797
9808
9814
9822
9860
9892
9904
9928
9977
10055
10146
10149
10171
10214
10260
10291
10297
10300
10321
10375
10387
10492
10503
10572
10659
10722
10739
10744
10767
10838
10880
10920
10928
10964
10972
10973
10981
11051
11061
11094
11117
11142
11178
11189
11258
11262
11364
11436
11479
11533
11584
11657
11663
11728
11742
11798
11821
11877
11972
11977
11981
12037
12038
12051
12059
12116
12374
12522
12555
12563
12698
12705
12736
12741
12808
12848
12915
12988
13017
13145
13224
13283
13310
13329
13351
13384
13407
13447
13497
13532
13543
13547
13551
13580
13592
13634
13726
13844
13860
13998
14009
14026
14068
14125
14132
14162
14180
14301
14344
14360
14459
14460
14490
14519
14548
14592
14641
14646
14668
14678
14686
14704
14706
14752
14771
14902
14921
14942
14982
15163
15204
15244
15263
15319
15321
15353
15364
15407
15472
15499
15553
15571
15633
15716
15777
15968
15994
16000
16003
16150
16224
16275
16309
16317
16330
16354
16439
16491
16567
16607
16652
16667
16751
16777
16810
16958
17030
17129
17136
17337
17372
17461
17512
17540
17567
17568
17581
17595
17676
17704
17710
17761
17778
17781
17838
17850
17869
17875
17897
17915
17917
17975
17989
18004
18014
18029
18051
18061
18109
18113
18267
18269
18271
18302
18420
18477
18524
18596
18599
18674
18703
18718
18747
18883
19012
19166
19190
19215
19234
19246
19286
19288
19376
19381
19457
19463
19502
19503
19554
19566
19625
19629
19686
19687
19724
19726
19733
19734
19761
19773
19785
19800
19881
19896
19902
19920
19932
19934
19936
19949
19998
20018
20024
20055
20132
20140
20190
20198
20206
20268
20477
20523
20525
20533
20580
20588
20628
20644
20648
20729
20752
20787
20810
20838
20861
20907
20940
21041
21122
21123
21136
21146
21150
21153
21164
21181
21239
21275
21309
21398
21413
21458
21577
21599
21627
21658
21731
21748
21749
21763
21899
21923
21991
22042
22051
22157
22170
22184
22210
22285
22309
22333
22338
22340
22368
22509
22529
22577
22608
22635
22663
22666
22704
22743
22824
22867
22916
22961
23026
23065
23190
23209
23277
23302
23306
23330
23359
23364
23414
23511
23590
23606
23633
23638
23662
23688
23692
23720
23801
23921
23937
23996
24178
24247
24251
24277
24302
24317
24325
24338
24470
24489
24494
24529
24567
24594
24599
24603
24627
24637
24673
24697
24700
24732
24867
24875
24943
25099
25121
25138
25273
25342
25384
25401
25437
25440
25485
25497
25541
25549
25600
25608
25609
25620
25633
25636
25639
25671
25694
25710
25751
25782
25802
25806
25810
25826
25943
25983
26023
26029
26081
26113
26128
26185
26197
26291
26314
26368
26383
26449
26466
26481
26532
26598
26621
26815
26920
26924
26997
27041
27070
27081
27197
27216
27251
27279
27284
27378
27478
27508
27530
27639
27725
27950
28025
28043
28058
28060
28084
28165
28167
28266
28358
28388
28396
28452
28478
28505
28549
28572
28584
28623
28625
28645
28697
28782
28785
28796
28881
28883
28890
28926
28986
29034
29043
29076
29113
29297
29300
29354
29355
29375
29414
29518
29530
29553
29566
29567
29579
29630
29686
29727
29908
29909
29916
29984
30034
30080
30235
30252
30273
30287
30332
30363
30420
30499
30504
30517
30661
30713
30729
30756
30848
30912
30929
31157
31192
31289
31323
31333
31345
31371
31425
31432
31453
31545
31552
31556
31578
31593
31682
31754
31763
31813
31838
31874
31889
31955
31976
32023
32032
32035
32086
32089
32091
32134
32468
32476
32516
32522
32525
32531
32548
32595
32598
32604
32686
32697
32719
32755
32756
32828
32841
32897
32981
33104
33108
33212
33220
33248
33295
33320
33354
33388
33412
33428
33435
33533
33567
33588
33590
33592
33615
33626
33631
33641
33684
33761
33794
33808
33840
33885
33891
33925
33956
34067
34100
34106
34124
34131
34208
34339
34406
34450
34523
34568
34615
34693
34744
34765
34791
34799
34800
34886
34901
35070
35088
35092
35105
35126
35146
35150
35174
35211
35345
35401
35433
35516
35650
35729
35784
35854
35945
35957
35970
36027
36097
36146
36158
36185
36368
36377
36382
36415
36445
36540
36562
36606
36625
36630
36672
36677
36678
36737
36750
36810
36848
36859
36869
36885
36968
37019
37053
37056
37085
37126
37139
37163
37179
37201
37210
37211
37222
37231
37255
37269
37324
37333
37338
37389
37485
37532
37555
37646
37652
37711
37760
37773
37826
37849
37852
37874
37910
37930
37949
37981
37997
38046
38076
38096
38117
38179
38199
38221
38250
38338
38376
38389
38408
38430
38619
38681
38723
38732
38743
38752
38774
38845
38848
38865
38913
38915
38951
38965
39129
39154
39167
39280
39429
39477
39511
39553
39563
39573
39597
39610
39664
39675
39688
39690
39725
39767
39831
39923
39938
39986
39997
-1
