26
30
35
39
53
100
221
253
277
307
340
359
502
556
610
623
711
718
797
799
816
906
941
943
973
993
1047
1076
1110
1150
1228
1266
1304
1310
1383
1425
1456
1541
1546
1553
1613
1750
1867
1883
1959
2021
2074
2137
2144
2206
2369
2408
2427
2442
2468
2519
2528
2546
2613
2621
2683
2690
2701
2718
2746
2792
2798
2826
2841
2865
2921
2927
2943
2967
2995
3015
3030
3086
3102
3174
3189
3208
3282
3344
3349
3376
3382
3394
3426
3494
3531
3532
3550
3616
3723
3813
3839
3880
3895
3969
3988
4045
4053
4111
4144
4151
4162
4271
4280
4343
4376
4401
4421
4422
4529
4543
4552
4554
4571
4596
4619
4670
4787
4824
4851
4860
4906
4951
4968
4975
4984
5006
5040
5063
5117
5126
5194
5310
5318
5381
5386
5388
5465
5528
5564
5593
5603
5605
5622
5633
5737
5772
5782
5783
5794
5851
5944
5959
5972
5975
5983
6012
6046
6051
6067
6132
6204
6232
6240
6254
6385
6440
6500
6519
6576
6611
6613
6617
6650
6703
6713
6716
6760
6888
6927
7026
7064
7079
7091
7114
7115
7151
7166
7171
7260
7264
7288
7296
7311
7400
7469
7486
7577
7647
7662
7796
7840
7842
7855
7906
7921
7992
8009
8018
8155
8182
8249
8260
8277
8328
8343
8362
8434
8451
8490
8518
8577
8614
8659
8669
8729
8767
8813
8815
8885
8901
8992
9022
9121
9216
9247
9310
9359
9361
9413
9434
9543
9562
9654
9802
9825
9889
9900
9910
10112
10216
10256
10273
10301
10323
10369
10418
10484
10513
10517
10519
10530
10551
10570
10577
10627
10700
10730
10735
10790
10796
10840
10858
10879
10892
10918
10923
10941
11010
11031
11033
11035
11054
11082
11178
11196
11264
11280
11387
11391
11535
11599
11616
11625
11629
11631
11738
11757
11788
11819
11884
11936
11961
12016
12020
12025
12041
12135
12139
12145
12156
12204
12240
12270
12273
12329
12472
12473
12594
12652
12656
12728
12750
12794
12837
12849
12851
12868
12917
13019
13075
13157
13209
13220
13230
13257
13291
13330
13426
13427
13480
13508
13528
13543
13558
13611
13685
13696
13732
13738
13744
13787
13886
13921
13961
13996
14014
14130
14173
14196
14209
14220
14247
14291
14295
14394
14404
14593
14603
14670
14693
14725
14765
14784
14823
14858
14878
14945
14960
15012
15095
15151
15204
15210
15215
15272
15333
15424
15528
15544
15549
15583
15603
15660
15667
15690
15782
15856
15961
16026
16089
16105
16115
16123
16133
16203
16234
16245
16264
16391
16397
16494
16509
16531
16599
16679
16708
16709
16727
16757
16770
16856
16866
16947
16981
16987
17031
17037
17054
17066
17175
17200
17213
17221
17225
17227
17278
17327
17347
17366
17448
17518
17574
17585
17647
17706
17726
17859
17913
17958
18012
18024
18103
18128
18216
18290
18325
18358
18369
18384
18389
18425
18475
18506
18537
18544
18611
18665
18703
18730
18738
18754
18789
18819
18826
18881
18884
18918
18938
18940
19005
19083
19139
19203
19205
19214
19222
19236
19247
19290
19371
19407
19408
19434
19494
19510
19567
19634
19643
19661
19674
19705
19758
19773
19807
19817
19851
19865
19946
19956
20070
20098
20186
20230
20266
20334
20415
20475
20482
20493
20551
20603
20616
20662
20736
20769
20785
20822
20860
21010
21038
21117
21195
21272
21365
21395
21441
21442
21467
21517
21679
21732
21785
21894
21906
21962
21973
22034
22054
22224
22246
22326
22332
22351
22354
22378
22380
22575
22603
22617
22648
22670
22684
22693
22704
22720
22736
22739
22753
22798
22831
22835
22848
22882
22920
23001
23008
23047
23060
23091
23118
23152
23169
23176
23281
23282
23346
23354
23461
23493
23506
23544
23545
23552
23566
23580
23604
23619
23652
23751
23783
23812
23846
23948
23982
24020
24024
24033
24036
24108
24125
24164
24203
24206
24227
24272
24300
24315
24368
24401
24430
24516
24538
24586
24629
24685
24739
24746
24813
24892
24956
25025
25032
25077
25104
25163
25237
25294
25308
25342
25358
25392
25419
25470
25501
25511
25527
25746
25752
25772
25791
25797
25910
25959
25978
26063
26069
26092
26106
26126
26261
26270
26379
26399
26493
26496
26531
26536
26555
26557
26638
26649
26671
26696
26723
26755
26765
26802
26927
26964
26987
27043
27058
27084
27159
27170
27224
27225
27252
27276
27304
27326
27375
27402
27407
27436
27445
27506
27565
27720
27724
27760
27843
27861
27878
27882
27903
27911
27915
27927
27930
28003
28020
28053
28067
28073
28076
28091
28143
28157
28197
28264
28266
28268
28274
28391
28437
28467
28485
28526
28681
28869
28894
29024
29058
29091
29104
29210
29306
29343
29406
29440
29454
29480
29523
29548
29570
29576
29682
29751
29812
29839
30048
30063
30113
30140
30141
30204
30214
30228
30282
30286
30303
30307
30331
30349
30390
30489
30565
30584
30596
30605
30641
30642
30743
30797
30822
30827
30890
31127
31152
31167
31204
31211
31240
31307
31319
31328
31368
31657
31710
31812
31813
31851
31873
31886
31915
31923
32015
32099
32151
32165
32199
32227
32238
32253
32269
32289
32297
32353
32361
32374
32438
32453
32543
32615
32628
32678
32709
32820
32826
32873
32935
32984
33009
33112
33176
33194
33212
33234
33255
33287
33358
33419
33429
33434
33527
33549
33568
33570
33594
33725
33727
33739
33748
33778
33814
33815
33816
33839
33840
33859
33873
33897
33923
33965
33978
34047
34104
34305
34308
34320
34350
34444
34509
34518
34523
34533
34548
34588
34652
34677
34690
34725
34759
34761
34762
34772
34800
34863
34934
34956
35002
35026
35062
35069
35123
35153
35236
35266
35463
35478
35607
35711
35733
35840
35841
35880
35909
36031
36081
36090
36099
36125
36140
36166
36174
36177
36325
36344
36356
36381
36406
36414
36463
36469
36478
36602
36630
36730
36749
36854
36856
36869
36952
36955
37002
37019
37026
37064
37124
37173
37183
37185
37192
37253
37290
37296
37315
37343
37368
37386
37409
37492
37505
37564
37576
37588
37684
37699
37796
37856
37900
37953
38076
38079
38119
38122
38150
38171
38176
38264
38278
38319
38345
38351
38415
38505
38530
38548
38557
38643
38676
38714
38869
38942
39006
39023
39176
39183
39197
39252
39385
39423
39433
39505
39594
39614
39704
39721
39761
39818
39892
39910
39957
-1
