18
63
113
116
153
160
197
235
237
240
274
284
321
387
422
425
505
526
566
579
592
596
688
729
734
907
911
919
992
1000
1018
1036
1094
1110
1173
1177
1183
1234
1287
1293
1370
1430
1448
1461
1479
1492
1495
1531
1620
1720
1742
1749
1777
1802
1888
1893
2005
2013
2031
2080
2121
2134
2171
2220
2224
2260
2287
2339
2362
2418
2426
2444
2460
2685
2785
2826
2851
2933
2961
2979
3002
3089
3092
3117
3140
3157
3160
3166
3180
3192
3276
3319
3352
3436
3468
3502
3514
3612
3626
3636
3662
3716
3757
3786
3825
3827
3828
3858
3859
3953
3991
4005
4051
4118
4129
4160
4183
4216
4278
4281
4364
4427
4509
4608
4659
4737
4742
4752
4821
4881
4896
4981
5077
5107
5130
5137
5196
5214
5293
5339
5482
5517
5583
5603
5614
5632
5660
5673
5835
5841
5874
5927
6013
6045
6134
6174
6326
6388
6437
6482
6485
6637
6724
6737
6795
6827
6981
7000
7034
7051
7112
7217
7221
7256
7275
7320
7442
7455
7544
7571
7638
7663
7757
7761
7803
7810
7826
7856
7945
7980
7996
8072
8148
8174
8261
8320
8350
8367
8440
8461
8462
8463
8494
8671
8722
8763
8885
8933
8962
8965
8973
9039
9050
9057
9163
9214
9216
9227
9268
9311
9316
9320
9323
9325
9326
9438
9492
9494
9511
9590
9685
9749
9759
9762
9786
9812
9894
9911
9985
9999
10019
10039
10040
10089
10147
10177
10179
10224
10234
10409
10415
10431
10525
10600
10670
10700
10715
10774
10792
10844
10865
10876
10944
10984
11005
11064
11097
11099
11112
11178
11185
11190
11249
11251
11280
11330
11369
11421
11431
11511
11515
11520
11543
11548
11575
11584
11590
11673
11814
11884
11933
12008
12079
12087
12089
12118
12119
12151
12155
12170
12321
12346
12382
12401
12468
12477
12527
12565
12599
12628
12636
12701
12748
12777
12797
12857
12944
12955
13021
13041
13077
13088
13093
13128
13134
13181
13204
13238
13239
13281
13293
13450
13464
13505
13509
13613
13642
13653
13702
13707
13718
13787
13800
13849
13861
13887
13907
13913
13959
13988
14021
14066
14182
14241
14271
14336
14352
14400
14424
14479
14481
14502
14574
14599
14603
14664
14721
14722
14732
14763
14770
14789
14836
14857
14866
14886
14906
14924
14987
14995
15016
15017
15023
15041
15095
15120
15166
15212
15218
15262
15299
15354
15436
15463
15464
15466
15495
15512
15552
15560
15587
15607
15666
15704
15790
15809
15847
15983
15987
16049
16080
16161
16322
16336
16380
16402
16404
16414
16437
16438
16441
16475
16501
16509
16559
16594
16608
16628
16770
16814
16935
16985
17026
17028
17079
17086
17238
17264
17302
17304
17457
17481
17625
17665
17791
17809
17827
17838
17843
17910
17946
18004
18011
18030
18045
18056
18064
18069
18112
18130
18136
18146
18173
18320
18331
18334
18342
18343
18392
18399
18492
18555
18605
18621
18657
18721
18774
18853
18876
18912
18935
18993
19034
19048
19205
19220
19235
19267
19271
19322
19344
19396
19427
19443
19444
19530
19557
19559
19629
19640
19689
19693
19776
19903
19916
19939
20029
20060
20068
20087
20094
20103
20129
20177
20184
20195
20198
20215
20258
20261
20284
20322
20337
20361
20363
20387
20499
20514
20593
20630
20693
20701
20707
20770
20806
20828
20959
21044
21117
21146
21231
21302
21367
21411
21423
21454
21460
21504
21525
21538
21659
21714
21749
21769
21770
21826
21872
21951
22043
22047
22163
22341
22380
22390
22393
22400
22410
22411
22415
22441
22468
22472
22483
22506
22543
22550
22559
22612
22620
22703
22778
22806
22936
23018
23088
23127
23158
23159
23180
23229
23403
23423
23495
23518
23557
23560
23581
23647
23656
23803
23827
23856
23874
23895
23928
23950
23974
24004
24052
24126
24208
24258
24293
24299
24340
24369
24415
24427
24473
24482
24497
24514
24549
24666
24753
24793
24871
24892
24991
25027
25028
25044
25106
25181
25250
25267
25275
25311
25332
25350
25386
25395
25430
25436
25468
25484
25521
25684
25881
25889
25901
25919
25935
25946
25957
26013
26028
26110
26116
26147
26217
26221
26294
26359
26379
26398
26405
26474
26528
26529
26560
26567
26568
26611
26619
26631
26636
26697
26727
26766
26855
26871
26877
26908
26923
26962
27047
27105
27115
27126
27182
27297
27300
27358
27362
27414
27426
27501
27508
27551
27552
27555
27575
27624
27657
27792
27828
27880
27910
27911
27932
27935
27949
27977
27993
28088
28097
28147
28172
28183
28200
28240
28241
28272
28326
28352
28355
28385
28483
28528
28536
28559
28564
28578
28579
28592
28618
28655
28687
28779
28802
28926
28954
29017
29121
29133
29138
29160
29210
29230
29250
29389
29392
29409
29460
29476
29572
29584
29632
29705
29741
29757
29843
29845
29859
29917
29921
29924
29925
29963
30069
30092
30118
30202
30265
30294
30342
30358
30401
30452
30453
30458
30466
30509
30527
30672
30722
30776
30796
30946
30999
31044
31064
31248
31270
31278
31292
31345
31354
31360
31398
31411
31421
31432
31443
31454
31531
31620
31644
31682
31766
31790
31801
31829
31865
31884
31924
32070
32251
32285
32327
32379
32441
32520
32568
32600
32680
32711
32785
32804
32829
32836
32865
32884
32907
32917
32928
32991
33059
33283
33293
33311
33375
33398
33488
33506
33551
33604
33740
33853
33933
34091
34098
34152
34188
34344
34359
34412
34452
34462
34469
34502
34507
34513
34520
34566
34592
34668
34686
34687
34688
34711
34760
34784
34822
34875
34884
34946
34983
35125
35157
35230
35239
35245
35298
35306
35363
35406
35475
35524
35539
35579
35595
35621
35654
35711
35733
35820
35878
35973
36012
36020
36033
36087
36103
36122
36150
36168
36194
36208
36260
36284
36287
36299
36317
36324
36450
36537
36562
36639
36662
36698
36765
36795
36810
36840
36860
36927
36931
37039
37170
37210
37244
37248
37253
37260
37315
37332
37333
37379
37393
37435
37453
37511
37512
37520
37627
37651
37667
37697
37711
37723
37763
37776
37789
37862
37938
37941
37986
38050
38127
38176
38197
38251
38347
38395
38423
38527
38539
38558
38570
38582
38624
38641
38823
38831
38848
38855
38903
38943
38977
39005
39070
39086
39189
39351
39433
39449
39484
39620
39625
39659
39735
39748
39863
39889
39914
39948
39969
39970
-1
