36
39
64
124
156
199
214
224
265
434
449
453
493
508
559
569
635
659
668
701
721
726
737
785
815
840
971
1070
1097
1199
1223
1241
1379
1449
1515
1606
1678
1683
1697
1703
1829
1927
1942
2029
2047
2053
2070
2114
2145
2150
2198
2211
2235
2270
2339
2347
2378
2390
2424
2435
2530
2648
2653
2700
2735
2791
2842
2869
2908
2960
3094
3103
3151
3179
3240
3271
3275
3348
3411
3504
3759
3761
3763
3787
3840
3889
3901
3931
3934
3971
4018
4094
4099
4111
4124
4172
4208
4283
4284
4290
4356
4359
4434
4452
4476
4504
4521
4538
4673
4726
4729
4730
4836
4858
4865
4906
4981
4986
4998
5114
5169
5211
5231
5251
5347
5386
5490
5509
5519
5590
5671
5728
5874
5923
5944
6003
6042
6044
6139
6185
6254
6268
6279
6321
6335
6362
6397
6407
6485
6488
6494
6511
6542
6545
6679
6697
6750
6752
6866
6904
6907
6928
7039
7079
7087
7110
7261
7266
7312
7388
7393
7406
7510
7539
7590
7600
7613
7636
7637
7693
7714
7742
7756
7781
7818
7858
7874
7898
7915
7934
7946
7951
7999
8030
8111
8193
8233
8261
8268
8302
8391
8466
8487
8525
8537
8571
8585
8607
8656
8753
8814
8904
8999
9022
9038
9056
9205
9249
9351
9387
9389
9471
9473
9493
9588
9597
9652
9720
9721
9729
9746
9747
9761
9773
9825
9845
9958
9975
10014
10084
10122
10145
10154
10218
10281
10357
10460
10510
10569
10637
10733
10785
10806
11015
11057
11066
11072
11118
11130
11180
11266
11293
11336
11350
11385
11412
11416
11461
11511
11564
11619
11664
11700
11769
11784
11832
11946
11947
12010
12040
12042
12089
12090
12240
12275
12326
12345
12428
12439
12550
12568
12609
12629
12651
12736
12738
12766
12827
12869
12881
12915
12930
12937
12973
12987
13017
13028
13038
13118
13122
13145
13204
13434
13457
13459
13504
13507
13572
13632
13722
13859
13963
13968
14079
14092
14094
14101
14230
14283
14375
14469
14498
14514
14568
14608
14615
14624
14625
14643
14800
14841
14932
15069
15070
15079
15086
15107
15129
15161
15215
15225
15325
15382
15389
15425
15462
15485
15526
15532
15546
15588
15666
15714
15726
15738
15743
15748
15787
15801
16085
16097
16251
16272
16273
16321
16322
16371
16384
16417
16448
16485
16555
16562
16601
16685
16694
16711
16723
16739
16741
16814
16869
16881
16894
16982
17013
17066
17138
17269
17291
17424
17429
17530
17533
17563
17566
17590
17656
17787
17808
17852
17881
17890
17929
17971
17977
17978
18058
18110
18118
18124
18127
18138
18208
18241
18355
18399
18463
18483
18515
18520
18524
18633
18642
18751
18759
18825
18902
18904
18939
18952
18960
18977
19015
19126
19294
19296
19310
19326
19328
19359
19367
19400
19429
19452
19467
19477
19499
19558
19575
19687
19705
19790
19857
19865
19874
19885
19926
20033
20096
20218
20286
20331
20406
20415
20425
20467
20484
20486
20515
20527
20611
20617
20642
20775
20786
20810
20827
20831
20838
20924
20963
20994
20995
21026
21079
21136
21155
21215
21305
21369
21401
21403
21452
21470
21474
21518
21655
21682
21711
21718
21738
21782
21818
21842
21847
21917
21930
21982
21989
22076
22087
22188
22197
22213
22254
22295
22356
22358
22445
22447
22477
22611
22614
22643
22692
22715
22732
22744
22771
22842
22884
22947
23010
23068
23099
23200
23269
23370
23452
23483
23502
23579
23581
23601
23606
23630
23654
23692
23693
23731
23803
23824
23826
23873
23942
23973
23980
24001
24060
24123
24131
24203
24249
24388
24391
24403
24475
24515
24535
24618
24667
24693
24745
24753
24822
24824
24835
25055
25150
25159
25171
25191
25193
25431
25519
25534
25535
25546
25559
25606
25644
25672
25717
25811
25854
25855
25969
26014
26039
26050
26099
26123
26127
26153
26267
26270
26271
26288
26322
26326
26338
26347
26349
26380
26533
26553
26603
26607
26620
26639
26676
26681
26684
26717
26766
26909
26936
26969
26980
26998
26999
27003
27091
27107
27114
27212
27284
27325
27337
27387
27401
27410
27431
27439
27501
27569
27771
27774
27798
27804
27885
27968
27973
27978
27993
28005
28059
28088
28113
28122
28159
28170
28171
28205
28301
28334
28341
28375
28457
28501
28634
28689
28765
28853
28879
28897
28922
28947
28954
28971
28972
28988
29003
29053
29076
29083
29114
29163
29167
29180
29255
29325
29380
29384
29466
29484
29517
29629
29652
29700
29718
29734
29754
29772
29784
29788
29843
29853
29875
29876
29881
29882
29897
29953
29998
30059
30164
30177
30206
30217
30265
30288
30424
30440
30489
30523
30534
30562
30595
30613
30620
30623
30811
30852
30869
30885
30937
30970
30974
30982
31020
31066
31126
31193
31217
31220
31239
31249
31309
31452
31480
31484
31489
31540
31547
31552
31566
31606
31608
31620
31631
31675
31688
31745
31754
31850
31868
31924
31983
32008
32081
32082
32174
32194
32215
32326
32407
32421
32473
32544
32601
32657
32723
32725
32786
32857
32863
32929
33074
33085
33090
33225
33316
33357
33380
33383
33410
33423
33468
33486
33574
33575
33623
33626
33648
33747
33802
33847
33916
33944
33970
33980
33995
34024
34028
34072
34091
34101
34110
34189
34264
34365
34367
34445
34477
34496
34511
34533
34551
34582
34614
34737
34745
34758
34792
34808
34818
34819
34823
34828
34884
34889
34911
34947
34966
34971
34989
34995
35002
35046
35056
35065
35068
35124
35132
35271
35339
35342
35349
35392
35394
35420
35496
35701
35740
35741
35746
35767
35801
35903
35951
35953
35985
36099
36113
36168
36201
36212
36254
36297
36330
36394
36466
36470
36552
36569
36602
36670
36762
36783
36845
36856
36872
36910
36942
36944
36960
36973
36993
37002
37003
37108
37160
37173
37222
37283
37325
37355
37445
37459
37504
37517
37541
37589
37630
37811
37812
37854
37871
37913
37983
38017
38065
38070
38077
38090
38146
38172
38199
38285
38291
38299
38447
38545
38554
38600
38617
38626
38633
38722
38743
38744
38755
38757
38771
38793
38839
38859
38904
38964
38979
38984
38987
39091
39153
39171
39176
39194
39196
39207
39217
39237
39238
39241
39265
39271
39293
39308
39320
39358
39436
39486
39497
39516
39640
39655
39688
39700
39745
39767
39772
39800
39802
39812
39869
39888
39954
39957
39959
-1
