143
168
426
441
459
478
578
580
645
697
717
772
800
825
936
960
972
1043
1044
1052
1102
1110
1112
1210
1229
1236
1251
1318
1358
1394
1443
1450
1454
1465
1474
1475
1494
1500
1534
1537
1542
1553
1556
1701
1710
1842
1896
1981
2009
2147
2195
2206
2215
2216
2320
2333
2353
2376
2414
2430
2434
2497
2509
2534
2557
2580
2613
2702
2752
2972
3069
3098
3124
3131
3143
3159
3179
3194
3267
3312
3313
3332
3362
3364
3406
3509
3611
3615
3635
3660
3682
3691
3737
3748
3777
3825
3936
3944
3961
4034
4037
4051
4054
4134
4138
4152
4265
4287
4303
4334
4353
4380
4403
4471
4554
4615
4621
4626
4637
4645
4673
4680
4687
4688
4730
4819
4874
4880
4881
4921
4995
5026
5035
5043
5070
5075
5076
5136
5190
5227
5241
5286
5299
5376
5402
5415
5420
5649
5738
5744
5779
5847
5887
5948
5961
5980
5989
6006
6010
6014
6131
6199
6335
6359
6425
6431
6472
6484
6487
6558
6559
6587
6598
6608
6612
6651
6706
6719
6720
6738
6739
6754
6775
6781
6817
6830
6835
6891
6930
6944
7059
7060
7111
7112
7213
7262
7277
7308
7314
7342
7393
7442
7541
7595
7644
7835
7838
7875
7986
7988
7992
8065
8084
8102
8108
8121
8165
8189
8235
8311
8344
8383
8411
8418
8437
8451
8456
8477
8505
8559
8567
8604
8614
8708
8725
8781
8932
8937
8961
8984
9017
9060
9139
9160
9191
9225
9240
9294
9384
9401
9402
9451
9455
9469
9475
9486
9519
9540
9585
9623
9659
9712
9743
9829
9852
9922
9973
10004
10011
10025
10104
10134
10324
10362
10377
10387
10401
10478
10546
10634
10726
10789
10886
10942
10971
11001
11103
11176
11214
11327
11512
11517
11554
11576
11603
11609
11620
11706
11726
11729
11822
11828
11899
11989
11995
12023
12118
12223
12240
12249
12291
12307
12323
12354
12404
12437
12529
12535
12559
12628
12676
12733
12749
12780
12827
12859
12866
12877
12952
13030
13061
13066
13083
13116
13162
13304
13331
13345
13360
13361
13367
13376
13566
13587
13755
13777
13792
13802
13825
13922
13933
13970
14001
14064
14091
14153
14163
14165
14189
14243
14270
14284
14457
14511
14512
14537
14546
14563
14570
14604
14633
14668
14674
14709
14759
14834
14940
14944
14967
14981
15008
15041
15044
15076
15117
15251
15270
15362
15561
15595
15596
15636
15640
15689
15822
15845
15873
15932
16032
16078
16095
16114
16119
16180
16230
16256
16322
16348
16364
16373
16381
16452
16552
16633
16701
16782
16784
16874
16904
16926
16956
16962
16976
17019
17047
17049
17056
17083
17104
17106
17156
17160
17165
17181
17257
17282
17295
17318
17362
17464
17472
17487
17490
17518
17548
17596
17620
17668
17710
17719
17748
17753
17842
17856
17881
17930
17964
17979
17989
18005
18052
18116
18153
18177
18306
18402
18454
18482
18537
18571
18686
18692
18753
18812
18873
18992
19036
19112
19136
19162
19304
19313
19402
19409
19465
19591
19619
19650
19664
19695
19703
19762
19780
19959
20033
20038
20090
20097
20204
20235
20251
20272
20334
20344
20386
20391
20432
20445
20461
20489
20506
20543
20609
20696
20699
20751
20776
20814
20815
20866
20978
20994
21016
21123
21137
21146
21189
21215
21370
21417
21496
21557
21569
21583
21613
21614
21635
21779
21809
21825
21832
21879
21922
21938
21953
22036
22071
22105
22161
22285
22313
22349
22371
22383
22409
22430
22457
22488
22492
22517
22557
22559
22629
22637
22674
22727
22729
22761
22809
22866
22899
22947
22967
22978
23004
23005
23036
23164
23220
23231
23262
23277
23352
23356
23422
23427
23442
23476
23511
23550
23565
23665
23739
23747
23767
23809
23823
23858
23935
23981
24017
24069
24107
24179
24316
24353
24368
24437
24513
24579
24630
24763
24768
24807
24818
24867
24984
24991
25008
25023
25037
25072
25123
25135
25141
25214
25245
25251
25285
25295
25318
25353
25360
25389
25412
25468
25494
25652
25658
25793
25849
25940
25949
25966
25970
26020
26068
26092
26162
26233
26325
26361
26396
26415
26475
26486
26490
26544
26545
26600
26633
26657
26671
26673
26780
26826
26864
26873
26992
26994
27024
27058
27072
27076
27107
27128
27209
27229
27267
27277
27283
27317
27321
27341
27360
27364
27390
27420
27440
27511
27540
27598
27639
27644
27796
27798
27799
27847
27849
27863
27874
27985
27999
28029
28032
28050
28072
28096
28158
28159
28164
28174
28223
28248
28288
28306
28414
28450
28641
28670
28717
28783
28844
28915
28964
29203
29248
29253
29335
29405
29479
29492
29499
29601
29619
29717
29774
29777
29799
29806
29978
30008
30061
30065
30113
30160
30175
30186
30268
30305
30334
30348
30350
30357
30414
30417
30520
30532
30595
30611
30640
30690
30740
30780
30834
30835
30911
30927
31076
31095
31116
31145
31165
31226
31236
31247
31303
31324
31347
31373
31375
31384
31386
31432
31454
31478
31514
31542
31560
31623
31674
31748
31904
31913
31926
32054
32103
32130
32257
32311
32343
32346
32376
32407
32408
32465
32548
32694
32714
32752
32864
33010
33053
33089
33118
33119
33125
33176
33212
33223
33228
33267
33282
33317
33354
33432
33433
33454
33472
33601
33611
33700
33768
33789
33864
33965
34008
34033
34051
34064
34066
34107
34120
34190
34260
34322
34338
34339
34342
34392
34485
34514
34534
34556
34573
34593
34620
34651
34659
34701
34760
34821
34842
34846
34857
34858
35034
35093
35127
35131
35267
35278
35347
35496
35532
35571
35575
35576
35630
35705
35777
35815
35834
35853
35856
35887
35911
35952
35960
36041
36052
36117
36135
36165
36191
36206
36220
36228
36255
36357
36413
36426
36453
36491
36494
36553
36562
36579
36602
36603
36608
36610
36623
36640
36675
36683
36685
36694
36753
36860
36873
36940
36960
36974
36992
37058
37063
37074
37155
37196
37247
37298
37331
37354
37429
37496
37500
37529
37530
37598
37636
37647
37663
37689
37815
37848
37913
38043
38119
38139
38150
38175
38195
38229
38230
38334
38370
38396
38406
38491
38522
38543
38548
38570
38607
38655
38666
38707
38729
38742
38747
38769
38836
38930
38962
38971
39023
39038
39039
39062
39065
39110
39197
39218
39226
39285
39361
39442
39479
39636
39639
39654
39753
39763
39829
39832
39863
39889
39906
39994
-1
