36
37
57
139
187
214
226
236
253
255
372
388
458
466
513
547
631
801
845
907
921
948
1024
1043
1052
1085
1141
1216
1268
1354
1392
1430
1447
1455
1498
1537
1583
1602
1618
1632
1723
1730
1734
1855
1856
1881
1895
1991
2013
2109
2122
2132
2161
2191
2218
2227
2238
2263
2343
2386
2517
2527
2579
2681
2721
2747
2781
2813
2842
3079
3083
3087
3243
3272
3323
3374
3420
3471
3475
3556
3600
3645
3649
3683
3845
3860
3869
3870
3896
3929
3951
4009
4090
4097
4111
4159
4169
4171
4235
4271
4396
4449
4486
4508
4529
4530
4560
4584
4604
4611
4650
4676
4727
4849
4859
4867
4890
4995
5073
5077
5085
5097
5133
5166
5168
5194
5238
5270
5369
5382
5396
5399
5446
5479
5529
5683
5690
5707
5851
5859
5870
5887
5912
5928
5971
6003
6067
6093
6106
6136
6153
6154
6238
6240
6269
6293
6326
6394
6452
6502
6576
6632
6690
6708
6712
6734
6749
6754
6870
6961
6985
7005
7006
7020
7052
7144
7177
7190
7200
7212
7264
7372
7386
7631
7644
7677
7876
8016
8020
8045
8063
8111
8149
8152
8293
8316
8453
8501
8588
8645
8655
8666
8723
8755
8780
8816
8836
8884
8925
8927
8959
8987
9011
9093
9098
9147
9344
9351
9399
9419
9461
9614
9616
9618
9654
9705
9732
9752
9881
9983
10016
10051
10071
10086
10100
10213
10245
10251
10293
10323
10353
10425
10580
10627
10640
10739
10757
10807
10809
10872
10884
10894
10942
10969
10981
11026
11100
11156
11172
11232
11267
11292
11327
11328
11351
11429
11454
11493
11504
11526
11527
11639
11764
11837
11861
11866
11886
11895
11912
11947
11967
11986
12017
12033
12075
12087
12231
12246
12251
12360
12447
12468
12478
12524
12551
12556
12580
12615
12683
12690
12757
12811
12854
12960
12982
12990
12993
12994
13003
13028
13103
13134
13163
13242
13298
13459
13461
13546
13606
13612
13674
13677
13721
13788
13820
13833
13853
13869
13942
14032
14174
14181
14198
14296
14335
14375
14377
14412
14417
14472
14512
14537
14551
14594
14608
14641
14659
14680
14711
14766
14848
14860
14971
15054
15060
15110
15164
15284
15329
15405
15432
15468
15471
15481
15488
15502
15505
15514
15568
15577
15720
15773
15792
15807
15816
15843
15873
15912
16076
16093
16173
16351
16394
16409
16438
16484
16496
16517
16610
16647
16783
16819
16822
16834
16839
16868
16961
16976
17016
17053
17060
17124
17126
17157
17191
17309
17349
17427
17436
17497
17516
17546
17626
17656
17666
17701
17713
17730
17806
17903
17917
17934
17960
18027
18031
18058
18075
18093
18130
18192
18208
18211
18222
18224
18255
18268
18298
18317
18415
18439
18464
18498
18514
18561
18657
18658
18713
18743
18751
18767
18786
18789
18809
18835
18838
18930
18954
18980
18985
18990
19028
19076
19077
19231
19240
19254
19394
19489
19534
19601
19614
19621
19708
19727
19750
19758
19796
19810
19821
19841
19856
19860
19874
19877
19889
19903
19909
19913
19915
19920
19948
20027
20076
20117
20118
20125
20138
20147
20208
20236
20245
20278
20285
20304
20321
20357
20385
20407
20409
20532
20562
20593
20604
20721
20736
20746
20841
20906
20943
20959
21017
21088
21091
21120
21176
21315
21326
21348
21379
21396
21447
21533
21575
21622
21683
21709
21745
21783
21818
21855
21866
21896
21904
22041
22132
22157
22165
22223
22232
22234
22292
22414
22424
22427
22444
22515
22535
22543
22591
22592
22677
22744
22804
22836
22910
22957
22986
23017
23030
23078
23109
23139
23148
23188
23206
23255
23281
23326
23331
23417
23426
23445
23453
23466
23490
23497
23503
23617
23634
23658
23843
23934
23937
23949
23958
23959
23982
24025
24117
24149
24160
24229
24247
24310
24317
24383
24401
24540
24561
24569
24650
24695
24725
24747
24755
24770
24772
25005
25068
25078
25109
25126
25132
25161
25168
25177
25279
25328
25374
25417
25470
25496
25587
25604
25622
25642
25660
25699
25716
25760
25828
25861
25869
25931
26053
26066
26081
26128
26142
26150
26219
26322
26393
26479
26501
26576
26666
26710
26744
26773
26818
26863
26869
26890
26928
26941
26959
26967
26979
26991
26993
27015
27027
27035
27103
27127
27156
27276
27282
27299
27321
27341
27343
27370
27371
27384
27397
27508
27513
27535
27556
27566
27567
27569
27621
27754
27765
27774
27780
27871
27929
27937
27982
28058
28090
28157
28163
28235
28257
28274
28298
28303
28597
28633
28641
28719
28730
28802
28811
28851
28871
29045
29068
29131
29140
29146
29182
29266
29308
29328
29358
29366
29402
29462
29483
29601
29785
29842
29868
29888
29940
29948
30003
30006
30028
30044
30081
30094
30148
30151
30184
30212
30286
30305
30412
30451
30491
30515
30589
30611
30668
30675
30770
30825
30839
30858
30894
30903
30973
30981
30987
31055
31187
31199
31209
31211
31253
31313
31373
31478
31500
31650
31685
31706
31725
31726
31737
31791
31831
31907
32019
32075
32089
32161
32179
32186
32315
32403
32413
32446
32498
32531
32543
32655
32671
32682
32719
32733
32878
32986
33013
33060
33107
33166
33225
33264
33281
33288
33322
33323
33363
33414
33475
33477
33515
33589
33619
33631
33656
33716
33769
33784
33807
33809
33818
33843
33921
33948
33970
33987
34067
34087
34141
34176
34241
34259
34270
34302
34318
34330
34466
34481
34518
34573
34611
34650
34671
34676
34755
34864
34877
34927
34937
34952
34958
35027
35081
35099
35102
35112
35213
35246
35250
35258
35261
35314
35374
35398
35451
35452
35466
35504
35532
35596
35653
35686
35718
35719
35886
35972
36042
36062
36085
36107
36190
36199
36236
36382
36412
36424
36456
36480
36504
36534
36543
36564
36585
36590
36611
36616
36632
36679
36803
36815
36818
36837
36935
36953
36975
37047
37063
37069
37111
37114
37143
37330
37383
37391
37403
37439
37447
37450
37451
37458
37574
37614
37683
37711
37719
37782
37807
37812
37814
37816
37819
37837
37907
37991
38024
38025
38057
38072
38085
38165
38178
38226
38239
38271
38360
38365
38461
38471
38524
38530
38552
38607
38609
38638
38679
38746
38747
38803
38892
38944
38991
39016
39046
39070
39080
39184
39233
39253
39277
39304
39416
39477
39480
39493
39504
39506
39512
39597
39598
39614
39672
39751
39758
39818
39864
39928
-1
