7
83
96
118
148
158
190
236
282
332
390
438
440
464
580
590
659
853
874
906
961
995
1003
1076
1078
1085
1154
1196
1233
1261
1267
1277
1297
1303
1349
1364
1420
1456
1553
1569
1625
1628
1630
1658
1700
1736
1751
1761
1846
1854
1892
1925
2010
2031
2042
2066
2129
2190
2204
2253
2258
2316
2357
2360
2408
2487
2551
2648
2651
2695
2777
2787
2847
2898
2935
2937
3004
3134
3142
3172
3239
3268
3270
3321
3361
3391
3392
3410
3413
3427
3483
3491
3569
3570
3597
3702
3758
3769
3790
3885
4012
4114
4122
4211
4241
4293
4308
4339
4371
4378
4420
4527
4546
4557
4596
4643
4705
4730
4784
4809
4830
4856
4933
4940
4951
4964
4965
4973
5025
5042
5048
5057
5181
5227
5251
5308
5382
5617
5676
5740
5810
5850
5926
5965
5969
5994
5996
6031
6040
6041
6046
6064
6176
6217
6239
6302
6331
6348
6371
6393
6400
6432
6468
6505
6617
6672
6678
6695
6703
6733
6749
6805
6920
6958
6993
7043
7078
7246
7266
7278
7403
7521
7554
7558
7606
7616
7647
7674
7677
7725
7742
7747
7752
7753
7853
7882
7885
7897
7909
7921
7979
7986
8040
8051
8148
8183
8184
8192
8243
8252
8300
8349
8377
8423
8442
8445
8474
8491
8501
8629
8634
8646
8655
8677
8692
8998
9024
9026
9076
9078
9083
9138
9214
9313
9416
9431
9453
9492
9506
9550
9651
9657
9659
9808
9826
9902
10088
10096
10134
10153
10169
10287
10308
10313
10331
10378
10452
10472
10505
10545
10576
10586
10618
10636
10669
10766
10824
10932
11023
11040
11059
11070
11092
11194
11235
11285
11300
11399
11415
11430
11434
11508
11542
11766
11775
11780
11940
11942
11943
11976
12006
12096
12119
12171
12279
12364
12425
12430
12453
12460
12495
12506
12521
12531
12551
12571
12583
12617
12724
12814
12817
12825
12845
12894
12984
13063
13130
13144
13196
13230
13256
13264
13276
13288
13295
13306
13344
13456
13562
13626
13671
13695
13716
13719
13768
13787
13790
13798
13818
13903
13933
14002
14042
14043
14070
14108
14121
14177
14276
14331
14484
14493
14664
14667
14675
14710
14791
14824
14847
14853
14919
14931
14978
15063
15095
15141
15185
15187
15208
15214
15216
15307
15316
15340
15350
15391
15437
15483
15604
15718
15751
15774
15791
15906
15923
15964
15977
16019
16129
16136
16153
16157
16235
16251
16253
16263
16267
16268
16312
16316
16350
16375
16425
16474
16477
16484
16498
16552
16559
16570
16704
16709
16718
16784
16822
16861
16867
16900
16954
17130
17221
17294
17299
17300
17353
17443
17478
17533
17568
17574
17634
17657
17662
17748
17827
17838
17846
17901
17987
18012
18105
18141
18145
18180
18204
18220
18352
18573
18577
18582
18612
18680
18810
18818
18900
18916
18925
18946
19013
19038
19110
19259
19298
19302
19339
19348
19349
19363
19367
19384
19399
19405
19509
19530
19534
19543
19559
19584
19625
19660
19707
19731
19747
19881
19943
20004
20020
20052
20116
20162
20183
20318
20319
20336
20429
20468
20485
20558
20570
20738
20797
20819
20839
20921
20954
20958
21044
21113
21207
21216
21320
21330
21343
21352
21378
21384
21387
21409
21433
21445
21466
21504
21568
21605
21606
21647
21696
21766
21880
21881
21965
22129
22206
22211
22259
22292
22295
22296
22334
22347
22387
22437
22577
22620
22621
22631
22660
22679
22720
22773
22829
22845
22904
22929
22963
23020
23050
23078
23082
23127
23138
23156
23158
23165
23259
23261
23311
23391
23419
23447
23457
23494
23519
23522
23549
23564
23567
23627
23715
23752
23759
23768
23772
23788
23810
23815
23911
23926
23938
23941
23999
24037
24058
24135
24198
24243
24251
24253
24295
24312
24326
24373
24410
24465
24483
24488
24626
24648
24667
24681
24715
24746
24798
24825
24860
24864
24897
24965
25028
25043
25053
25090
25113
25125
25243
25320
25343
25358
25386
25416
25420
25465
25542
25561
25584
25585
25592
25686
25693
25721
25731
25786
25863
25926
26008
26054
26090
26099
26129
26151
26177
26198
26277
26418
26428
26513
26547
26592
26732
26741
26768
26792
26854
26859
26871
26916
27017
27057
27098
27102
27107
27273
27307
27386
27397
27526
27602
27695
27757
27841
27942
27965
27981
27998
28010
28066
28078
28080
28226
28241
28271
28286
28343
28347
28403
28416
28460
28542
28560
28578
28585
28603
28635
28646
28741
29035
29065
29103
29117
29118
29189
29212
29224
29275
29355
29363
29388
29400
29419
29424
29473
29491
29534
29625
29641
29643
29686
29710
29719
29873
29901
29947
29953
29958
29965
30037
30101
30141
30167
30214
30232
30276
30303
30387
30421
30423
30430
30439
30469
30520
30560
30570
30651
30677
30688
30704
30734
30753
30811
30877
30898
30899
30938
30953
30956
30978
30999
31033
31124
31151
31165
31207
31217
31220
31260
31272
31274
31299
31377
31379
31406
31439
31479
31514
31558
31570
31638
31639
31651
31653
31658
31659
31660
31661
31687
31745
31771
31817
31823
31849
31958
31964
32111
32171
32213
32300
32332
32339
32345
32491
32509
32566
32600
32615
32683
32795
32852
32907
32913
32932
32967
33057
33062
33101
33128
33135
33166
33183
33206
33229
33370
33381
33392
33393
33424
33446
33497
33591
33595
33620
33634
33695
33712
33722
33734
33768
33838
33950
33951
33995
34000
34008
34188
34204
34340
34341
34419
34434
34507
34542
34554
34573
34582
34600
34613
34626
34693
34713
34756
34802
34901
34938
34955
34970
34977
34980
35020
35066
35067
35074
35166
35256
35302
35339
35363
35367
35370
35381
35385
35437
35459
35510
35518
35539
35716
35771
35842
35859
35874
35876
35899
35916
35951
35988
35995
36043
36077
36092
36117
36193
36353
36363
36367
36380
36432
36441
36471
36477
36505
36551
36563
36604
36707
36837
36855
36870
36894
36899
36925
36953
36996
37038
37051
37104
37204
37215
37232
37285
37309
37426
37477
37488
37580
37663
37729
37758
37761
37766
37818
37833
37838
37842
37876
37889
37973
38025
38037
38092
38106
38114
38125
38384
38458
38466
38521
38542
38543
38636
38664
38682
38709
38717
38768
38795
38806
38821
38849
38856
38899
38954
39003
39105
39116
39182
39224
39294
39330
39423
39529
39586
39656
39670
39680
39712
39752
39824
39844
39882
39935
39991
-1
