70
103
132
167
256
281
283
322
437
441
493
494
519
558
601
623
638
647
673
692
703
720
753
856
910
919
933
943
1037
1050
1099
1148
1160
1171
1277
1350
1473
1595
1640
1651
1670
1702
1724
1748
1763
1767
1817
1828
1840
1856
1868
1955
2016
2150
2161
2220
2253
2296
2319
2322
2329
2338
2382
2415
2445
2446
2491
2506
2539
2608
2648
2685
2690
2697
2704
2804
2829
2832
2862
2871
2907
2965
2971
2994
3138
3172
3243
3284
3289
3309
3331
3344
3353
3388
3419
3423
3428
3433
3463
3507
3555
3589
3759
3792
3816
3819
3823
3877
3881
3886
3893
3962
3971
3978
3982
3986
4002
4022
4078
4111
4137
4141
4202
4216
4232
4257
4360
4418
4515
4604
4615
4654
4670
4712
4715
4778
4789
4826
4829
4983
5031
5105
5199
5261
5264
5350
5390
5405
5487
5513
5515
5539
5698
5701
5765
5785
5787
5801
5828
5862
5969
6009
6047
6048
6081
6104
6203
6229
6230
6276
6359
6364
6367
6388
6390
6449
6463
6466
6572
6616
6627
6688
6690
6709
6712
6764
6800
6922
6929
7021
7053
7056
7057
7069
7086
7120
7220
7226
7246
7248
7264
7405
7432
7435
7507
7607
7683
7684
7739
7748
7755
7821
8045
8115
8128
8185
8203
8217
8282
8394
8404
8468
8493
8529
8534
8535
8579
8649
8701
8804
8824
8840
8850
8955
8969
9064
9155
9237
9405
9417
9439
9794
9841
9926
9947
10025
10031
10081
10084
10093
10121
10122
10128
10156
10207
10208
10222
10291
10346
10492
10504
10509
10537
10556
10678
10707
10782
10817
10874
11006
11056
11107
11143
11156
11194
11222
11237
11252
11260
11323
11424
11463
11492
11494
11543
11545
11636
11637
11723
11739
11740
11741
11814
11940
11948
11974
12000
12012
12027
12059
12098
12186
12193
12311
12312
12400
12421
12430
12460
12477
12542
12607
12713
12716
12721
12741
12765
12824
12881
12882
12914
12915
12943
12954
13035
13039
13243
13254
13289
13406
13408
13449
13457
13502
13526
13527
13547
13598
13753
13825
13826
13918
13956
13983
13992
14086
14127
14155
14286
14349
14369
14385
14414
14418
14442
14470
14495
14516
14586
14671
14858
14926
14927
14975
15027
15101
15104
15170
15189
15213
15267
15269
15383
15407
15476
15488
15702
15793
15807
15816
15822
15831
15862
15891
15952
16060
16178
16204
16271
16319
16334
16374
16381
16391
16420
16424
16427
16454
16471
16530
16552
16577
16596
16623
16626
16636
16665
16702
16724
16760
16819
16843
16861
16926
16945
16989
17040
17090
17104
17147
17186
17199
17203
17209
17224
17311
17325
17332
17355
17509
17568
17651
17681
17752
17770
17773
17787
17796
17880
17882
17889
17938
17977
17988
18048
18115
18227
18231
18245
18315
18346
18355
18376
18441
18464
18505
18542
18665
18709
18728
18789
18952
19006
19010
19038
19044
19129
19172
19204
19219
19228
19241
19292
19293
19427
19432
19466
19482
19532
19548
19672
19685
19718
19867
19971
20003
20006
20009
20068
20123
20154
20156
20255
20288
20312
20412
20427
20444
20493
20537
20566
20717
20734
20751
20820
20838
20843
20858
20990
20998
21011
21033
21054
21066
21117
21142
21159
21251
21252
21289
21305
21332
21393
21400
21410
21422
21466
21566
21569
21596
21616
21629
21632
21642
21732
21816
21923
21976
22010
22050
22056
22095
22162
22182
22199
22200
22242
22317
22319
22357
22367
22401
22417
22434
22505
22602
22695
22738
22745
22753
22809
22846
22902
22947
22964
23007
23019
23022
23067
23096
23120
23123
23170
23210
23235
23246
23261
23294
23360
23442
23483
23603
23738
23769
23775
23788
23796
23831
23838
23853
23924
23962
24051
24054
24064
24065
24116
24176
24190
24225
24248
24256
24340
24413
24448
24639
24694
24698
24704
24731
24832
24846
24851
24897
24899
24908
24934
24939
24965
24996
25020
25051
25099
25189
25280
25296
25328
25348
25420
25448
25461
25603
25689
25732
25765
25919
25942
25955
25991
25997
26076
26099
26265
26291
26361
26384
26461
26489
26552
26569
26623
26664
26677
26683
26713
26724
26754
26756
26791
26824
26826
26853
26890
26912
26939
26950
26982
27068
27073
27144
27183
27247
27482
27505
27508
27535
27574
27591
27692
27695
27782
27784
27818
27908
27957
27994
28034
28084
28134
28166
28189
28237
28250
28277
28305
28413
28513
28521
28527
28559
28564
28585
28588
28627
28664
28703
28739
28742
28775
28776
28802
28826
28832
28863
28885
28893
28929
28965
29002
29008
29051
29162
29203
29214
29218
29375
29387
29396
29403
29443
29450
29473
29497
29524
29599
29604
29613
29669
29729
29803
29952
29977
29978
30032
30033
30044
30065
30067
30138
30160
30203
30213
30231
30234
30252
30266
30299
30317
30350
30394
30416
30497
30573
30600
30620
30621
30658
30744
30782
30849
30890
30909
30911
31108
31170
31196
31229
31258
31291
31308
31344
31357
31377
31413
31417
31418
31642
31660
31698
31758
31762
31833
31837
31844
31884
31888
31936
31960
32037
32042
32164
32265
32310
32372
32456
32476
32500
32505
32556
32589
32592
32607
32627
32659
32666
32679
32684
32712
32713
32725
32771
32782
32792
32841
32859
32897
32908
33087
33169
33187
33190
33233
33244
33252
33488
33657
33702
33832
33872
33889
33913
33928
33953
33972
33987
34022
34067
34147
34166
34252
34273
34286
34323
34336
34371
34464
34557
34571
34646
34668
34676
34744
34760
34774
34801
34817
34916
35031
35118
35180
35204
35209
35242
35250
35296
35306
35338
35501
35533
35753
35808
35943
35971
36066
36103
36114
36134
36147
36155
36211
36239
36243
36256
36313
36330
36353
36356
36409
36432
36477
36519
36550
36558
36598
36616
36679
36723
36729
36739
36757
36822
36949
36954
36982
36995
37089
37095
37119
37141
37224
37225
37243
37255
37258
37335
37412
37432
37450
37472
37479
37501
37543
37593
37599
37603
37663
37819
37871
37888
37938
37942
37957
37963
38010
38017
38039
38053
38054
38206
38212
38219
38227
38271
38338
38351
38352
38429
38512
38529
38670
38675
38677
38779
38822
38831
38850
38973
38974
38991
39024
39038
39052
39066
39124
39184
39306
39346
39376
39466
39544
39564
39606
39627
39628
39640
39646
39654
39674
39683
39690
39710
39756
39767
39777
39783
39848
39870
39889
39913
39955
-1
