9
22
64
85
124
158
171
239
251
292
307
396
409
417
447
573
577
579
610
641
642
655
667
706
716
736
768
777
829
850
858
897
959
963
984
1005
1111
1128
1155
1198
1209
1212
1224
1233
1286
1300
1378
1380
1401
1442
1473
1554
1559
1581
1597
1615
1629
1633
1654
1709
1733
1815
1861
1865
1883
1898
1914
2002
2040
2079
2098
2135
2139
2147
2167
2318
2330
2346
2363
2383
2386
2457
2511
2556
2560
2613
2638
2682
2707
2719
2732
2744
2887
2899
2937
2975
3000
3171
3172
3181
3183
3260
3265
3314
3420
3439
3450
3473
3476
3516
3524
3525
3641
3796
3869
3899
3925
3949
3977
3992
3996
4036
4068
4070
4108
4120
4142
4169
4235
4244
4252
4279
4337
4388
4413
4416
4512
4547
4604
4663
4781
4786
4841
4878
4930
5129
5157
5159
5183
5189
5208
5240
5446
5450
5465
5673
5700
5746
5783
5964
5983
5992
6024
6049
6072
6090
6106
6158
6184
6215
6290
6356
6375
6415
6500
6525
6542
6549
6560
6574
6705
6751
6790
6852
6911
6927
6957
6996
7024
7052
7060
7147
7170
7356
7365
7497
7596
7607
7649
7698
7709
7794
7840
7848
7859
7913
7930
7956
7990
8072
8199
8227
8237
8287
8312
8443
8546
8595
8751
9017
9026
9050
9055
9067
9114
9121
9212
9256
9506
9531
9561
9650
9693
9706
9737
9755
9772
9830
9880
9905
9961
9994
10005
10009
10026
10027
10083
10085
10100
10129
10208
10283
10304
10453
10462
10476
10485
10511
10513
10516
10518
10531
10554
10576
10617
10664
10685
10749
10848
10866
10881
10931
10934
11009
11090
11106
11275
11277
11309
11313
11321
11342
11350
11352
11408
11473
11486
11537
11678
11721
11759
11802
11836
11860
11887
11895
11996
12032
12034
12206
12235
12269
12307
12323
12325
12326
12336
12368
12437
12441
12446
12456
12473
12576
12602
12605
12643
12684
12692
12715
12872
12896
12981
12998
13021
13071
13092
13115
13187
13229
13245
13274
13309
13329
13430
13488
13530
13534
13554
13575
13747
13754
13777
13790
13821
13908
13918
13929
13930
14113
14181
14242
14248
14249
14319
14337
14349
14352
14382
14469
14530
14546
14811
14872
14915
14930
14946
14958
14962
15006
15009
15031
15065
15077
15079
15184
15196
15198
15209
15233
15255
15346
15363
15390
15459
15514
15553
15562
15565
15708
15778
15781
15803
15828
15834
15835
15860
15881
15909
15949
15974
15975
16024
16027
16042
16063
16092
16093
16095
16164
16194
16223
16247
16371
16421
16427
16513
16679
16692
16701
16732
16780
16830
16964
16998
17079
17087
17127
17140
17176
17187
17195
17209
17216
17234
17242
17251
17305
17381
17396
17405
17414
17443
17476
17490
17497
17590
17629
17635
17643
17701
17741
17764
17799
17910
17931
17952
17983
18015
18076
18185
18212
18220
18249
18257
18288
18292
18309
18393
18400
18419
18436
18440
18444
18540
18609
18679
18693
18776
18780
18850
18896
18950
18995
19086
19089
19126
19161
19213
19227
19255
19262
19290
19374
19409
19428
19482
19502
19609
19624
19678
19684
19740
19790
19794
19856
19922
19965
19983
19997
20025
20047
20050
20060
20174
20342
20343
20357
20463
20464
20466
20482
20502
20637
20740
20842
20869
20930
20985
21036
21227
21323
21341
21432
21433
21485
21506
21537
21625
21630
21676
21822
21826
21876
21924
21960
21971
22015
22022
22116
22187
22228
22313
22326
22349
22417
22418
22459
22482
22579
22584
22611
22625
22647
22667
22668
22763
22783
22861
22923
22927
22967
22983
22991
22993
23085
23107
23214
23324
23347
23421
23432
23436
23470
23472
23507
23538
23543
23663
23667
23692
23693
23694
23712
23775
23793
23838
23864
23897
23898
23937
23948
23962
23995
24017
24026
24100
24126
24142
24143
24150
24221
24260
24437
24511
24667
24680
24768
24817
24828
24836
24923
24937
24953
24960
25060
25070
25090
25122
25164
25187
25260
25320
25343
25535
25540
25547
25553
25567
25692
25701
25706
25725
25729
25772
25796
25804
25871
25895
25903
25922
26069
26096
26106
26117
26139
26271
26297
26394
26419
26439
26450
26454
26709
26715
26729
26754
26786
26798
26819
26873
26881
26963
26971
26975
27070
27074
27083
27087
27101
27123
27187
27205
27226
27236
27265
27311
27317
27373
27377
27467
27487
27559
27674
27737
27756
27825
27850
27879
27890
27895
27985
27990
28000
28001
28053
28114
28180
28234
28259
28305
28347
28393
28459
28566
28624
28625
28630
28831
28845
28898
29013
29052
29095
29100
29157
29195
29210
29375
29416
29440
29500
29512
29531
29605
29613
29622
29625
29665
29680
29690
29753
29881
29908
29942
30006
30035
30129
30142
30176
30274
30382
30464
30483
30613
30622
30631
30644
30825
30833
30839
30975
31050
31055
31162
31175
31355
31440
31475
31504
31593
31712
31831
31833
31898
31915
31948
31961
31975
32056
32058
32218
32229
32252
32336
32366
32374
32410
32449
32504
32590
32607
32679
32700
32702
32740
32745
32820
32877
32954
33042
33057
33091
33130
33137
33180
33215
33224
33244
33281
33314
33409
33467
33488
33562
33564
33576
33578
33581
33640
33654
33686
33703
33742
33753
33829
33835
33836
33846
33937
33981
34007
34051
34103
34110
34133
34157
34226
34229
34245
34298
34315
34329
34333
34376
34429
34434
34448
34498
34616
34662
34675
34687
34708
34843
34876
34886
34892
34903
34928
34942
34958
34964
34999
35005
35090
35115
35122
35136
35193
35197
35229
35230
35276
35312
35322
35326
35349
35350
35402
35405
35484
35486
35534
35567
35626
35627
35747
35764
35783
35896
35907
35911
35919
35940
35960
35996
36003
36073
36098
36141
36153
36193
36252
36286
36400
36409
36467
36504
36584
36699
36759
36854
36912
36915
36926
36949
37045
37053
37075
37108
37171
37200
37224
37228
37308
37354
37422
37439
37569
37585
37586
37641
37655
37713
37795
37893
37929
37938
38023
38024
38074
38222
38247
38275
38293
38357
38366
38434
38441
38448
38457
38475
38483
38609
38671
38672
38728
38746
38779
38805
38813
38877
38892
38903
38949
38950
38987
38995
39074
39086
39090
39156
39178
39205
39212
39251
39312
39354
39367
39402
39410
39434
39445
39483
39533
39561
39587
39629
39747
39749
39776
39784
39813
39844
39915
39931
39988
39997
39999
-1