99
107
122
157
234
256
294
346
371
384
404
538
555
567
675
789
834
846
938
959
1006
1099
1104
1172
1174
1190
1198
1260
1273
1305
1323
1343
1386
1449
1482
1504
1609
1737
1782
1811
1873
1877
1918
1929
2038
2053
2108
2246
2292
2356
2363
2387
2420
2424
2435
2495
2497
2515
2552
2625
2672
2718
2791
2820
2854
2867
2874
2888
2965
3018
3159
3230
3234
3430
3441
3467
3494
3498
3554
3558
3575
3613
3621
3628
3655
3722
3735
3752
3753
3763
3831
3865
3933
3941
4016
4028
4084
4115
4123
4124
4135
4227
4234
4290
4298
4353
4399
4406
4442
4482
4718
4760
4805
4826
4873
4884
4917
4919
4929
4965
5068
5107
5170
5283
5304
5479
5480
5505
5561
5661
5679
5686
5690
5735
5754
5758
5844
5951
5972
5985
6025
6101
6311
6321
6347
6441
6442
6493
6502
6575
6587
6598
6607
6633
6705
6709
6734
6783
6821
6855
6902
6925
6939
6960
6991
7014
7023
7024
7035
7085
7113
7126
7180
7195
7240
7245
7258
7288
7301
7306
7400
7469
7471
7523
7533
7624
7634
7734
7743
7772
7864
7918
7941
7992
8016
8064
8076
8077
8100
8113
8188
8189
8256
8263
8275
8566
8573
8667
8724
8728
8757
8786
8805
8842
8862
8902
8903
8927
8942
8950
8967
8974
9032
9036
9069
9169
9216
9242
9309
9313
9365
9404
9494
9535
9560
9739
9815
9851
9907
9920
9927
10000
10016
10044
10075
10078
10139
10276
10287
10311
10346
10382
10396
10460
10484
10504
10506
10511
10531
10534
10538
10542
10602
10605
10635
10665
10750
10864
10907
10931
11039
11087
11153
11244
11262
11265
11332
11405
11442
11465
11507
11510
11522
11618
11663
11673
11703
11736
11748
11753
11863
11918
11990
12038
12063
12093
12157
12161
12245
12271
12292
12339
12352
12358
12390
12458
12481
12599
12654
12687
12704
12803
12807
12838
12847
12865
12883
12902
12947
12965
12993
13000
13030
13092
13108
13154
13161
13181
13218
13331
13334
13346
13406
13424
13439
13444
13451
13478
13482
13523
13604
13671
13675
13729
13741
13745
13780
13859
13864
13890
13957
14008
14042
14051
14080
14157
14158
14203
14211
14241
14270
14303
14392
14506
14534
14605
14705
14787
14848
14995
15159
15161
15180
15189
15209
15219
15325
15349
15471
15512
15577
15738
15774
15780
15808
15843
15878
15950
15969
15992
16050
16061
16070
16108
16128
16154
16157
16159
16179
16192
16236
16248
16293
16305
16330
16340
16344
16357
16403
16507
16517
16530
16539
16542
16579
16588
16605
16625
16638
16673
16676
16726
16744
16748
16770
16780
16797
16833
16929
16987
16997
17008
17042
17065
17093
17168
17187
17204
17210
17220
17223
17227
17246
17315
17388
17424
17530
17544
17552
17571
17592
17601
17613
17643
17865
17878
17960
17968
17971
17983
17997
18028
18050
18077
18136
18158
18220
18240
18242
18247
18302
18309
18332
18413
18440
18448
18473
18522
18558
18579
18625
18668
18676
18723
18813
18823
18828
18871
18878
18887
18934
19041
19051
19064
19075
19133
19168
19174
19215
19244
19264
19299
19311
19338
19339
19344
19348
19425
19550
19596
19614
19622
19634
19643
19719
19786
19804
19810
19911
19938
20075
20109
20132
20156
20168
20190
20288
20291
20439
20446
20480
20496
20542
20628
20664
20668
20669
20699
20706
20736
20751
20764
20883
20947
20990
20998
21038
21070
21097
21156
21251
21282
21304
21345
21352
21362
21418
21479
21559
21562
21568
21569
21596
21625
21636
21641
21645
21669
21684
21730
21737
21739
21747
21748
21770
21779
21911
21977
21983
22008
22090
22127
22168
22185
22187
22236
22246
22256
22362
22384
22400
22458
22482
22492
22536
22589
22602
22667
22672
22694
22751
22756
22776
22815
22872
22933
22936
23000
23110
23155
23281
23325
23328
23332
23405
23426
23486
23494
23553
23600
23637
23660
23684
23688
23811
23988
23989
24029
24087
24123
24182
24266
24384
24464
24468
24510
24518
24533
24601
24663
24665
24667
24679
24709
24721
24723
24752
24764
24883
24913
25079
25125
25243
25311
25325
25352
25438
25444
25479
25667
25705
25738
25779
25971
26003
26035
26162
26173
26211
26228
26330
26370
26531
26596
26614
26618
26693
26700
26711
26739
26991
27043
27044
27170
27176
27253
27277
27375
27376
27392
27427
27447
27495
27500
27549
27626
27631
27632
27686
27807
27831
27835
27872
27900
27911
27928
27932
27948
27966
28039
28070
28146
28189
28208
28216
28352
28366
28373
28475
28477
28506
28528
28565
28669
28703
28709
28769
28786
28789
28826
28831
28925
28946
29027
29051
29053
29089
29155
29158
29206
29223
29229
29269
29273
29274
29297
29357
29361
29376
29653
29678
29741
29752
29762
29767
29791
29793
29816
29838
29868
29881
29904
29930
29931
29938
29943
29952
30022
30070
30093
30136
30162
30177
30291
30308
30362
30457
30515
30528
30529
30537
30627
30706
30723
30758
30894
30901
30916
30941
30955
31096
31108
31119
31163
31233
31244
31269
31296
31364
31367
31414
31453
31473
31479
31497
31560
31562
31575
31602
31652
31673
31676
31700
31730
31735
31742
31778
31812
31814
31830
31838
31957
31965
31974
32003
32009
32031
32032
32052
32071
32101
32136
32178
32179
32188
32220
32272
32291
32297
32513
32578
32623
32707
32742
32865
32920
32936
32955
32966
32983
33013
33070
33076
33089
33227
33265
33312
33333
33337
33457
33458
33530
33608
33693
33787
33804
33814
33841
33842
33852
33913
33921
33940
33966
34001
34140
34164
34199
34271
34380
34419
34524
34601
34648
34666
34675
34707
34763
34839
34882
34936
35019
35032
35037
35181
35270
35327
35344
35401
35415
35426
35427
35510
35562
35655
35721
35774
35861
35909
35913
35926
35927
35937
36027
36065
36069
36088
36132
36164
36258
36275
36288
36303
36304
36309
36424
36438
36458
36498
36533
36538
36543
36549
36571
36623
36680
36684
36716
36819
36860
36912
36996
37006
37031
37158
37253
37257
37311
37327
37379
37424
37455
37612
37668
37678
37805
38065
38140
38178
38194
38233
38254
38305
38402
38448
38463
38509
38535
38538
38554
38577
38601
38635
38638
38692
38804
38807
38963
39085
39097
39139
39191
39241
39284
39309
39364
39461
39611
39727
39741
39748
39773
39779
39817
39844
39846
39861
39886
39931
39963
-1
