166
218
319
413
447
470
546
551
674
789
817
822
856
873
881
893
932
1014
1019
1101
1123
1152
1330
1401
1667
1846
2001
2013
2051
2143
2188
2228
2234
2244
2254
2301
2335
2370
2373
2415
2494
2511
2535
2551
2597
2707
2748
2810
2830
2836
2870
2885
2911
2920
3034
3063
3106
3135
3162
3206
3225
3231
3290
3385
3429
3433
3610
3623
3654
3716
3731
3763
3817
3859
3870
3910
3932
3973
3979
4007
4061
4108
4122
4171
4175
4201
4207
4243
4251
4252
4273
4358
4367
4388
4419
4442
4492
4535
4548
4563
4581
4601
4836
4856
4877
4935
4947
4991
5020
5220
5236
5307
5358
5434
5462
5467
5494
5535
5668
5672
5675
5680
5687
5703
5721
5785
5955
5960
6027
6031
6107
6170
6196
6337
6399
6405
6523
6638
6643
6663
6669
6686
6751
6859
6880
6918
6928
6934
6939
6963
6974
6997
7002
7041
7046
7062
7162
7163
7226
7272
7364
7408
7461
7471
7474
7480
7567
7599
7627
7674
7747
7787
7821
7834
7919
7947
8025
8034
8078
8106
8153
8188
8211
8263
8277
8343
8346
8450
8477
8534
8539
8547
8584
8589
8597
8598
8602
8629
8666
8679
8819
8889
8901
8906
8913
8950
8979
9015
9093
9104
9129
9154
9155
9159
9181
9189
9195
9200
9254
9262
9263
9286
9313
9323
9338
9339
9358
9401
9411
9433
9478
9538
9558
9572
9651
9713
9795
9847
9931
9946
10015
10105
10147
10232
10249
10251
10272
10376
10402
10415
10451
10455
10471
10496
10516
10519
10524
10548
10549
10588
10623
10741
10782
10814
10927
11005
11011
11049
11065
11113
11155
11171
11231
11237
11250
11273
11417
11460
11496
11541
11656
11687
11695
11715
11742
11757
11760
11904
11940
11989
11994
12057
12087
12093
12126
12151
12156
12169
12182
12335
12350
12448
12453
12498
12509
12566
12582
12618
12650
12684
12686
12708
12756
12760
12789
12793
13001
13041
13045
13066
13101
13167
13250
13342
13395
13410
13425
13438
13458
13465
13478
13512
13559
13583
13584
13643
13701
13917
13939
13952
14144
14176
14178
14212
14244
14268
14271
14365
14372
14388
14435
14441
14499
14501
14564
14624
14663
14706
14787
14832
14877
14916
14927
14959
15015
15071
15072
15098
15189
15259
15310
15326
15380
15396
15451
15496
15555
15578
15716
15820
15848
15877
15888
15896
16113
16177
16208
16214
16437
16552
16601
16629
16668
16676
16711
16728
16786
16823
16939
16947
17116
17126
17144
17189
17191
17213
17274
17308
17338
17367
17385
17449
17484
17522
17527
17620
17673
17827
17842
17946
17956
17984
18029
18059
18115
18160
18210
18248
18256
18266
18273
18320
18345
18372
18409
18430
18468
18479
18496
18551
18580
18584
18634
18674
18694
18748
18789
18790
18853
18881
18921
18974
19008
19024
19052
19096
19200
19222
19287
19298
19648
19696
19718
19724
19746
19761
19764
19830
19893
19945
19951
19989
19991
20131
20161
20174
20258
20260
20299
20312
20366
20388
20416
20516
20519
20548
20549
20579
20597
20630
20713
20777
20786
20794
20906
20909
20944
20945
20963
20991
21000
21011
21089
21123
21130
21137
21216
21225
21236
21262
21349
21359
21360
21364
21405
21416
21471
21540
21554
21608
21625
21680
21703
21731
21824
21923
21953
21967
22015
22029
22055
22102
22103
22206
22262
22337
22354
22400
22406
22418
22439
22489
22498
22583
22622
22643
22671
22672
22676
22695
22769
22789
22797
22893
22937
22956
23025
23027
23071
23174
23201
23231
23245
23299
23303
23327
23364
23531
23560
23575
23622
23655
23680
23777
23787
23850
23866
23899
23917
23957
23980
24054
24196
24205
24220
24223
24284
24287
24304
24354
24471
24493
24578
24640
24792
24828
24832
24840
24845
24924
24928
24968
24980
25106
25132
25167
25257
25296
25304
25341
25380
25387
25409
25481
25486
25495
25596
25597
25630
25730
25787
25810
25852
25858
25865
25873
25890
25894
26009
26033
26091
26099
26160
26182
26217
26223
26269
26294
26331
26351
26498
26501
26509
26635
26642
26701
26737
26753
26784
26808
26859
26891
27018
27026
27027
27103
27112
27113
27131
27163
27212
27292
27302
27326
27375
27464
27473
27474
27543
27554
27564
27676
27693
27841
27912
27937
27977
27994
28001
28014
28044
28045
28059
28117
28146
28158
28169
28226
28245
28295
28312
28351
28352
28353
28357
28358
28374
28472
28487
28506
28580
28650
28662
28739
28769
28777
28790
28834
28842
28858
28899
29003
29009
29060
29072
29160
29194
29195
29197
29263
29276
29362
29379
29426
29470
29569
29607
29610
29611
29663
29686
29696
29706
29721
29723
29742
29756
29759
29833
29913
29979
30086
30101
30131
30156
30170
30191
30208
30248
30256
30276
30290
30303
30332
30333
30358
30373
30485
30503
30574
30575
30586
30603
30605
30643
30644
30684
30700
30706
30805
30941
30989
31088
31125
31130
31131
31213
31229
31283
31312
31342
31373
31433
31440
31547
31576
31590
31609
31640
31644
31684
31686
31701
31704
31713
31715
31774
31880
31903
31933
31954
31962
31966
32016
32037
32063
32094
32154
32180
32216
32262
32307
32404
32427
32432
32484
32488
32499
32507
32513
32514
32543
32646
32648
32684
32708
32721
32722
32773
32783
32795
32797
32895
32907
32987
33017
33038
33114
33136
33164
33171
33245
33249
33253
33258
33272
33354
33386
33388
33398
33408
33509
33531
33597
33662
33742
33809
33853
33881
33899
33914
33924
33978
34066
34106
34123
34139
34170
34200
34207
34252
34397
34438
34603
34621
34703
34725
34755
34759
34807
34829
34892
35001
35090
35152
35163
35206
35224
35277
35286
35337
35445
35594
35597
35699
35707
35710
35722
35740
35786
35800
35840
35883
35930
35947
35974
35982
36032
36077
36116
36168
36195
36268
36377
36396
36419
36547
36583
36587
36588
36614
36742
36822
36824
36827
36910
36919
36971
37043
37117
37241
37274
37372
37388
37429
37453
37488
37532
37548
37561
37602
37634
37797
37805
37825
37828
37934
37954
37958
37963
37996
38046
38060
38071
38074
38106
38137
38158
38166
38179
38186
38261
38265
38332
38449
38500
38522
38528
38633
38637
38676
38816
38846
38882
38897
38954
38976
38977
38993
38999
39008
39043
39098
39137
39218
39233
39306
39307
39353
39396
39525
39599
39612
39614
39692
39756
39835
39903
39954
39967
-1
