48
129
155
201
362
427
446
596
623
633
669
684
687
701
780
812
904
915
947
948
985
1013
1019
1056
1057
1177
1202
1206
1245
1307
1312
1392
1400
1445
1482
1496
1589
1704
1740
1747
1785
1796
1821
1826
1838
1850
1851
1855
1858
1896
1934
2000
2089
2096
2216
2284
2305
2308
2328
2345
2389
2446
2450
2568
2622
2632
2638
2739
2820
2830
2837
2982
2984
3004
3021
3172
3181
3239
3251
3256
3262
3308
3326
3377
3393
3412
3419
3509
3541
3565
3570
3638
3660
3671
3682
3832
3880
3885
3910
3921
3990
4014
4046
4144
4145
4196
4323
4333
4354
4563
4574
4579
4626
4661
4776
4888
4943
4950
4968
5000
5002
5141
5144
5256
5352
5363
5381
5416
5507
5543
5621
5673
5674
5698
5700
5731
6021
6022
6089
6128
6140
6160
6162
6240
6295
6328
6364
6428
6481
6532
6560
6634
6660
6850
6891
6925
6933
6937
6945
6953
6990
7018
7047
7088
7089
7096
7098
7185
7200
7324
7345
7366
7597
7604
7673
7710
7791
7844
7934
8002
8041
8047
8058
8164
8173
8246
8252
8282
8289
8296
8304
8321
8354
8367
8383
8434
8449
8525
8594
8681
8723
8742
8748
8765
8792
8976
8983
8995
9036
9096
9127
9155
9175
9265
9318
9366
9391
9431
9470
9480
9517
9580
9607
9649
9686
9689
9738
9768
9841
9869
9870
9884
9925
9937
9944
9952
10060
10127
10197
10198
10243
10261
10323
10345
10346
10364
10386
10448
10458
10479
10529
10559
10575
10592
10645
10659
10672
10702
10832
10859
10917
10933
10943
10960
10987
11033
11048
11062
11108
11117
11129
11142
11203
11257
11451
11464
11578
11603
11633
11767
11775
11805
11815
11824
11828
11848
11857
11927
12280
12296
12321
12377
12497
12530
12545
12690
12774
12806
12809
12820
12829
12868
12870
12903
13065
13070
13111
13119
13127
13157
13309
13329
13361
13390
13442
13485
13502
13523
13540
13559
13578
13611
13635
13657
13677
13724
13745
13813
13825
14018
14036
14038
14108
14134
14151
14247
14294
14354
14380
14381
14402
14417
14425
14444
14453
14488
14509
14523
14526
14528
14531
14672
14681
14870
14930
15041
15054
15079
15220
15239
15247
15279
15283
15295
15296
15420
15442
15474
15486
15487
15550
15588
15597
15611
15631
15668
15702
15737
15765
15792
15817
15819
15820
15956
15982
16015
16029
16073
16080
16187
16210
16234
16290
16292
16303
16332
16351
16368
16442
16596
16643
16664
16680
16736
16769
16790
16868
16894
16962
17025
17120
17177
17212
17216
17255
17311
17352
17370
17442
17447
17495
17502
17543
17607
17608
17645
17673
17687
17805
17826
17875
17885
17895
17913
17928
17952
17964
18085
18151
18200
18218
18234
18246
18248
18304
18337
18401
18432
18463
18512
18541
18550
18557
18567
18590
18667
18678
18748
18787
18801
18813
18888
18968
19021
19057
19068
19073
19122
19125
19140
19169
19176
19183
19194
19207
19261
19400
19490
19491
19510
19575
19601
19613
19617
19688
19710
19730
19737
19754
19825
19863
19953
19955
20012
20054
20128
20157
20169
20195
20199
20230
20250
20258
20262
20330
20340
20402
20407
20434
20468
20572
20627
20708
20725
20769
20855
20886
20981
21102
21110
21137
21165
21178
21226
21234
21252
21259
21301
21326
21330
21331
21358
21426
21430
21520
21537
21656
21691
21700
21804
21811
21825
22124
22150
22237
22286
22315
22343
22464
22487
22496
22544
22567
22598
22620
22663
22713
22759
22832
22840
22963
23039
23109
23128
23289
23304
23321
23336
23466
23582
23621
23733
23755
23855
23918
23945
24012
24072
24095
24106
24107
24122
24126
24138
24178
24191
24199
24266
24286
24319
24334
24412
24440
24488
24506
24565
24579
24595
24603
24622
24626
24660
24696
24710
24753
24784
24915
24952
24970
25176
25262
25306
25321
25397
25480
25539
25547
25602
25625
25628
25641
25669
25721
25740
25746
25749
25816
25867
25881
25884
25916
25985
26001
26025
26035
26071
26104
26118
26291
26363
26475
26569
26600
26730
26749
26761
26765
26843
26859
26901
26909
26936
26945
26954
26966
27022
27028
27103
27105
27113
27164
27229
27261
27274
27302
27352
27385
27429
27450
27461
27478
27484
27563
27581
27595
27599
27624
27628
27699
27707
27729
27765
27784
27823
27859
27870
27871
27883
27977
28055
28060
28094
28119
28172
28188
28315
28357
28385
28438
28524
28537
28608
28653
28685
28854
28855
28894
28960
28997
29016
29044
29106
29123
29175
29178
29271
29349
29352
29384
29444
29455
29532
29537
29557
29585
29617
29622
29646
29748
29759
29785
29919
29933
29983
29995
30072
30110
30119
30145
30164
30246
30269
30271
30291
30402
30490
30528
30576
30602
30648
30658
30663
30672
30682
30716
30818
30820
30866
30882
30970
31083
31101
31190
31282
31285
31299
31312
31316
31328
31415
31443
31461
31509
31510
31596
31682
31684
31698
31776
31787
31799
31818
31887
31908
31920
31924
31947
31973
32061
32092
32102
32121
32146
32150
32187
32200
32232
32277
32294
32303
32334
32346
32356
32426
32449
32459
32527
32575
32630
32648
32684
32688
32691
32736
32749
32788
32790
32825
32842
32891
32912
32937
32958
33169
33229
33313
33347
33352
33368
33428
33506
33528
33535
33544
33546
33587
33605
33608
33614
33662
33665
33683
33704
33706
33737
33771
33786
33800
33810
33945
33972
33983
33994
34058
34080
34092
34137
34152
34174
34185
34197
34463
34482
34573
34620
34623
34631
34694
34734
34787
34803
34804
34822
34835
34875
34905
34922
34929
34971
35015
35023
35141
35159
35164
35262
35293
35505
35537
35539
35556
35597
35612
35639
35659
35680
35683
35695
35707
35832
35838
35913
35918
35945
36035
36053
36119
36174
36204
36225
36336
36365
36370
36468
36538
36618
36639
36656
36718
36736
36749
36770
36785
36809
36810
36825
36870
36972
36990
36998
37079
37083
37147
37155
37206
37223
37237
37429
37448
37528
37530
37534
37679
37751
37829
37910
37963
38054
38068
38069
38071
38163
38239
38313
38346
38434
38519
38552
38620
38654
38665
38700
38708
38732
38757
38775
38819
38829
38912
38934
38951
38953
38990
39069
39092
39137
39198
39270
39290
39305
39319
39350
39460
39461
39466
39507
39516
39581
39603
39624
39642
39702
39710
39724
39743
39804
39808
39905
39908
39949
39987
-1
