13
32
49
57
133
150
169
209
214
252
257
265
276
297
299
302
336
360
382
388
413
565
567
664
818
865
974
989
1010
1088
1126
1131
1200
1272
1319
1406
1424
1450
1482
1484
1525
1531
1575
1609
1642
1649
1673
1698
1795
1818
1870
1876
1890
1913
1937
1957
1971
2006
2106
2135
2249
2304
2331
2342
2347
2441
2587
2751
2779
2822
2897
2903
3028
3161
3182
3216
3249
3292
3314
3330
3428
3478
3556
3569
3598
3640
3673
3792
3859
3907
3922
3989
4003
4053
4076
4081
4165
4174
4186
4210
4394
4437
4464
4596
4631
4686
4711
4729
4733
4736
4740
4766
4808
4917
4962
5184
5195
5212
5223
5245
5259
5309
5372
5457
5482
5607
5626
5712
5731
5738
5766
5787
5800
5828
5831
5880
5912
5965
5970
6015
6030
6071
6106
6118
6181
6209
6238
6303
6348
6406
6419
6456
6465
6518
6545
6679
6709
6756
6771
6788
6816
6840
6853
6893
6978
7007
7052
7107
7120
7157
7160
7164
7209
7237
7247
7267
7272
7308
7351
7463
7473
7552
7619
7624
7666
7717
7746
7772
7824
7828
7857
7893
7966
7980
8010
8098
8102
8143
8208
8228
8274
8371
8378
8453
8478
8492
8494
8513
8568
8577
8594
8737
8773
8780
8796
8867
8868
8889
8963
8975
8987
9002
9030
9049
9065
9082
9096
9154
9227
9316
9338
9421
9455
9638
9647
9832
9857
9915
9921
9940
9962
9970
10009
10070
10106
10128
10149
10178
10202
10208
10220
10249
10270
10274
10338
10348
10374
10408
10652
10659
10708
10731
10784
10846
10946
10985
10991
10997
11023
11050
11094
11152
11191
11352
11361
11399
11437
11442
11450
11492
11513
11568
11628
11635
11642
11666
11704
11730
11753
11759
11795
11796
11797
11822
11834
11873
11890
11906
11953
11996
12208
12212
12334
12400
12482
12489
12502
12505
12554
12649
12662
12692
12715
12727
12804
12812
12824
12856
12924
12957
12963
12965
12967
13108
13115
13135
13223
13234
13259
13269
13458
13475
13625
13638
13765
13783
13895
13937
13971
14021
14071
14180
14199
14243
14303
14304
14373
14415
14618
14632
14640
14679
14685
14722
14794
14806
14837
14840
14859
14907
14983
15028
15045
15108
15115
15123
15137
15159
15261
15284
15289
15310
15339
15414
15473
15532
15567
15571
15616
15623
15632
15646
15683
15689
15962
15977
16047
16172
16244
16253
16264
16308
16317
16363
16433
16468
16478
16559
16563
16570
16616
16672
16715
16779
16790
16881
16915
16997
17032
17081
17116
17127
17171
17316
17393
17399
17414
17447
17534
17547
17572
17590
17681
17721
17797
17831
17865
17886
17927
17934
17957
17959
17981
18048
18061
18141
18193
18197
18246
18251
18327
18336
18362
18461
18533
18537
18594
18595
18649
18672
18680
18750
18756
18770
18797
18811
18827
18842
18911
18947
18950
18969
19003
19055
19056
19060
19126
19135
19148
19149
19159
19176
19219
19221
19232
19244
19270
19336
19374
19410
19431
19459
19477
19537
19551
19557
19603
19706
19799
19828
19972
19983
20027
20098
20157
20193
20330
20332
20495
20512
20645
20652
20793
20833
20852
20857
20868
20907
20921
21004
21026
21036
21048
21089
21104
21141
21174
21213
21268
21291
21296
21302
21307
21327
21365
21368
21392
21533
21534
21588
21629
21630
21636
21637
21723
21733
21740
21819
21856
21951
21955
22009
22010
22061
22102
22104
22128
22205
22274
22398
22410
22419
22425
22496
22499
22605
22642
22687
22710
22711
22722
22729
22823
22865
22898
22921
22948
22959
22989
23052
23124
23191
23204
23239
23278
23297
23350
23355
23398
23425
23453
23468
23522
23605
23679
23742
23766
23834
23895
23903
23934
23983
23992
24017
24027
24277
24284
24288
24348
24354
24383
24464
24502
24505
24522
24537
24539
24545
24553
24598
24668
24674
24678
24698
24712
24754
24826
24842
24859
24879
25066
25104
25124
25158
25192
25249
25430
25432
25492
25495
25627
25629
25726
25732
25740
25750
25766
25804
25810
25823
25882
25929
25955
25986
26070
26099
26160
26177
26220
26232
26250
26383
26417
26425
26450
26463
26532
26574
26624
26628
26709
26787
26823
26904
27011
27012
27025
27058
27089
27103
27121
27132
27138
27147
27182
27358
27409
27421
27472
27515
27521
27561
27566
27598
27623
27632
27722
27726
27769
27772
27775
27790
27827
27901
27910
27913
27915
27923
28095
28098
28150
28168
28176
28192
28193
28194
28208
28209
28305
28308
28358
28373
28429
28495
28534
28585
28662
28739
28740
28773
28787
28790
28792
28797
28860
28876
28906
29051
29058
29119
29120
29123
29134
29227
29231
29265
29280
29342
29448
29480
29488
29535
29571
29619
29656
29710
29717
29732
29744
29796
29800
29837
29867
29870
30044
30141
30150
30206
30232
30234
30240
30243
30308
30316
30353
30354
30362
30381
30384
30471
30473
30629
30668
30669
30873
31060
31110
31173
31190
31194
31205
31248
31255
31278
31282
31285
31353
31437
31476
31507
31608
31638
31655
31741
31771
31838
31858
31879
31884
32003
32073
32280
32298
32322
32332
32354
32371
32400
32478
32492
32496
32564
32592
32624
32656
32726
32760
32780
32821
32863
32871
32920
32954
33039
33043
33081
33103
33177
33185
33275
33306
33343
33389
33390
33405
33412
33540
33581
33600
33651
33694
33713
33740
33747
33948
33963
34051
34171
34198
34206
34209
34215
34249
34344
34373
34547
34561
34585
34637
34640
34653
34674
34686
34709
34753
34763
34772
34832
34894
34897
34919
35029
35079
35128
35130
35142
35222
35240
35273
35319
35354
35449
35507
35551
35562
35574
35581
35746
35804
35833
35836
35858
35895
35979
35990
36084
36258
36272
36304
36312
36328
36391
36396
36405
36411
36445
36457
36537
36544
36756
36758
36789
36801
36885
36902
36938
36958
36959
37022
37024
37026
37087
37097
37102
37109
37124
37150
37222
37303
37317
37318
37335
37376
37407
37431
37456
37502
37509
37533
37538
37566
37592
37620
37629
37680
37686
37716
37719
37794
37804
37819
37842
37922
38079
38146
38199
38221
38264
38348
38371
38421
38437
38495
38540
38568
38593
38594
38625
38657
38667
38671
38716
38832
38850
38877
38932
38969
38992
39147
39163
39188
39253
39265
39318
39405
39469
39531
39545
39561
39609
39622
39641
39648
39659
39691
39707
39713
39758
39902
39957
-1
