6
79
98
152
185
200
217
293
302
317
409
421
510
527
572
587
643
654
725
728
731
774
799
801
819
845
903
915
930
977
981
1032
1063
1136
1196
1207
1221
1316
1339
1351
1363
1495
1545
1589
1643
1668
1700
1743
1820
1901
1906
1949
1964
2018
2065
2087
2093
2106
2107
2147
2157
2201
2209
2253
2274
2279
2361
2388
2391
2401
2432
2461
2494
2497
2510
2554
2555
2595
2646
2658
2660
2710
2713
2766
2786
2832
2848
3034
3051
3067
3078
3110
3133
3136
3152
3183
3188
3217
3225
3255
3262
3281
3293
3294
3334
3383
3473
3483
3518
3544
3659
3700
3782
3793
3817
3871
3883
3974
3994
4117
4131
4161
4201
4215
4265
4272
4329
4337
4352
4396
4403
4494
4516
4534
4535
4543
4553
4711
4740
4771
4780
4796
4836
4846
4847
4870
4964
5033
5057
5083
5084
5104
5265
5274
5321
5349
5380
5394
5471
5486
5507
5521
5551
5569
5617
5685
5718
5728
5733
5748
5758
5781
5839
5887
6014
6049
6063
6100
6124
6210
6271
6341
6394
6434
6510
6527
6589
6794
6810
6815
6904
6945
7075
7111
7149
7174
7378
7380
7458
7657
7717
7745
7830
7864
7874
7894
7902
7917
7951
7966
8057
8081
8132
8171
8193
8285
8287
8289
8408
8442
8450
8545
8575
8583
8602
8609
8666
8714
8755
8797
8799
8805
8821
8825
8860
8916
8947
9049
9088
9177
9196
9215
9232
9257
9336
9384
9392
9434
9481
9702
9732
9767
9785
9809
9821
9899
9910
9920
9924
9989
9990
10022
10086
10250
10307
10428
10481
10482
10486
10494
10521
10552
10630
10641
10675
10704
10795
10914
10972
10991
10994
11050
11134
11165
11169
11385
11388
11565
11588
11626
11636
11654
11766
11802
11830
11900
12045
12053
12090
12093
12116
12215
12257
12306
12325
12340
12395
12491
12493
12530
12533
12558
12562
12722
12762
12771
12775
12781
12905
12937
13047
13067
13078
13084
13246
13260
13262
13330
13397
13404
13407
13448
13453
13490
13503
13533
13537
13539
13567
13579
13629
13725
13809
13832
13856
13971
14012
14047
14083
14102
14135
14147
14164
14263
14288
14336
14339
14441
14523
14551
14569
14582
14604
14740
14809
14812
14831
14840
14894
14914
14989
14996
15033
15187
15323
15347
15547
15594
15606
15698
15704
15713
15796
15800
15832
15846
15856
15872
15874
15886
15914
15916
15956
15974
15982
16001
16087
16092
16093
16110
16112
16141
16188
16236
16331
16332
16385
16416
16475
16492
16497
16569
16636
16637
16695
16789
16859
16861
16878
16896
16974
16989
17151
17152
17246
17266
17290
17354
17374
17409
17421
17452
17471
17510
17512
17514
17579
17598
17712
17785
17818
17890
17907
18087
18125
18253
18254
18263
18286
18319
18373
18414
18448
18460
18466
18529
18599
18627
18672
18689
18704
18782
18839
18884
18984
18995
19005
19018
19099
19104
19115
19122
19185
19198
19215
19327
19356
19520
19577
19582
19598
19617
19637
19645
19684
19745
19779
19784
19812
19925
19966
19985
20030
20036
20041
20060
20149
20268
20315
20320
20324
20365
20389
20456
20471
20479
20484
20529
20539
20635
20640
20654
20683
20713
20744
20745
20869
20882
20893
20900
20934
20941
20969
21113
21169
21227
21252
21275
21311
21443
21589
21595
21738
21757
21779
21804
21939
22028
22092
22098
22104
22208
22261
22324
22342
22409
22456
22478
22501
22584
22595
22626
22637
22665
22751
22810
22859
22924
22945
23020
23033
23043
23115
23153
23163
23220
23244
23248
23262
23270
23288
23309
23310
23427
23511
23514
23559
23563
23589
23645
23697
23793
23798
23865
23918
24058
24072
24081
24105
24221
24233
24295
24304
24322
24341
24420
24445
24450
24477
24493
24554
24572
24631
24637
24742
24753
24760
24821
24862
24922
24926
24939
24945
24973
25036
25038
25155
25169
25201
25362
25404
25529
25541
25555
25572
25586
25614
25623
25646
25747
25780
25798
25998
26044
26046
26084
26121
26139
26145
26170
26171
26188
26240
26253
26287
26383
26404
26479
26505
26511
26550
26575
26603
26628
26673
26693
26741
26750
26806
26811
26858
26891
26985
26990
27075
27077
27112
27128
27180
27195
27212
27226
27241
27259
27351
27571
27583
27729
27746
27801
27953
28020
28060
28087
28208
28209
28212
28217
28349
28353
28397
28440
28529
28566
28633
28723
28743
28803
28826
28869
28887
28925
28941
28942
28984
29000
29012
29051
29067
29134
29148
29176
29207
29217
29233
29265
29304
29316
29328
29338
29339
29386
29400
29438
29516
29534
29589
29591
29594
29616
29742
29787
29888
29912
29942
29963
30015
30057
30154
30248
30276
30306
30396
30436
30491
30556
30569
30587
30591
30649
30738
30829
30850
30871
30873
30888
30938
30983
31046
31074
31099
31178
31179
31266
31269
31387
31481
31498
31536
31554
31556
31602
31609
31646
31696
31707
31732
31748
31772
31795
31909
31971
31993
32014
32048
32053
32058
32059
32066
32118
32150
32198
32287
32299
32347
32385
32441
32452
32502
32516
32588
32611
32631
32647
32725
32776
32786
32789
32800
32842
32849
32936
32974
32979
33015
33022
33058
33146
33149
33154
33174
33237
33322
33364
33372
33373
33468
33543
33548
33561
33602
33628
33676
33695
33746
33784
33819
33892
33893
33911
33922
34006
34152
34208
34220
34256
34305
34330
34345
34379
34466
34479
34497
34511
34551
34570
34598
34609
34650
34679
34727
34813
34837
34844
34849
34918
34950
34982
35011
35028
35029
35043
35087
35091
35147
35175
35188
35205
35217
35228
35303
35377
35389
35390
35396
35407
35517
35553
35572
35576
35582
35634
35640
35657
35670
35691
35725
35760
35831
35836
35942
35954
35975
36048
36060
36077
36089
36104
36118
36137
36273
36280
36296
36305
36327
36338
36383
36427
36476
36479
36539
36557
36791
36913
37004
37007
37088
37171
37200
37256
37280
37391
37403
37408
37412
37473
37539
37549
37572
37581
37646
37693
37703
37795
37912
37960
37996
38052
38060
38121
38147
38152
38177
38211
38222
38275
38338
38367
38391
38414
38451
38491
38506
38515
38530
38533
38545
38546
38623
38632
38635
38683
38836
38864
38872
38875
38948
39032
39037
39044
39091
39146
39210
39222
39237
39324
39336
39452
39478
39512
39626
39643
39724
39726
39842
39882
39887
39940
39949
39957
-1
