60
91
131
182
244
266
291
356
380
381
419
437
539
545
548
559
618
645
672
674
703
716
741
776
839
891
956
1030
1043
1052
1093
1210
1211
1245
1300
1344
1365
1384
1409
1412
1549
1564
1569
1617
1636
1637
1676
1710
1743
1763
1805
1815
1832
2002
2056
2068
2120
2130
2181
2210
2219
2249
2264
2293
2335
2363
2435
2476
2510
2586
2607
2623
2639
2643
2720
2773
2816
2883
2898
2967
2979
3026
3028
3037
3103
3118
3154
3264
3284
3310
3332
3362
3396
3450
3480
3520
3533
3612
3621
3661
3708
3752
3780
3791
3813
3931
3975
3983
4013
4043
4140
4219
4267
4408
4424
4528
4545
4573
4603
4608
4655
4692
4703
4756
4792
4823
4827
4848
4863
4911
4936
4976
5016
5062
5074
5148
5180
5192
5217
5234
5239
5252
5281
5282
5285
5290
5303
5324
5378
5396
5399
5403
5544
5668
5718
5735
5751
5783
5789
5816
5822
5999
6024
6032
6034
6048
6177
6261
6272
6375
6384
6437
6458
6482
6549
6592
6593
6611
6618
6651
6658
6663
6689
6726
6732
6733
6744
6898
6908
6976
6998
7082
7083
7087
7092
7095
7126
7152
7234
7243
7299
7310
7329
7332
7371
7440
7458
7460
7504
7537
7576
7634
7660
7661
7671
7694
7724
7734
7773
7795
7969
7975
8014
8064
8066
8128
8184
8242
8297
8328
8383
8395
8436
8469
8488
8506
8517
8560
8611
8617
8636
8680
8694
8697
8723
8783
8837
8894
8896
8952
8983
9000
9122
9164
9181
9199
9279
9331
9339
9351
9394
9400
9412
9427
9446
9503
9665
9762
9771
9806
9895
10109
10219
10238
10240
10261
10301
10320
10370
10387
10449
10452
10456
10464
10491
10498
10519
10579
10591
10643
10645
10712
10713
10790
10842
10844
10971
11044
11123
11141
11153
11237
11265
11303
11310
11343
11379
11426
11432
11500
11567
11581
11593
11658
11702
11708
11732
11748
11769
11787
11832
11852
11921
12037
12111
12127
12128
12173
12174
12292
12306
12355
12356
12408
12430
12438
12469
12503
12578
12609
12799
12852
12930
12961
13096
13121
13128
13188
13260
13273
13341
13384
13393
13451
13483
13582
13625
13634
13657
13672
13678
13718
13748
13778
13787
13815
13852
13874
13901
13943
13980
14048
14153
14164
14167
14272
14471
14485
14499
14513
14514
14533
14554
14680
14683
14755
14780
14850
14883
14918
14994
15006
15041
15102
15129
15137
15166
15205
15213
15268
15287
15317
15345
15389
15394
15450
15452
15468
15473
15483
15514
15524
15538
15543
15556
15595
15603
15622
15692
15771
15812
15830
15865
15968
15969
15971
15975
15978
16063
16136
16162
16258
16282
16339
16391
16432
16622
16629
16637
16722
16747
16838
16854
16856
16863
16882
16924
16959
16969
16997
17035
17094
17204
17306
17404
17465
17533
17603
17664
17738
17757
17781
17855
17864
17874
17896
17952
17984
18017
18044
18054
18104
18122
18139
18244
18309
18419
18458
18460
18550
18600
18607
18728
18793
18829
18883
18918
18941
18984
18988
19017
19063
19117
19215
19220
19271
19288
19357
19405
19438
19484
19528
19557
19639
19656
19667
19693
19780
19796
19835
19837
19841
19900
19902
19903
19933
19943
19945
20052
20071
20084
20099
20120
20133
20164
20207
20232
20268
20343
20388
20528
20563
20638
20675
20746
20761
20795
20825
20831
20868
20878
20890
20894
20910
20924
20945
20968
21018
21072
21278
21286
21287
21304
21359
21406
21413
21420
21433
21437
21527
21533
21536
21550
21570
21603
21668
21690
21770
21820
21829
21848
22047
22064
22123
22162
22174
22188
22195
22205
22228
22249
22290
22342
22395
22403
22419
22420
22455
22530
22543
22554
22599
22617
22740
22769
22889
23080
23089
23304
23307
23311
23350
23372
23380
23465
23510
23542
23566
23592
23610
23618
23623
23627
23819
23858
23874
23971
24043
24064
24081
24093
24101
24104
24132
24207
24218
24326
24343
24406
24456
24462
24469
24553
24598
24637
24647
24671
24679
24681
24700
24722
24757
24773
24820
24843
24851
24914
24949
25123
25160
25180
25198
25222
25223
25290
25405
25444
25477
25602
25620
25648
25846
25909
25935
25956
25987
26051
26061
26114
26120
26138
26157
26321
26574
26594
26664
26688
26689
26771
26800
26802
26822
26859
26866
26958
26969
26986
27105
27128
27232
27271
27285
27291
27310
27312
27329
27348
27401
27410
27426
27427
27448
27462
27466
27478
27500
27559
27563
27580
27598
27641
27738
27739
27761
27768
27793
27848
27976
27979
28029
28181
28240
28299
28310
28333
28374
28388
28461
28581
28600
28646
28669
28704
28713
28816
28829
28846
28861
29025
29167
29239
29323
29324
29334
29393
29404
29470
29557
29626
29637
29647
29734
29796
29798
29804
29846
29876
29915
30021
30049
30132
30185
30205
30224
30228
30242
30346
30357
30470
30485
30497
30500
30516
30567
30690
30711
30875
30903
30905
30938
30943
30953
31099
31110
31117
31240
31247
31330
31351
31366
31456
31496
31517
31602
31672
31809
31871
31948
31949
31999
32020
32053
32060
32120
32145
32175
32178
32250
32261
32282
32305
32381
32429
32509
32536
32547
32576
32624
32641
32658
32670
32823
32879
32989
32991
33043
33092
33107
33328
33354
33357
33359
33398
33432
33505
33531
33578
33665
33802
33873
33882
33910
33922
34023
34079
34105
34193
34197
34200
34204
34205
34220
34237
34254
34271
34295
34302
34456
34487
34503
34515
34530
34663
34673
34705
34723
34728
34804
34841
34851
34857
34866
34959
34998
34999
35015
35024
35136
35171
35188
35210
35227
35271
35300
35318
35332
35344
35406
35409
35425
35426
35505
35508
35555
35566
35601
35691
35711
35788
35829
35863
35903
35941
35946
35957
36040
36211
36265
36407
36436
36494
36504
36582
36595
36643
36687
36766
36808
36831
36852
36883
36896
36943
36963
37035
37088
37107
37134
37194
37255
37270
37291
37315
37368
37377
37396
37458
37487
37506
37526
37532
37617
37701
37771
37830
37853
37909
37922
37958
37962
38004
38019
38090
38102
38132
38156
38209
38294
38327
38342
38355
38422
38500
38528
38571
38604
38647
38672
38721
38833
38952
38973
39043
39045
39060
39094
39115
39129
39140
39150
39166
39200
39223
39282
39305
39397
39412
39435
39495
39507
39577
39585
39607
39788
39796
39803
39892
39895
39912
39979
-1
