4
58
117
155
164
182
274
353
378
423
442
458
468
479
486
496
600
611
635
638
713
726
750
887
1017
1018
1078
1119
1134
1193
1298
1400
1426
1445
1453
1469
1514
1582
1618
1690
1735
1739
1765
1771
1834
1905
1963
1972
2033
2047
2053
2054
2074
2190
2217
2223
2280
2296
2322
2368
2374
2392
2401
2443
2488
2497
2508
2559
2563
2575
2594
2638
2677
2711
2742
2777
2780
2812
2834
2837
2900
2986
2992
3020
3045
3106
3108
3211
3216
3222
3278
3285
3290
3323
3340
3343
3400
3550
3574
3597
3645
3686
3702
3758
3925
3938
3966
4003
4170
4187
4261
4293
4388
4391
4470
4474
4480
4552
4553
4590
4632
4648
4659
4735
4765
4803
5015
5114
5148
5159
5163
5205
5243
5278
5312
5396
5411
5591
5601
5613
5683
5685
5729
5748
5787
5805
5839
5856
5878
5907
5956
6055
6060
6084
6121
6141
6157
6169
6185
6207
6219
6276
6435
6483
6551
6574
6606
6612
6642
6663
6664
6720
6737
6766
6779
6833
6849
6875
6922
6924
7106
7147
7200
7229
7332
7375
7417
7459
7469
7489
7561
7602
7630
7657
7663
7703
7731
7737
7740
7823
7831
7834
7843
7845
7885
7900
7914
7956
8026
8105
8111
8115
8200
8214
8252
8270
8275
8286
8289
8360
8373
8380
8395
8411
8469
8471
8483
8488
8549
8586
8619
8683
8691
8697
8700
8709
8730
8737
8814
8816
8818
8848
8888
8890
8903
8953
9017
9032
9047
9053
9055
9184
9197
9333
9377
9428
9440
9443
9467
9476
9552
9581
9590
9617
9631
9653
9657
9770
9820
9882
9893
9935
9974
10044
10047
10059
10075
10086
10144
10178
10187
10269
10317
10353
10421
10459
10489
10511
10524
10577
10595
10615
10683
10691
10707
10785
10856
10880
10911
10913
10942
10997
11059
11083
11209
11259
11272
11308
11361
11363
11414
11425
11434
11532
11539
11609
11744
11992
12019
12062
12093
12180
12194
12249
12263
12291
12450
12467
12553
12577
12588
12607
12636
12692
12707
12723
12756
12822
12984
13053
13066
13124
13138
13165
13214
13237
13258
13339
13364
13370
13464
13536
13612
13622
13647
13752
13835
13842
13872
13923
13951
13954
13961
14076
14231
14242
14252
14273
14278
14285
14307
14338
14345
14459
14467
14470
14486
14488
14594
14614
14615
14633
14667
14686
14807
14808
14827
14841
14870
14979
15005
15036
15052
15064
15138
15148
15159
15416
15486
15525
15568
15573
15638
15643
15866
15883
15897
15928
15971
15982
16062
16120
16180
16183
16193
16196
16241
16315
16317
16407
16437
16441
16518
16519
16533
16554
16566
16631
16636
16644
16657
16676
16800
16887
16889
16947
16990
17010
17092
17205
17236
17261
17311
17338
17355
17468
17525
17589
17604
17652
17676
17683
17759
17762
17803
17815
17826
17849
17851
17858
17972
17991
18009
18018
18050
18089
18135
18234
18304
18358
18360
18430
18535
18617
18677
18688
18714
18728
18756
18758
18793
18814
18891
18947
18967
18973
19050
19161
19171
19192
19258
19333
19338
19404
19440
19479
19505
19583
19730
19746
19770
19810
19815
19823
19825
19833
19865
19887
20117
20166
20182
20198
20202
20315
20337
20347
20358
20388
20478
20665
20714
20729
20730
20742
20759
20778
20828
20832
20846
20851
20858
20864
20887
20905
20912
20913
20951
20956
20970
20993
21003
21044
21146
21208
21232
21255
21268
21275
21282
21326
21401
21440
21557
21611
21629
21639
21643
21649
21670
21700
21709
21772
21779
21842
21881
22040
22216
22226
22249
22311
22395
22432
22443
22452
22458
22502
22503
22567
22592
22605
22702
22826
22868
22889
22907
22918
22950
23124
23206
23249
23255
23314
23316
23365
23375
23459
23496
23514
23582
23587
23604
23631
23703
23733
23735
23843
23853
23911
23927
23931
24003
24026
24060
24090
24198
24244
24257
24322
24421
24476
24501
24519
24543
24637
24642
24648
24705
24731
24767
24820
24899
24913
24958
25001
25009
25101
25168
25171
25179
25202
25205
25299
25302
25313
25345
25367
25411
25447
25487
25496
25507
25525
25567
25601
25859
25895
25913
25950
25954
25969
26064
26154
26216
26221
26227
26315
26363
26364
26379
26464
26546
26656
26771
26820
26828
26861
26932
26961
26983
26990
27037
27046
27056
27100
27119
27127
27132
27234
27275
27371
27391
27392
27460
27526
27536
27679
27691
27738
27739
27758
27798
27826
27827
27900
27907
27966
27995
28044
28048
28080
28088
28131
28173
28205
28275
28301
28309
28482
28497
28525
28541
28562
28581
28600
28622
28658
28706
28811
28841
28914
28932
28993
29027
29050
29124
29248
29258
29273
29276
29285
29304
29371
29374
29381
29389
29409
29419
29426
29439
29478
29631
29635
29688
29698
29699
29719
29738
29810
29866
29936
29970
30016
30049
30085
30152
30190
30205
30215
30219
30228
30257
30326
30345
30395
30417
30428
30490
30591
30599
30676
30797
30843
30883
30945
31003
31005
31020
31047
31050
31062
31077
31084
31138
31169
31240
31251
31257
31362
31430
31431
31507
31517
31535
31637
31645
31658
31726
31740
31766
31787
31791
31839
31851
31880
31883
31893
31943
32012
32013
32055
32082
32091
32107
32110
32115
32175
32255
32286
32371
32395
32408
32445
32446
32456
32481
32485
32553
32560
32815
32845
32864
32887
32946
32965
33046
33064
33074
33077
33165
33198
33203
33214
33230
33281
33365
33378
33394
33495
33528
33583
33609
33610
33682
33754
33760
33771
33903
33929
33965
33973
34003
34020
34109
34221
34288
34477
34504
34583
34588
34686
34773
34861
34883
34942
34961
34981
34982
35058
35093
35097
35120
35125
35168
35292
35332
35338
35408
35454
35636
35637
35678
35745
35765
35784
35800
35822
35830
35898
35983
35992
35999
36038
36062
36284
36327
36338
36388
36481
36516
36524
36543
36606
36615
36728
36745
36756
36760
36783
36789
36813
36838
36839
36874
37101
37122
37232
37300
37431
37440
37492
37496
37539
37565
37671
37700
37720
37733
37776
37783
37819
37838
37848
37907
38016
38018
38031
38058
38114
38120
38149
38173
38192
38202
38253
38301
38352
38384
38416
38423
38508
38530
38581
38663
38684
38795
38894
38900
38977
39034
39084
39103
39209
39234
39257
39262
39290
39297
39313
39336
39376
39394
39485
39571
39621
39651
39717
39725
39948
39954
39955
-1
