61
72
86
164
192
228
308
321
338
351
357
396
409
466
479
497
513
534
689
708
771
778
838
866
874
893
912
1016
1048
1067
1254
1303
1324
1341
1381
1401
1405
1485
1531
1677
1700
1725
1747
1797
1881
1918
1929
1990
2054
2073
2081
2090
2117
2177
2182
2289
2293
2420
2421
2452
2463
2476
2480
2503
2504
2507
2517
2638
2642
2652
2698
2699
2700
2715
2719
2735
2737
2763
2820
2887
2903
2984
3045
3057
3064
3068
3151
3169
3200
3209
3214
3259
3330
3416
3426
3500
3563
3575
3629
3683
3705
3715
3747
3804
3808
3857
3884
3929
3965
4053
4058
4094
4223
4286
4321
4346
4411
4415
4479
4513
4586
4597
4627
4694
4699
4772
4824
4827
4830
4899
4928
4945
4971
4978
5082
5092
5117
5122
5147
5331
5352
5406
5423
5443
5515
5567
5588
5613
5618
5771
5783
5841
5905
5909
5943
5953
5979
6120
6138
6206
6243
6244
6331
6353
6360
6482
6518
6519
6525
6561
6593
6646
6670
6755
6756
6773
6831
6840
6847
6881
6957
6965
7009
7086
7126
7211
7218
7243
7291
7327
7394
7487
7489
7641
7721
7747
7765
7804
7865
7883
7908
7915
8003
8058
8070
8098
8101
8158
8175
8179
8273
8293
8398
8405
8424
8531
8555
8583
8585
8594
8625
8656
8729
8766
8815
8838
8965
9013
9021
9030
9038
9068
9119
9146
9273
9318
9338
9371
9410
9475
9482
9502
9540
9551
9579
9585
9654
9661
9694
9725
9760
9812
9845
9917
9985
10101
10163
10201
10241
10306
10314
10317
10339
10354
10434
10478
10543
10587
10629
10630
10679
10729
10748
10789
10831
10834
10845
10852
10886
10908
10930
10941
10964
11015
11081
11142
11225
11245
11271
11288
11314
11316
11351
11363
11373
11374
11378
11502
11586
11616
11633
11660
11695
11877
11997
12014
12040
12111
12163
12204
12297
12336
12357
12445
12461
12475
12492
12540
12546
12604
12630
12640
12696
12697
12699
12791
12795
12806
12919
12939
12980
13030
13092
13098
13158
13188
13199
13294
13365
13469
13475
13541
13560
13582
13594
13641
13728
13751
13864
14002
14028
14046
14091
14100
14151
14179
14368
14430
14502
14510
14513
14594
14616
14626
14636
14662
14699
14712
14722
14756
14805
14808
14833
14883
14886
14912
14924
14999
15016
15070
15080
15097
15226
15241
15243
15255
15263
15315
15316
15319
15449
15487
15532
15547
15597
15630
15646
15703
15718
15760
15761
15771
15795
15798
15809
15961
15971
16004
16059
16088
16097
16137
16240
16256
16273
16348
16400
16411
16424
16443
16451
16453
16456
16462
16471
16634
16645
16667
16690
16701
16703
16715
16730
16765
16837
16851
16969
17025
17049
17214
17221
17300
17306
17307
17356
17374
17396
17438
17502
17543
17560
17673
17674
17817
17830
17840
17871
18016
18019
18027
18061
18171
18274
18303
18315
18347
18416
18438
18448
18459
18492
18561
18569
18655
18686
18714
18790
18853
18861
18867
18903
18906
18937
18983
19004
19058
19112
19153
19227
19255
19264
19294
19438
19448
19466
19530
19534
19570
19604
19644
19652
19734
19749
19779
19824
19849
19866
19867
19948
19985
20011
20027
20034
20158
20177
20180
20261
20270
20307
20411
20425
20529
20543
20602
20650
20657
20660
20680
20686
20708
20712
20736
20859
20938
20945
21010
21055
21117
21180
21235
21321
21355
21394
21397
21463
21475
21528
21529
21592
21599
21628
21655
21677
21728
21837
21908
21920
21921
21950
21987
22003
22098
22102
22156
22251
22266
22272
22289
22310
22405
22522
22530
22552
22622
22679
22740
22828
22990
23066
23088
23104
23105
23232
23251
23305
23355
23458
23465
23582
23619
23635
23691
23693
23725
23765
23806
23808
23821
23839
23856
23898
23987
24043
24081
24180
24240
24247
24257
24268
24349
24398
24525
24613
24616
24698
24800
24802
24811
24812
24858
24881
24882
24888
25053
25124
25131
25234
25294
25295
25311
25324
25343
25489
25542
25621
25663
25713
25717
25793
25802
25804
25812
25818
25847
25882
25929
25961
25971
26018
26084
26088
26229
26265
26308
26405
26520
26535
26602
26710
26728
26778
26825
26879
26893
26904
26936
26954
26992
27007
27025
27076
27086
27112
27169
27213
27233
27316
27318
27327
27364
27389
27398
27479
27568
27605
27688
27866
27890
27920
27968
27990
28015
28044
28071
28077
28104
28111
28123
28129
28198
28228
28230
28235
28256
28325
28347
28399
28414
28427
28437
28506
28515
28540
28571
28659
28740
28853
28876
28934
29109
29185
29246
29333
29433
29473
29491
29661
29718
29817
29822
29843
29948
29959
29986
30008
30028
30058
30142
30184
30200
30270
30283
30288
30359
30367
30475
30486
30502
30545
30575
30850
30857
30922
31082
31110
31112
31122
31131
31184
31186
31271
31291
31318
31340
31356
31409
31448
31464
31476
31522
31526
31543
31574
31599
31602
31627
31630
31668
31803
31806
31885
31923
31924
31925
31935
31945
31949
31951
31986
32030
32077
32148
32198
32212
32222
32420
32443
32448
32503
32552
32564
32619
32640
32737
32740
32762
32807
32819
32846
32857
32860
32909
32968
33018
33019
33063
33066
33094
33140
33164
33190
33250
33332
33336
33349
33387
33471
33473
33562
33584
33612
33625
33771
33794
33853
33868
33876
33878
33887
33903
33909
34034
34072
34077
34095
34112
34118
34197
34240
34242
34316
34364
34480
34510
34514
34528
34567
34571
34619
34648
34669
34732
34764
34765
34770
34801
34807
34825
34848
34884
34991
35006
35044
35054
35150
35307
35377
35389
35417
35438
35450
35488
35586
35629
35683
35740
35851
35934
35957
35977
36028
36179
36193
36224
36294
36311
36319
36396
36402
36477
36523
36528
36571
36589
36600
36603
36642
36655
36677
36772
36866
36907
36933
36957
36994
37006
37007
37048
37068
37078
37177
37335
37336
37375
37398
37418
37444
37484
37496
37501
37547
37586
37593
37618
37649
37652
37686
37703
37741
37854
37855
37941
38062
38085
38096
38325
38330
38342
38352
38354
38361
38379
38403
38410
38458
38479
38499
38512
38523
38538
38676
38683
38688
38697
38698
38709
38722
38727
38797
38872
38890
38892
38915
39004
39027
39043
39058
39095
39101
39125
39154
39166
39176
39178
39193
39197
39202
39222
39272
39329
39354
39442
39457
39531
39532
39657
39683
39710
39816
39888
-1
