28
260
304
400
443
453
534
599
628
641
646
689
801
838
880
882
933
937
985
988
989
1055
1058
1088
1140
1178
1256
1314
1356
1357
1390
1427
1439
1459
1513
1706
1708
1836
1848
1929
2054
2119
2143
2159
2197
2330
2340
2389
2420
2467
2478
2563
2606
2634
2659
2705
2723
2726
2771
2798
2819
2831
2837
2875
2932
2960
3036
3078
3141
3148
3149
3154
3214
3274
3275
3292
3318
3364
3389
3398
3404
3417
3441
3482
3504
3507
3529
3612
3700
3741
3742
3793
3796
3916
3940
3948
3970
3975
3986
3988
4015
4023
4025
4113
4130
4137
4161
4223
4252
4311
4323
4361
4397
4399
4413
4471
4557
4576
4643
4658
4831
4834
4933
4934
4941
4946
5046
5089
5101
5106
5278
5292
5339
5413
5438
5553
5632
5760
5762
5880
5902
5968
6034
6048
6060
6061
6064
6111
6171
6277
6309
6358
6398
6416
6437
6465
6507
6521
6523
6535
6542
6549
6616
6684
6712
6716
6781
6793
6848
6853
6864
6876
6877
7008
7024
7038
7077
7113
7147
7148
7170
7301
7322
7329
7367
7385
7439
7482
7562
7591
7648
7652
7686
7700
7766
7823
7847
7849
7857
7861
7864
7869
7913
8004
8061
8070
8088
8104
8110
8125
8229
8302
8309
8353
8478
8484
8486
8489
8528
8553
8616
8653
8674
8675
8677
8740
8798
8800
8845
8851
8860
8892
8907
8957
8980
8998
9021
9072
9087
9119
9211
9228
9332
9349
9398
9480
9484
9549
9662
9702
9811
9833
9834
9877
9895
9898
9915
10157
10209
10217
10223
10246
10263
10282
10300
10362
10433
10470
10529
10559
10593
10600
10634
10748
10758
10812
10818
10866
10907
10915
11030
11069
11071
11076
11155
11233
11237
11248
11278
11307
11317
11386
11539
11590
11591
11599
11612
11624
11626
11652
11736
11757
11763
11842
11956
12103
12161
12190
12192
12210
12245
12259
12275
12286
12297
12366
12424
12442
12527
12532
12543
12564
12594
12631
12663
12693
12754
12800
12842
12964
13007
13016
13092
13124
13147
13224
13271
13280
13352
13494
13526
13577
13618
13632
13707
13721
13723
13803
13939
13977
14017
14039
14086
14134
14140
14309
14336
14410
14581
14617
14625
14642
14654
14692
14741
14749
14751
14830
14840
14847
14859
14887
14913
14926
14939
14962
14976
14992
15073
15100
15162
15273
15287
15423
15469
15524
15546
15563
15662
15698
15787
15884
15914
15986
16066
16129
16139
16154
16165
16226
16255
16323
16338
16345
16347
16398
16462
16475
16534
16608
16616
16664
16690
16700
16708
16713
16774
16811
16869
16895
16931
16961
16984
17051
17100
17190
17214
17351
17359
17404
17423
17437
17438
17471
17550
17601
17610
17619
17678
17702
17703
17789
17820
17868
17935
17938
17953
17960
17992
18048
18086
18150
18203
18249
18325
18343
18374
18399
18414
18420
18466
18690
18714
18766
18843
18848
18860
18911
18968
19004
19006
19013
19061
19066
19090
19093
19113
19129
19192
19214
19223
19265
19267
19322
19581
19622
19623
19654
19658
19684
19708
19739
19751
19754
19762
19888
20003
20023
20113
20140
20152
20205
20213
20222
20327
20382
20390
20435
20548
20550
20552
20593
20678
20724
20770
20797
20804
20838
20886
20954
20975
20979
21081
21121
21288
21328
21471
21473
21501
21600
21647
21675
21810
21848
21874
21886
21974
21987
22084
22142
22148
22166
22167
22189
22227
22262
22264
22290
22295
22418
22519
22535
22543
22560
22711
22748
22750
22831
22837
22882
22931
23009
23025
23047
23110
23148
23156
23182
23183
23358
23360
23410
23422
23672
23675
23683
23696
23707
23710
23733
23753
23755
23779
23788
23798
23820
23934
23998
24052
24080
24092
24127
24193
24238
24279
24314
24319
24359
24411
24460
24500
24578
24688
24757
24828
24846
24857
24868
24873
24954
24976
24993
25004
25012
25077
25090
25115
25161
25188
25194
25324
25404
25425
25442
25491
25519
25539
25563
25600
25621
25635
25638
25659
25705
25789
25813
25833
25848
25926
25943
25950
25966
25994
26091
26156
26174
26313
26327
26341
26346
26370
26393
26459
26503
26593
26669
26708
26711
26716
26735
26880
26919
27003
27053
27213
27237
27257
27293
27322
27377
27405
27473
27495
27526
27599
27633
27686
27694
27758
27806
27853
27887
27895
27897
27947
27971
27990
28032
28041
28046
28069
28074
28076
28097
28154
28158
28180
28190
28295
28315
28337
28396
28423
28429
28526
28616
28672
28683
28693
28701
28788
28797
28802
28809
28866
28878
28920
29117
29239
29258
29269
29275
29288
29322
29343
29370
29406
29440
29472
29588
29601
29619
29658
29667
29708
29724
29743
29834
29866
29872
29910
29921
29932
30052
30088
30116
30135
30139
30161
30218
30262
30267
30284
30290
30296
30319
30348
30410
30513
30564
30592
30677
30680
30708
30725
30790
30842
30940
31120
31242
31243
31293
31333
31346
31407
31424
31443
31450
31574
31620
31643
31699
31809
31826
31829
31902
31907
31918
31919
31932
32036
32042
32071
32093
32100
32133
32180
32210
32233
32242
32268
32399
32421
32442
32450
32461
32479
32490
32497
32510
32514
32517
32581
32595
32684
32700
32704
32706
32786
32814
32905
33003
33073
33085
33094
33150
33155
33194
33200
33258
33287
33322
33329
33369
33376
33384
33400
33656
33658
33762
33841
33918
34011
34022
34084
34168
34247
34284
34291
34317
34335
34380
34396
34407
34454
34465
34485
34487
34603
34624
34709
34717
34729
34750
34922
34935
34982
34992
34999
35004
35005
35006
35031
35037
35079
35098
35109
35238
35242
35248
35250
35301
35311
35341
35349
35367
35373
35406
35422
35458
35527
35562
35745
35754
35782
35829
35930
35940
36079
36098
36109
36144
36148
36164
36192
36244
36245
36293
36336
36338
36345
36346
36399
36450
36522
36560
36725
36738
36775
36789
36842
36853
36860
36870
36915
36949
37082
37088
37095
37113
37125
37146
37166
37215
37254
37259
37261
37305
37332
37363
37367
37423
37427
37461
37484
37502
37532
37557
37663
37679
37703
37727
37805
37859
37862
37879
37964
37987
38002
38058
38104
38191
38309
38358
38427
38428
38453
38485
38487
38520
38531
38560
38578
38583
38602
38619
38627
38658
38692
38777
39075
39105
39110
39128
39143
39270
39289
39302
39344
39444
39606
39609
39634
39665
39749
39842
39922
39939
39950
39971
-1
