87
129
189
233
273
279
396
420
487
502
513
522
563
577
600
641
645
681
703
755
768
774
813
852
943
965
983
1096
1183
1242
1259
1288
1311
1338
1385
1520
1524
1560
1571
1628
1631
1632
1650
1700
1735
1771
1793
1794
1822
1852
1863
1912
1914
2064
2116
2181
2191
2217
2245
2394
2445
2457
2560
2605
2641
2648
2677
2678
2729
2740
2799
2810
2895
2942
2943
2946
2952
2995
3002
3095
3108
3144
3247
3282
3324
3329
3389
3391
3494
3545
3586
3681
3767
3887
3993
3994
4010
4025
4035
4079
4126
4127
4137
4175
4188
4256
4262
4278
4290
4319
4365
4440
4444
4489
4525
4576
4663
4687
4727
4741
4770
4829
4876
4913
5007
5024
5077
5083
5089
5175
5217
5270
5335
5449
5486
5596
5610
5626
5668
5687
5742
5748
5844
5885
5923
5927
6071
6083
6146
6154
6185
6317
6324
6396
6402
6465
6480
6513
6529
6531
6569
6590
6636
6650
6658
6781
6817
6867
6925
6941
6970
6981
7031
7040
7093
7166
7173
7236
7252
7282
7341
7412
7415
7419
7425
7429
7448
7456
7460
7525
7531
7610
7631
7668
7711
7712
7721
7772
7801
7812
7819
7903
7939
7944
8061
8072
8109
8143
8164
8220
8235
8238
8243
8248
8335
8358
8376
8405
8508
8532
8609
8616
8620
8630
8648
8681
8692
8758
8766
8780
8828
8884
8944
8954
8958
9003
9022
9093
9102
9167
9193
9208
9240
9295
9312
9317
9335
9354
9355
9367
9384
9388
9392
9402
9499
9516
9541
9562
9575
9643
9667
9741
9743
9755
9768
9779
9783
9852
9893
9926
10001
10011
10052
10100
10114
10168
10204
10254
10255
10274
10283
10320
10353
10371
10447
10491
10492
10575
10654
10661
10748
10773
10804
10863
10884
10911
10945
10972
11002
11251
11341
11358
11373
11530
11623
11685
11792
11905
11916
11942
12003
12047
12108
12142
12179
12212
12258
12290
12420
12467
12477
12596
12710
12722
12742
12827
12862
12886
12906
12926
12971
13000
13040
13172
13215
13241
13247
13430
13433
13446
13497
13510
13518
13522
13650
13675
13682
13703
13704
13742
13745
13776
13838
13883
14034
14051
14078
14085
14114
14142
14166
14221
14244
14271
14329
14380
14485
14520
14550
14643
14649
14716
14728
14821
14829
14897
14899
14934
14960
15044
15093
15128
15150
15162
15305
15391
15483
15569
15572
15580
15597
15628
15638
15659
15828
15840
15892
15961
16021
16068
16105
16116
16123
16220
16311
16338
16348
16381
16407
16481
16504
16565
16659
16664
16689
16725
16788
16874
16878
16881
16906
16964
16984
17031
17099
17164
17205
17291
17314
17479
17575
17587
17631
17633
17641
17666
17671
17725
17729
17731
17747
17762
17773
17848
17911
17939
17999
18048
18090
18095
18096
18103
18111
18203
18228
18253
18260
18321
18393
18395
18402
18463
18481
18482
18518
18573
18597
18714
18716
18760
18796
18806
18844
18901
18904
18951
18958
18974
18982
19016
19062
19076
19080
19094
19154
19169
19175
19190
19256
19262
19284
19304
19372
19404
19407
19443
19451
19477
19504
19505
19506
19558
19572
19611
19636
19638
19647
19746
19753
19886
19954
19964
19974
20024
20039
20069
20167
20299
20356
20440
20444
20597
20637
20674
20697
20769
20775
20809
20840
20845
20883
20885
20927
20947
20964
21014
21048
21092
21104
21114
21138
21160
21161
21165
21355
21377
21391
21452
21492
21580
21649
21676
21855
21856
21868
21945
22056
22182
22206
22214
22223
22257
22265
22396
22425
22484
22515
22556
22572
22641
22667
22669
22740
22852
22853
22878
22902
22903
23052
23149
23152
23159
23188
23234
23267
23364
23366
23368
23413
23483
23517
23542
23584
23664
23759
23798
23838
23895
23903
23935
23966
23991
24015
24042
24133
24138
24160
24188
24373
24395
24407
24414
24431
24518
24588
24596
24645
24646
24663
24766
24769
24829
24836
24884
24924
24942
24952
24953
25004
25020
25074
25102
25128
25166
25189
25201
25288
25290
25326
25352
25358
25371
25407
25419
25467
25470
25474
25513
25537
25542
25570
25583
25611
25678
25752
25789
25791
25851
25884
25991
26044
26120
26137
26163
26175
26369
26378
26412
26492
26522
26529
26569
26621
26638
26721
26728
26741
26799
26825
26946
26974
26978
27044
27051
27128
27130
27246
27259
27286
27295
27320
27348
27395
27494
27507
27530
27556
27607
27647
27663
27666
27672
27793
27904
27911
28016
28052
28053
28157
28163
28165
28313
28319
28341
28370
28371
28384
28394
28414
28415
28460
28515
28531
28552
28599
28659
28676
28723
28727
28728
28797
28825
28872
28921
28973
28999
29043
29067
29129
29174
29185
29223
29293
29333
29350
29369
29458
29501
29507
29516
29580
29601
29636
29655
29661
29701
29739
29784
29807
29863
29886
29915
29950
29961
30007
30102
30110
30129
30159
30208
30242
30246
30280
30301
30434
30515
30649
30653
30697
30780
30840
30972
31019
31029
31074
31158
31162
31208
31224
31314
31363
31391
31405
31424
31486
31541
31543
31635
31707
31715
31730
31742
31778
31779
31803
31804
31829
31906
31937
31977
31994
32004
32017
32061
32067
32075
32163
32270
32322
32339
32375
32376
32395
32415
32423
32425
32458
32467
32469
32710
32719
32959
33031
33041
33171
33191
33237
33271
33316
33449
33489
33543
33583
33598
33621
33656
33723
33786
33788
33790
33799
33843
33849
33877
33898
33923
33928
33934
34030
34051
34060
34066
34099
34137
34234
34309
34361
34384
34392
34502
34513
34523
34575
34641
34644
34661
34687
34704
34709
34727
34756
34796
34815
34859
34930
34968
34988
35031
35061
35128
35184
35373
35416
35433
35445
35467
35481
35492
35548
35581
35615
35658
35675
35695
35707
35753
35874
35877
35953
35987
36019
36032
36034
36042
36044
36098
36191
36309
36326
36354
36358
36381
36573
36586
36625
36633
36669
36677
36685
36731
36757
36768
36819
36859
37012
37073
37098
37107
37178
37273
37280
37338
37339
37354
37406
37425
37488
37593
37620
37672
37721
37841
37887
37903
37941
37955
38070
38167
38251
38291
38303
38421
38481
38490
38519
38549
38672
38702
38712
38760
38775
38801
38827
38841
38889
38969
39089
39095
39099
39122
39194
39246
39313
39404
39407
39487
39496
39585
39629
39672
39720
39721
39771
39803
39815
39837
39877
39880
39965
39980
-1
