52
67
141
229
267
285
299
390
401
501
528
530
556
566
624
646
648
713
716
761
813
853
878
932
947
972
1029
1083
1094
1125
1278
1287
1288
1336
1359
1437
1473
1509
1526
1570
1612
1614
1641
1704
1712
1713
1719
1760
1791
1820
1853
1942
1951
2013
2016
2023
2041
2046
2049
2169
2235
2241
2244
2307
2337
2340
2359
2364
2439
2447
2565
2580
2636
2668
2688
2714
2725
2727
2761
2769
2788
2891
2920
2943
2949
3004
3018
3026
3078
3095
3105
3175
3190
3254
3265
3291
3358
3364
3366
3369
3389
3390
3422
3508
3549
3558
3564
3651
3668
3690
3693
3751
3768
3770
3804
3821
3879
3880
3915
3976
3998
4000
4003
4018
4019
4094
4105
4147
4176
4266
4313
4314
4322
4336
4359
4361
4447
4489
4548
4590
4664
4724
4768
4794
4884
4885
4901
4944
5008
5040
5070
5081
5225
5258
5270
5306
5327
5357
5372
5392
5420
5444
5485
5510
5599
5601
5622
5690
5711
5715
5719
5779
5787
5858
5888
5953
6081
6101
6135
6137
6177
6207
6211
6236
6241
6299
6327
6336
6403
6412
6467
6521
6557
6563
6630
6668
6681
6683
6685
6742
6774
6780
6799
6860
6879
6890
6964
6968
7063
7075
7077
7083
7097
7102
7136
7173
7216
7224
7230
7296
7325
7329
7358
7384
7406
7475
7516
7524
7550
7672
7733
7736
7799
7802
7838
7885
7965
8000
8019
8063
8084
8182
8250
8275
8311
8312
8337
8391
8452
8501
8520
8530
8537
8550
8551
8555
8599
8742
8774
8841
8941
9012
9032
9047
9076
9078
9088
9137
9193
9229
9239
9256
9330
9363
9371
9411
9412
9417
9429
9481
9502
9521
9567
9639
9777
9780
9788
9828
9915
9920
9939
9958
9989
10089
10148
10151
10209
10271
10279
10308
10321
10368
10401
10476
10540
10554
10589
10596
10628
10634
10639
10706
10720
10763
10789
10886
10905
10906
10964
10966
10997
11030
11088
11096
11136
11209
11227
11232
11423
11441
11444
11445
11476
11478
11646
11721
11835
11854
11914
11998
12077
12080
12099
12103
12120
12166
12168
12202
12209
12344
12349
12380
12435
12467
12586
12594
12659
12674
12755
12856
12930
12931
12956
12971
13011
13019
13024
13051
13106
13114
13128
13145
13151
13154
13188
13238
13266
13282
13289
13309
13405
13437
13468
13489
13555
13600
13609
13766
13880
13899
13906
14022
14172
14250
14286
14314
14422
14442
14446
14455
14511
14523
14566
14571
14583
14609
14622
14638
14672
14677
14680
14735
14768
14797
14816
14832
14833
14869
14900
14962
15015
15040
15070
15090
15109
15138
15144
15174
15204
15243
15280
15311
15332
15413
15434
15474
15486
15501
15577
15636
15647
15657
15704
15707
15727
15866
15878
15960
16081
16135
16211
16240
16248
16253
16274
16280
16290
16320
16327
16358
16442
16455
16467
16470
16516
16535
16544
16617
16642
16700
16759
16792
16809
16845
16849
16852
16899
16949
16955
16962
17010
17013
17099
17239
17322
17356
17376
17404
17411
17447
17451
17460
17631
17652
17695
17738
17741
17770
17817
17861
17991
18060
18063
18074
18075
18115
18122
18136
18156
18211
18225
18308
18313
18342
18379
18447
18456
18523
18692
18704
18737
18772
18790
18828
18971
18977
18990
19009
19076
19157
19161
19214
19249
19284
19294
19307
19367
19384
19415
19425
19449
19468
19477
19482
19495
19506
19654
19657
19751
19809
19833
19872
19883
19945
19974
20144
20164
20186
20210
20228
20254
20255
20431
20487
20506
20579
20649
20686
20741
20774
20780
20853
20868
20936
20971
21095
21097
21124
21192
21194
21277
21307
21338
21559
21590
21607
21629
21719
21746
21776
21886
21940
21961
21973
21974
22041
22069
22070
22117
22141
22145
22150
22172
22309
22338
22528
22598
22685
22740
22811
22845
22849
22850
22901
22985
23133
23202
23211
23229
23273
23323
23358
23359
23379
23385
23449
23454
23558
23565
23638
23733
23846
23871
23933
23971
24100
24151
24164
24244
24259
24325
24344
24394
24440
24477
24572
24576
24618
24646
24675
24693
24860
24897
24912
24938
24970
25063
25082
25099
25103
25173
25204
25259
25357
25380
25424
25429
25450
25457
25557
25575
25583
25655
25758
25842
25918
25945
26001
26061
26085
26104
26170
26175
26181
26227
26336
26402
26442
26465
26585
26672
26687
26727
26800
26833
26862
26903
26950
27002
27086
27210
27295
27352
27372
27414
27418
27455
27481
27552
27567
27579
27639
27640
27692
27785
27810
27915
27943
27945
27980
27984
28005
28124
28320
28445
28476
28522
28613
28676
28744
28749
28775
28786
28791
28795
28882
28896
28906
28947
29034
29064
29068
29191
29197
29286
29357
29375
29378
29387
29398
29423
29448
29527
29647
29707
29794
29808
29817
29868
29884
29926
29959
29965
30022
30064
30136
30213
30240
30242
30351
30359
30376
30403
30468
30491
30510
30521
30574
30575
30591
30619
30643
30663
30666
30759
30801
30832
30851
30884
30903
30907
31038
31140
31183
31270
31294
31420
31499
31523
31626
31634
31660
31665
31780
31817
31833
31848
31850
31885
31930
31960
31981
32097
32115
32118
32136
32228
32232
32262
32278
32344
32377
32472
32489
32620
32659
32668
32669
32671
32709
32723
32745
32755
32778
32839
32998
33050
33058
33120
33135
33143
33300
33309
33311
33467
33549
33552
33610
33781
33813
33827
34044
34078
34106
34108
34209
34249
34256
34301
34338
34353
34492
34587
34630
34813
34902
34924
34961
34963
35001
35024
35039
35144
35200
35320
35348
35380
35482
35538
35561
35573
35652
35655
35689
35711
35718
35741
35761
35801
35811
35872
35873
35878
35896
35933
35940
35949
35998
36019
36059
36067
36116
36117
36121
36202
36252
36263
36268
36278
36313
36344
36402
36410
36454
36461
36523
36547
36552
36654
36699
36759
36766
36796
36805
36819
36858
36864
36867
36906
36907
36918
36932
36983
36986
36998
37012
37044
37139
37261
37327
37332
37455
37467
37481
37491
37541
37638
37670
37737
37741
37872
37914
37921
37942
37991
38067
38068
38085
38111
38140
38149
38316
38338
38349
38351
38368
38376
38396
38406
38490
38496
38500
38574
38598
38715
38727
38865
38870
38891
38927
38976
39007
39073
39075
39119
39151
39165
39173
39250
39268
39277
39358
39428
39476
39517
39610
39633
39723
39830
39996
-1
