43
102
162
191
201
285
327
342
407
439
511
532
535
544
622
634
697
736
770
792
842
987
1092
1151
1169
1215
1231
1321
1347
1400
1466
1468
1479
1514
1533
1565
1579
1596
1607
1685
1797
1925
1955
1970
2055
2062
2067
2082
2090
2117
2161
2205
2220
2249
2309
2315
2346
2351
2359
2422
2442
2448
2554
2595
2712
2750
2840
2851
2874
2918
2920
2947
2994
2995
3092
3146
3180
3181
3188
3221
3243
3265
3304
3327
3381
3444
3445
3495
3575
3637
3641
3785
3843
4003
4141
4143
4174
4202
4257
4322
4346
4509
4511
4542
4565
4578
4668
4706
4723
4884
4947
4949
5098
5168
5184
5285
5302
5318
5356
5394
5410
5453
5501
5564
5565
5625
5675
5696
5953
5957
5959
6027
6057
6066
6079
6105
6148
6186
6200
6239
6291
6337
6344
6373
6405
6406
6537
6641
6687
6716
6750
6774
6850
6893
6912
6918
6948
6993
7098
7116
7237
7255
7288
7350
7368
7382
7388
7403
7419
7423
7631
7708
7770
7825
7838
7906
7932
7966
8024
8038
8049
8055
8068
8089
8099
8136
8161
8189
8235
8252
8257
8298
8301
8376
8425
8509
8515
8588
8618
8664
8674
8681
8739
8770
8795
8836
8871
8900
8904
8915
9028
9109
9143
9159
9181
9183
9358
9372
9384
9408
9413
9495
9525
9556
9575
9649
9694
9696
9700
9735
9784
9818
9838
9853
9897
9975
10000
10032
10147
10166
10293
10333
10371
10376
10383
10405
10443
10464
10471
10528
10558
10706
10758
10921
10971
10972
10987
10996
11016
11042
11094
11126
11132
11134
11249
11257
11287
11310
11341
11427
11442
11497
11540
11546
11680
11743
11755
11761
11786
11793
11835
11845
11899
11979
12011
12105
12145
12147
12152
12195
12209
12219
12235
12279
12309
12383
12404
12497
12544
12560
12569
12611
12680
12787
12888
12899
12907
12981
13005
13010
13046
13077
13184
13298
13352
13361
13387
13389
13490
13492
13599
13620
13689
13700
13707
13715
13767
13817
13825
13835
13888
13925
13926
13949
13999
14018
14067
14091
14231
14255
14273
14297
14326
14352
14400
14412
14469
14506
14509
14565
14577
14591
14636
14691
14769
14776
14786
14995
15009
15096
15116
15128
15181
15243
15293
15313
15338
15340
15343
15491
15547
15616
15628
15769
15813
15819
15836
15841
15846
15877
15885
15911
15955
15977
16022
16033
16035
16075
16101
16190
16267
16282
16301
16485
16518
16553
16554
16560
16577
16586
16593
16609
16611
16693
16726
16730
16750
16753
16772
16780
16848
16863
16870
16886
16914
16942
16967
16968
16983
17009
17016
17061
17080
17096
17207
17210
17232
17280
17281
17396
17464
17488
17489
17520
17547
17649
17680
17736
17828
17857
17859
17863
17882
17883
17940
17991
17995
18019
18020
18110
18120
18128
18143
18159
18187
18193
18209
18225
18235
18249
18302
18349
18383
18388
18426
18489
18500
18540
18563
18570
18634
18689
18694
18740
18804
18840
18858
18873
18896
18905
18978
19016
19073
19090
19091
19112
19117
19147
19199
19271
19316
19334
19352
19390
19403
19408
19433
19450
19466
19593
19595
19619
19642
19648
19698
19701
19761
19920
19971
20049
20092
20101
20109
20128
20130
20241
20276
20322
20324
20442
20458
20475
20674
20698
20747
20812
20920
20933
21045
21066
21098
21199
21226
21349
21366
21473
21504
21633
21636
21744
21767
21794
21865
21876
21888
21903
21950
21969
22022
22113
22226
22259
22285
22368
22375
22471
22493
22539
22624
22761
22784
22795
22853
22866
23075
23169
23173
23197
23295
23344
23367
23395
23415
23497
23503
23606
23638
23673
23683
23713
23736
23789
23837
23869
23980
23991
24038
24063
24133
24164
24173
24330
24350
24410
24444
24457
24459
24578
24602
24610
24622
24633
24650
24685
24766
24787
24829
24865
24877
24880
24901
24912
24935
24968
24970
24988
24992
25004
25048
25125
25139
25209
25334
25341
25342
25409
25422
25506
25666
25689
25700
25704
25714
25728
25736
25780
25874
25888
25896
25937
25954
25998
26004
26045
26106
26168
26172
26261
26266
26298
26356
26360
26402
26428
26439
26510
26517
26547
26565
26599
26658
26703
26785
26813
26823
26941
27003
27040
27041
27135
27273
27324
27327
27340
27423
27497
27648
27713
27768
27779
27813
27821
27834
27854
27866
27891
27988
28010
28011
28039
28076
28101
28158
28194
28203
28205
28217
28318
28337
28350
28400
28404
28455
28552
28587
28700
28712
28720
28762
28882
28929
28996
29014
29052
29058
29102
29112
29130
29161
29255
29277
29409
29426
29436
29508
29523
29524
29529
29611
29680
29711
29768
29785
29809
29824
29832
29910
29996
30037
30089
30099
30202
30308
30401
30414
30422
30455
30621
30658
30675
30684
30694
30743
30766
30775
30923
31006
31025
31101
31119
31160
31193
31213
31217
31253
31287
31327
31353
31445
31531
31557
31633
31651
31678
31756
31759
31816
31831
31839
31841
31874
31890
31894
31923
31944
31945
32147
32153
32154
32167
32169
32172
32179
32183
32199
32210
32219
32238
32260
32363
32488
32514
32584
32710
32745
32803
32829
32857
32943
32996
33016
33060
33118
33151
33169
33181
33186
33245
33305
33393
33428
33470
33480
33500
33505
33507
33587
33655
33675
33798
33802
33925
33933
33961
33971
34035
34075
34100
34213
34252
34266
34275
34307
34313
34336
34347
34364
34411
34495
34537
34538
34579
34582
34587
34677
34819
34826
34839
34862
34895
34925
35057
35116
35181
35220
35231
35234
35262
35272
35300
35303
35341
35378
35399
35434
35474
35503
35521
35650
35695
35722
35725
35779
35855
35900
35901
36068
36091
36096
36101
36194
36229
36301
36351
36406
36433
36508
36517
36591
36617
36668
36679
36696
36722
36726
36728
36855
36879
36958
36986
37032
37061
37077
37109
37137
37168
37189
37222
37243
37293
37297
37321
37322
37328
37407
37442
37463
37473
37521
37564
37567
37596
37607
37688
37701
37769
37780
37834
37837
37846
37886
37891
37979
37981
38054
38084
38085
38088
38109
38146
38178
38190
38219
38270
38271
38305
38393
38421
38521
38576
38658
38666
38724
38734
38755
38775
38798
38820
38825
38865
38894
38978
39000
39040
39058
39097
39138
39321
39435
39475
39490
39511
39542
39543
39593
39595
39615
39666
39687
39714
39730
39732
39741
39762
39763
39772
39817
39818
39892
39937
-1
