2
94
98
110
134
220
332
345
382
490
500
547
566
606
612
724
889
890
945
951
961
1060
1069
1150
1172
1179
1205
1206
1336
1374
1388
1436
1456
1515
1519
1582
1583
1661
1668
1694
1697
1724
1741
1940
1985
2044
2159
2160
2173
2181
2198
2211
2223
2264
2266
2318
2384
2417
2421
2557
2569
2650
2729
2757
2758
2822
2837
2851
2883
2916
3142
3144
3153
3209
3228
3261
3314
3407
3409
3413
3421
3438
3454
3530
3531
3614
3616
3649
3725
3752
3774
3789
3861
3868
3893
3929
3936
3980
4096
4106
4168
4187
4265
4274
4366
4384
4393
4443
4473
4476
4529
4579
4595
4604
4612
4619
4640
4659
4680
4726
4758
4764
4825
4844
4925
4945
4951
5018
5022
5037
5067
5149
5471
5485
5572
5713
5800
5803
5829
5914
5976
6072
6073
6128
6129
6214
6216
6221
6247
6324
6359
6374
6452
6463
6486
6570
6586
6657
6666
6670
6706
6837
6883
6914
7045
7156
7158
7244
7272
7457
7459
7571
7649
7689
7694
7732
7944
7979
8013
8043
8047
8052
8088
8095
8102
8221
8288
8295
8311
8314
8403
8406
8460
8522
8533
8561
8628
8636
8677
8694
8722
8762
8839
8911
8912
8917
8934
8972
9043
9062
9094
9095
9146
9183
9273
9274
9292
9305
9428
9556
9560
9605
9656
9667
9691
9742
9769
9802
9849
9881
9895
9909
9964
9993
10042
10123
10170
10200
10209
10326
10334
10377
10411
10453
10509
10532
10542
10566
10619
10620
10676
10684
10692
10718
10747
10791
10875
10904
10907
10909
10960
11008
11067
11073
11112
11113
11129
11150
11197
11235
11289
11359
11372
11454
11478
11508
11587
11600
11658
11665
11667
11687
11689
11701
11715
11717
11781
11803
11806
11831
11845
11850
11887
11900
11920
11948
12061
12197
12303
12369
12377
12442
12462
12472
12596
12661
12673
12727
12728
12810
12867
12899
12946
12951
12966
12969
13012
13127
13133
13193
13362
13481
13533
13558
13599
13745
13760
13777
13811
13819
13863
13975
14065
14091
14099
14105
14136
14145
14149
14175
14188
14195
14211
14213
14240
14273
14322
14323
14353
14368
14389
14440
14555
14563
14581
14582
14631
14668
14691
14729
14780
14799
14823
14830
14841
14850
14884
14948
14973
14977
14997
15002
15044
15174
15212
15303
15325
15365
15428
15466
15526
15594
15609
15615
15699
15847
15884
15888
15920
15925
15940
15985
16006
16046
16063
16108
16134
16250
16275
16355
16359
16401
16428
16461
16462
16473
16583
16605
16649
16655
16698
16717
16728
16734
16759
16871
16891
16946
16954
16958
17012
17035
17146
17181
17228
17264
17334
17496
17518
17531
17584
17607
17619
17628
17683
17714
17716
17727
17736
17827
17874
17954
17983
17990
18117
18118
18207
18243
18298
18315
18350
18362
18371
18412
18413
18494
18546
18599
18606
18687
18748
18818
18838
18845
18881
18912
18938
18973
19074
19094
19127
19143
19192
19237
19250
19348
19369
19379
19381
19435
19441
19486
19542
19605
19683
19816
19826
19960
19998
20010
20021
20027
20058
20075
20099
20303
20315
20337
20347
20381
20448
20478
20488
20490
20499
20579
20584
20598
20628
20715
20764
20873
20933
21070
21150
21170
21253
21299
21320
21358
21418
21569
21572
21588
21650
21672
21700
21738
21742
21759
21760
21776
21794
21811
21866
21874
21883
21933
21941
21995
22026
22052
22080
22174
22289
22296
22325
22371
22390
22427
22459
22520
22567
22582
22586
22600
22602
22618
22736
22757
22791
22812
22829
22881
22915
22939
22978
23049
23110
23115
23120
23132
23196
23207
23283
23298
23404
23413
23416
23417
23475
23517
23567
23568
23598
23654
23676
23693
23715
23739
23789
23794
23864
23881
23903
23920
23961
24141
24144
24195
24245
24271
24296
24340
24359
24370
24417
24430
24511
24567
24590
24597
24619
24669
24801
24834
24841
24921
24969
24991
25028
25068
25080
25197
25261
25298
25300
25364
25387
25444
25483
25514
25538
25640
25652
25708
25738
25740
25813
25892
25941
25949
26094
26137
26176
26218
26241
26252
26267
26357
26359
26408
26454
26551
26561
26578
26592
26604
26688
26711
26773
26798
26839
26841
26914
26970
26983
27005
27077
27103
27110
27125
27144
27149
27196
27211
27217
27281
27297
27337
27339
27392
27419
27480
27484
27485
27508
27599
27624
27656
27707
27762
27851
27870
27916
27946
28111
28159
28205
28221
28232
28250
28270
28279
28309
28464
28516
28523
28548
28635
28639
28641
28690
28721
28873
28875
28883
28895
28920
28954
29051
29176
29181
29300
29312
29515
29577
29596
29613
29620
29633
29656
29699
29723
29738
29760
29767
29890
29980
30025
30126
30199
30216
30235
30282
30283
30290
30302
30304
30322
30326
30344
30346
30363
30430
30464
30495
30549
30582
30610
30705
30753
30761
30799
30811
30822
30834
30931
30947
30953
30983
31017
31092
31110
31114
31139
31170
31212
31323
31333
31373
31434
31437
31445
31504
31517
31536
31587
31618
31643
31687
31828
31860
31882
31903
32066
32240
32261
32264
32268
32337
32360
32536
32543
32579
32597
32603
32667
32684
32770
32798
32809
32811
32874
32906
32934
32952
32985
33023
33171
33192
33205
33209
33230
33262
33275
33286
33291
33319
33387
33393
33482
33489
33535
33541
33590
33645
33668
33703
33834
33938
33960
34012
34015
34020
34059
34162
34186
34404
34413
34423
34457
34514
34555
34606
34628
34630
34645
34648
34677
34745
34778
34793
34815
34819
34833
34868
34892
34895
34950
34974
35032
35036
35092
35141
35147
35194
35222
35228
35253
35274
35377
35409
35430
35451
35454
35493
35646
35662
35701
35704
35754
35784
35829
35845
35918
36016
36045
36049
36092
36111
36114
36130
36143
36150
36175
36194
36281
36328
36351
36429
36442
36502
36569
36725
36743
36774
36778
36834
36867
36944
36947
36969
36992
37059
37180
37201
37289
37292
37367
37427
37452
37463
37479
37560
37630
37633
37652
37662
37704
37743
37772
37787
37865
37870
37970
37991
38006
38009
38010
38019
38023
38047
38057
38109
38137
38280
38293
38400
38409
38465
38491
38631
38639
38640
38655
38715
38742
38770
38934
38981
39004
39052
39072
39104
39122
39124
39152
39172
39173
39258
39290
39295
39299
39320
39350
39460
39487
39548
39592
39610
39709
39728
39793
39875
39876
39951
39975
39996
39999
-1
