48
50
54
70
97
129
132
162
186
207
243
247
297
352
374
397
424
437
447
453
534
536
544
604
631
726
768
800
848
892
937
987
993
1072
1096
1187
1205
1226
1287
1291
1346
1365
1420
1449
1467
1533
1550
1581
1644
1654
1675
1712
1726
1744
1759
1810
1828
1922
1948
1966
1993
2037
2125
2214
2240
2258
2294
2310
2311
2449
2467
2470
2571
2587
2662
2669
2696
2707
2744
2787
2863
2898
2919
3150
3228
3232
3241
3246
3274
3284
3310
3314
3341
3479
3522
3570
3583
3612
3614
3652
3656
3725
3740
3757
3795
3832
3862
3865
3996
4057
4095
4098
4162
4165
4283
4326
4357
4380
4424
4442
4452
4477
4487
4517
4524
4560
4570
4683
4701
4733
4747
4770
4867
5000
5036
5078
5144
5175
5210
5228
5335
5359
5461
5506
5609
5632
5679
5758
5766
5839
5861
5863
6006
6010
6023
6055
6067
6075
6077
6086
6122
6160
6189
6193
6218
6288
6354
6363
6379
6407
6410
6466
6556
6635
6765
6802
6829
6841
6899
7019
7210
7243
7245
7314
7335
7392
7457
7478
7502
7503
7515
7521
7546
7597
7642
7663
7689
7716
7789
8001
8085
8120
8140
8155
8158
8191
8291
8322
8385
8457
8490
8584
8585
8603
8643
8665
8670
8732
8788
8854
8859
8891
8935
8985
9017
9018
9039
9094
9120
9187
9228
9483
9486
9506
9561
9604
9720
9789
9835
9836
9843
9901
9907
9979
9989
10000
10020
10086
10110
10119
10138
10150
10157
10178
10217
10233
10307
10331
10376
10455
10518
10547
10559
10577
10634
10645
10739
10756
10786
10811
10839
10916
11038
11080
11121
11182
11194
11217
11280
11329
11388
11408
11491
11534
11555
11562
11592
11600
11633
11663
11675
11697
11709
11715
11729
11738
11780
11784
11876
11919
11927
11944
12054
12089
12112
12115
12132
12214
12282
12292
12339
12345
12403
12414
12416
12475
12482
12497
12505
12524
12528
12561
12609
12615
12617
12674
12714
12734
12738
12748
12893
12903
12992
13042
13061
13079
13132
13242
13282
13341
13357
13385
13406
13473
13525
13593
13638
13682
13799
13819
13851
13929
13949
14023
14071
14091
14129
14143
14160
14259
14262
14303
14454
14464
14535
14555
14616
14632
14649
14689
14801
14852
14874
14882
14914
14920
14932
14952
14965
15064
15073
15107
15155
15162
15205
15249
15287
15306
15307
15566
15585
15618
15655
15709
15726
15765
15842
15917
15964
15993
15999
16052
16053
16059
16075
16146
16202
16291
16296
16369
16431
16503
16553
16610
16643
16796
16809
16866
16869
16934
16946
16949
16968
16991
17037
17072
17130
17199
17231
17364
17464
17568
17570
17577
17588
17644
17667
17668
17752
17791
17799
17803
17846
17902
17914
17922
17953
18063
18106
18164
18167
18177
18250
18267
18399
18446
18471
18576
18592
18596
18609
18639
18657
18746
18753
18755
18773
18820
18834
18983
19017
19036
19045
19049
19068
19100
19227
19296
19317
19344
19461
19480
19482
19539
19709
19713
19748
19770
19812
19830
19852
19905
19959
19969
20037
20038
20129
20145
20154
20182
20210
20230
20249
20275
20287
20368
20398
20402
20420
20642
20668
20701
20784
20795
20915
20948
20977
20992
21003
21066
21108
21171
21194
21211
21216
21231
21239
21301
21355
21444
21446
21532
21648
21675
21842
21875
21883
21890
21902
21904
21922
21958
22048
22183
22213
22215
22216
22290
22327
22335
22394
22515
22520
22543
22573
22587
22636
22660
22672
22708
22719
22792
22808
22852
22863
22911
22924
22978
23121
23132
23170
23173
23194
23196
23237
23247
23256
23277
23305
23321
23339
23389
23419
23440
23499
23561
23564
23598
23671
23722
23749
23752
23836
23842
23893
23952
23969
23976
23978
24008
24081
24091
24174
24253
24288
24397
24435
24479
24498
24560
24622
24631
24640
24643
24705
24836
24850
24878
24898
24951
25009
25084
25089
25184
25195
25202
25337
25385
25395
25399
25403
25452
25464
25476
25507
25523
25560
25595
25596
25611
25673
25688
25750
25772
25843
25924
25969
26002
26056
26062
26137
26188
26271
26288
26333
26371
26376
26435
26552
26557
26695
26704
26715
26721
26749
26833
26866
26872
27018
27089
27109
27144
27145
27260
27282
27284
27302
27391
27421
27450
27606
27689
27695
27788
27805
27849
27872
27965
27970
27979
28111
28144
28163
28202
28251
28260
28271
28300
28320
28345
28385
28394
28418
28528
28554
28556
28590
28661
28668
28771
28819
28869
28874
28920
28973
29059
29073
29079
29097
29101
29132
29168
29176
29267
29301
29346
29376
29433
29481
29509
29569
29577
29578
29586
29606
29631
29663
29676
29801
29836
29837
29845
29874
29919
29933
29943
29958
29995
30052
30075
30169
30213
30226
30241
30252
30254
30258
30288
30298
30313
30360
30378
30403
30469
30572
30590
30617
30670
30680
30725
30733
30745
30823
30909
30939
30947
31019
31020
31052
31071
31114
31156
31179
31191
31219
31220
31225
31229
31241
31294
31335
31372
31544
31557
31614
31635
31648
31655
31665
31669
31731
31918
31927
31930
31985
31990
32006
32013
32058
32070
32156
32211
32251
32300
32315
32377
32378
32443
32482
32501
32519
32557
32565
32590
32650
32693
32718
32719
32724
32738
32819
32830
32877
32927
32937
33000
33103
33120
33140
33164
33179
33189
33229
33263
33324
33339
33431
33434
33435
33441
33510
33563
33636
33663
33713
33762
33787
33809
33906
33915
33918
33971
33994
34053
34059
34203
34218
34234
34293
34339
34361
34422
34517
34605
34635
34715
34762
34825
34922
34926
34999
35013
35068
35153
35259
35275
35282
35298
35300
35315
35358
35430
35436
35443
35458
35472
35543
35577
35583
35677
35704
35708
35803
35810
35863
35907
35980
35994
36092
36111
36135
36549
36550
36660
36700
36707
36773
36792
36796
36827
36841
36877
36888
36927
36928
36942
37088
37096
37107
37145
37153
37195
37202
37249
37252
37278
37288
37305
37439
37497
37504
37624
37630
37701
37805
37825
37882
38039
38081
38096
38172
38180
38181
38225
38240
38279
38322
38344
38345
38376
38379
38391
38402
38424
38531
38571
38583
38663
38679
38767
38825
38847
38888
38920
38963
38967
39034
39039
39078
39081
39124
39194
39225
39241
39332
39355
39395
39477
39515
39579
39624
39661
39671
39696
39731
39792
39805
39811
39890
39895
-1
