63
170
180
213
228
265
274
414
505
509
551
604
666
795
824
874
884
894
939
1003
1057
1065
1070
1097
1169
1194
1197
1243
1254
1279
1304
1344
1374
1376
1445
1450
1485
1515
1535
1660
1684
1696
1701
1717
1759
1779
1844
1894
1907
1944
1957
1975
2033
2034
2078
2219
2220
2229
2259
2280
2311
2328
2479
2541
2552
2553
2563
2592
2612
2647
2708
2749
2756
2765
2883
2912
2917
2950
2952
2953
2957
2960
3004
3058
3127
3171
3175
3183
3234
3338
3378
3423
3454
3465
3480
3501
3511
3560
3611
3618
3706
3718
3726
3961
4056
4057
4094
4109
4242
4264
4292
4322
4336
4364
4551
4555
4591
4610
4637
4684
4732
4775
4867
4905
4946
4959
4970
4989
4992
5045
5107
5130
5145
5163
5178
5179
5209
5328
5431
5434
5436
5465
5491
5512
5521
5530
5578
5653
5665
5809
5822
5972
5984
6023
6046
6078
6105
6115
6206
6238
6310
6344
6370
6376
6385
6387
6485
6532
6564
6593
6602
6646
6648
6657
6692
6698
6801
6821
6846
6856
6940
6967
7014
7158
7218
7276
7305
7316
7327
7447
7457
7510
7517
7542
7599
7618
7680
7706
7739
7752
7899
7901
7923
7951
7960
8010
8069
8266
8316
8337
8347
8428
8438
8528
8711
8717
8737
8743
8775
8835
8892
8965
9006
9027
9096
9124
9150
9156
9170
9202
9232
9268
9272
9307
9330
9428
9457
9491
9556
9582
9634
9656
9662
9672
9678
9708
9715
9722
9723
9786
9801
9856
9881
9925
9934
9941
9948
9950
9954
10038
10080
10092
10098
10118
10237
10257
10293
10295
10336
10337
10340
10357
10366
10378
10459
10463
10506
10594
10597
10632
10650
10667
10706
10722
10786
10792
10842
10891
10922
11122
11269
11286
11320
11388
11470
11474
11538
11568
11584
11619
11694
11710
11724
11764
11784
11794
11826
11846
11939
11970
12104
12105
12121
12174
12188
12204
12212
12261
12296
12415
12420
12576
12577
12609
12705
12708
12714
12722
12737
12757
12770
12818
12858
12870
12890
12904
12910
12915
12933
12936
13001
13016
13057
13114
13162
13196
13207
13236
13289
13314
13316
13324
13327
13350
13395
13458
13503
13517
13561
13597
13624
13627
13673
13726
13762
13853
13865
13866
13874
13911
14014
14087
14090
14157
14208
14283
14378
14408
14418
14426
14441
14516
14539
14570
14594
14639
14653
14745
14748
14813
14904
14958
14976
14984
15034
15057
15090
15113
15149
15150
15187
15244
15257
15402
15410
15483
15486
15513
15519
15585
15608
15633
15641
15643
15649
15786
15794
15832
15850
15853
15854
15862
15879
15986
16021
16090
16126
16170
16187
16205
16240
16431
16644
16662
16700
16816
16903
16905
17019
17129
17130
17132
17149
17226
17286
17301
17322
17339
17410
17416
17442
17454
17525
17545
17563
17628
17633
17636
17689
17730
17738
17757
17781
17787
17821
17830
17897
17913
17920
17961
17962
17985
18001
18142
18165
18175
18184
18195
18244
18247
18253
18355
18426
18515
18571
18632
18633
18699
18720
18791
18855
18888
18909
18935
18969
19020
19099
19141
19195
19216
19264
19287
19298
19318
19323
19333
19388
19391
19398
19419
19444
19448
19493
19606
19613
19637
19744
19762
19780
19871
19904
19931
19935
19947
20002
20045
20151
20208
20219
20267
20344
20356
20377
20394
20443
20456
20472
20492
20551
20571
20672
20755
20811
20818
20832
20882
20914
20940
21009
21056
21121
21139
21147
21149
21240
21260
21266
21274
21277
21327
21473
21521
21563
21579
21605
21639
21659
21780
21804
21827
21839
21854
21890
21903
21915
21992
22076
22100
22141
22230
22383
22402
22412
22429
22438
22560
22562
22594
22604
22656
22689
22745
22781
22836
22840
22959
23167
23215
23230
23253
23259
23272
23274
23276
23310
23322
23399
23442
23505
23525
23580
23653
23670
23748
23753
23759
23841
23891
23906
23913
23967
24015
24022
24038
24080
24161
24163
24245
24264
24271
24339
24356
24377
24386
24472
24484
24524
24634
24751
24782
24793
24930
25039
25063
25071
25082
25101
25132
25152
25232
25293
25305
25424
25437
25499
25548
25572
25598
25643
25652
25679
25735
25888
25938
25961
26005
26058
26308
26367
26400
26418
26461
26594
26595
26641
26729
26815
26824
26919
27003
27029
27043
27065
27068
27128
27177
27186
27204
27211
27242
27407
27424
27477
27482
27497
27590
27598
27656
27687
27749
27788
27808
27809
27813
27821
27904
27954
28031
28042
28104
28140
28279
28281
28425
28511
28531
28592
28695
28711
28712
28747
28797
28880
28896
28927
28989
29011
29058
29074
29075
29094
29115
29149
29211
29245
29267
29280
29300
29331
29376
29378
29467
29555
29574
29580
29587
29590
29601
29623
29714
29721
29777
29792
29818
29854
29877
29896
29900
29901
29964
30037
30092
30108
30252
30264
30298
30320
30369
30402
30432
30510
30625
30703
30710
30750
30786
30794
30798
30846
30856
30877
30887
31019
31045
31371
31392
31442
31448
31476
31509
31519
31623
31634
31645
31699
31740
31848
31955
31957
31968
31986
31993
32006
32029
32128
32195
32229
32263
32274
32276
32292
32339
32346
32421
32441
32442
32504
32524
32586
32636
32664
32687
32775
32884
32889
32905
32936
32992
33002
33057
33140
33164
33170
33172
33379
33436
33456
33494
33527
33534
33559
33566
33567
33570
33572
33578
33598
33654
33672
33675
33721
33751
33786
33788
33972
34021
34029
34036
34126
34167
34168
34170
34274
34278
34314
34322
34347
34379
34387
34391
34441
34470
34511
34560
34630
34822
34882
34920
34946
34955
34990
35049
35147
35290
35307
35422
35473
35485
35570
35623
35668
35684
35744
35750
35781
35782
35835
35887
35905
35911
35921
35926
35950
35951
36135
36141
36267
36346
36351
36418
36428
36447
36451
36461
36486
36578
36621
36634
36663
36785
36825
36827
36834
36842
36983
36992
37001
37031
37052
37058
37068
37125
37133
37135
37165
37180
37197
37205
37269
37321
37359
37414
37432
37484
37487
37492
37575
37658
37730
37751
37843
37916
38006
38009
38031
38366
38441
38449
38477
38491
38550
38557
38568
38624
38669
38812
38832
38886
38898
38928
38943
38989
39034
39095
39096
39132
39186
39212
39213
39250
39335
39345
39427
39488
39500
39525
39576
39587
39607
39611
39633
39693
39715
39800
39835
39862
39869
39894
39903
39936
-1
