79
87
134
158
243
260
300
380
423
458
620
659
664
711
782
798
818
887
944
963
1064
1110
1111
1274
1347
1451
1494
1533
1566
1568
1587
1599
1646
1671
1704
1838
1957
2052
2207
2384
2443
2451
2478
2487
2571
2623
2626
2728
2757
2770
2783
2890
2893
2943
2968
2991
3026
3059
3070
3088
3108
3146
3188
3193
3300
3354
3356
3362
3394
3419
3433
3438
3550
3626
3651
3684
3731
3784
3793
3808
3929
3947
3956
3961
4015
4110
4115
4228
4313
4373
4384
4477
4522
4527
4533
4624
4646
4648
4665
4674
4676
4692
4693
4740
4815
4847
4866
4871
4880
4931
5095
5105
5147
5179
5185
5203
5253
5344
5354
5411
5416
5529
5570
5644
5757
5794
5833
5861
5931
5965
6043
6115
6136
6171
6187
6209
6227
6278
6302
6350
6385
6396
6435
6442
6450
6453
6468
6502
6521
6526
6571
6580
6631
6737
6747
6748
6790
6845
6864
6897
6900
6996
7059
7060
7083
7085
7153
7158
7214
7235
7292
7340
7373
7435
7472
7552
7591
7602
7708
7744
7776
7797
7801
7890
8035
8053
8065
8131
8152
8158
8177
8183
8262
8284
8288
8298
8342
8347
8389
8451
8530
8542
8549
8556
8608
8639
8646
8670
8672
8701
8715
8737
8752
8851
8933
8950
9007
9014
9106
9112
9137
9185
9186
9191
9237
9275
9323
9352
9413
9479
9481
9549
9593
9600
9739
9742
9772
9870
9949
9960
10034
10137
10154
10339
10354
10404
10447
10487
10509
10633
10701
10714
10812
10815
10878
10994
11009
11035
11063
11104
11160
11180
11187
11192
11240
11277
11299
11329
11343
11417
11429
11453
11494
11496
11503
11507
11714
11780
11842
11873
11903
12003
12017
12055
12081
12084
12178
12206
12253
12312
12314
12333
12354
12414
12431
12461
12479
12497
12510
12567
12593
12631
12641
12663
12696
12767
12883
12884
12905
12927
12981
13039
13217
13338
13377
13491
13524
13563
13564
13595
13645
13653
13681
13686
13687
13734
13772
13778
13782
13815
13818
13819
13830
14029
14032
14118
14120
14134
14139
14152
14155
14280
14319
14390
14546
14562
14636
14642
14660
14667
14723
14740
14746
14778
14799
14871
14940
15007
15028
15059
15072
15198
15204
15230
15290
15306
15322
15418
15425
15449
15532
15577
15579
15614
15642
15659
15667
15694
15750
15804
15830
15893
15962
16008
16020
16102
16107
16161
16184
16258
16382
16461
16464
16502
16657
16768
16803
16807
16838
16856
16953
17003
17040
17115
17184
17190
17197
17211
17222
17355
17390
17391
17396
17453
17470
17501
17640
17713
17731
17738
17743
17744
17793
17811
17829
17845
17862
17909
17953
18033
18094
18101
18131
18188
18216
18219
18227
18235
18252
18255
18260
18292
18305
18331
18340
18479
18527
18537
18577
18598
18618
18751
18779
18825
18861
18875
18897
18911
18923
18972
19008
19070
19082
19102
19119
19161
19168
19224
19242
19250
19279
19287
19307
19373
19480
19489
19494
19509
19554
19564
19608
19620
19643
19653
19669
19693
19721
19737
19787
19789
19811
19846
19853
19930
19941
19983
19988
20045
20069
20073
20156
20219
20227
20272
20280
20301
20312
20409
20415
20440
20455
20461
20492
20496
20520
20561
20603
20651
20680
20702
20714
20772
20789
20796
20802
20806
20848
20870
20875
20888
20898
20942
21041
21054
21181
21188
21264
21279
21307
21330
21357
21407
21416
21419
21440
21529
21541
21606
21608
21654
21686
21693
21779
21792
21837
21952
22000
22017
22051
22073
22122
22144
22225
22240
22301
22393
22426
22429
22485
22488
22505
22570
22600
22649
22672
22699
22751
22789
22791
22834
22885
22894
22930
22933
23032
23065
23118
23123
23137
23147
23215
23375
23383
23428
23484
23489
23542
23565
23581
23586
23588
23599
23639
23652
23671
23688
23709
23775
23778
23805
23851
23904
23911
24032
24087
24092
24102
24137
24184
24256
24330
24365
24433
24485
24538
24544
24618
24624
24640
24671
24680
24726
24733
24756
24770
24792
24904
24926
25032
25049
25097
25192
25201
25210
25251
25351
25383
25444
25460
25544
25611
25651
25735
25751
25757
25774
25874
25900
25967
26009
26043
26068
26099
26117
26164
26184
26211
26235
26255
26352
26373
26541
26603
26605
26676
26712
26760
26856
26915
26925
26966
27042
27106
27167
27168
27190
27202
27215
27270
27296
27315
27388
27474
27515
27534
27542
27549
27561
27566
27576
27606
27612
27725
27759
27786
27849
28022
28051
28094
28112
28150
28160
28223
28236
28276
28301
28371
28470
28505
28565
28567
28584
28585
28663
28672
28716
28807
28817
28953
28969
28983
28988
29022
29097
29194
29263
29283
29310
29463
29479
29488
29543
29578
29622
29671
29744
29823
29834
29889
29941
29952
30104
30110
30243
30249
30319
30331
30353
30387
30393
30397
30422
30446
30453
30490
30531
30566
30589
30603
30638
30658
30763
30793
30802
30822
30877
30935
30937
30988
30994
31070
31195
31211
31244
31322
31334
31367
31407
31416
31497
31499
31563
31689
31723
31724
31811
31895
31916
32031
32034
32047
32279
32379
32402
32478
32491
32572
32599
32625
32638
32662
32707
32718
32722
32903
32922
32929
32997
33044
33054
33092
33144
33166
33247
33277
33316
33334
33341
33383
33385
33387
33516
33522
33567
33616
33641
33742
33800
33880
33898
33963
33985
33999
34019
34049
34133
34186
34215
34220
34235
34303
34325
34390
34405
34463
34503
34509
34542
34563
34583
34591
34618
34643
34826
34943
35071
35085
35125
35129
35185
35294
35351
35366
35410
35434
35439
35442
35464
35566
35567
35597
35621
35628
35646
35691
35725
35775
35808
35836
35840
35872
35936
35944
35978
35985
36047
36074
36088
36124
36135
36164
36205
36258
36268
36285
36299
36329
36375
36392
36401
36416
36431
36443
36474
36482
36548
36620
36679
36816
36890
36899
36928
36931
36940
36961
36987
36988
37082
37115
37268
37284
37285
37371
37394
37432
37433
37448
37479
37572
37586
37611
37621
37660
37727
37770
37883
37930
37946
37964
37977
38019
38086
38217
38255
38256
38279
38333
38394
38414
38425
38442
38532
38543
38551
38604
38643
38664
38685
38786
38895
38922
38928
38947
38972
39059
39126
39177
39202
39232
39243
39327
39356
39404
39436
39456
39459
39510
39535
39560
39568
39593
39601
39696
39701
39742
39754
39802
39822
39860
39948
-1