9
43
92
105
213
218
280
299
330
339
353
354
401
500
519
607
651
652
673
694
739
748
771
779
791
844
848
885
917
934
981
1000
1009
1064
1096
1108
1128
1148
1160
1212
1238
1247
1259
1269
1282
1353
1367
1382
1405
1443
1500
1609
1626
1630
1647
1729
1762
1779
1828
1859
1884
1886
1899
1968
2013
2035
2061
2078
2094
2170
2196
2205
2210
2235
2382
2405
2418
2432
2441
2471
2494
2596
2600
2643
2747
2778
2809
2822
2840
2937
2978
2999
3071
3091
3132
3162
3267
3317
3380
3475
3492
3509
3555
3581
3582
3623
3630
3685
3716
3790
3803
3812
3851
3888
3927
3944
3972
4062
4063
4092
4097
4101
4129
4272
4277
4395
4441
4493
4525
4614
4682
4710
4755
4802
4810
4817
4829
4832
4841
4861
4872
4890
4916
4954
5033
5159
5188
5266
5296
5300
5308
5338
5340
5355
5575
5578
5600
5618
5644
5660
5667
5672
5688
5885
5903
5938
5992
6000
6020
6053
6221
6256
6259
6268
6340
6367
6431
6447
6491
6535
6545
6547
6553
6570
6583
6602
6640
6651
6702
6803
6819
6830
6879
6891
6911
6986
7005
7058
7122
7124
7158
7166
7218
7278
7310
7375
7404
7433
7590
7613
7654
7671
7701
7723
7732
7756
7759
7780
7799
7807
7811
7835
7868
8010
8035
8116
8144
8154
8242
8258
8272
8300
8344
8453
8529
8573
8592
8614
8642
8643
8654
8693
8696
8724
8832
8863
8890
8922
9006
9016
9092
9149
9306
9309
9385
9389
9429
9485
9617
9637
9650
9652
9658
9758
9807
9863
9926
9945
10061
10091
10126
10129
10131
10153
10168
10220
10252
10285
10286
10445
10455
10471
10511
10538
10575
10609
10635
10671
10699
10708
10712
10774
10808
10814
10848
10961
11028
11035
11088
11110
11120
11124
11202
11210
11219
11225
11231
11272
11285
11505
11528
11532
11539
11575
11589
11618
11626
11662
11693
11815
11852
11916
11928
11964
11966
11998
12043
12057
12085
12125
12137
12150
12186
12234
12243
12289
12407
12417
12436
12449
12518
12521
12635
12665
12670
12721
12798
12800
12852
12874
12904
12993
13052
13146
13243
13290
13301
13332
13380
13435
13448
13462
13463
13488
13498
13550
13654
13680
13721
13769
13795
13842
13913
13931
13968
13974
14003
14052
14067
14076
14204
14219
14238
14244
14285
14287
14307
14308
14315
14417
14471
14513
14547
14554
14572
14600
14613
14627
14671
14737
14779
14797
14803
14806
14816
14895
14922
14930
14953
15036
15217
15255
15306
15366
15388
15410
15486
15523
15660
15679
15703
15735
15740
15742
15819
15825
15829
15868
15909
15936
16043
16044
16058
16059
16097
16172
16297
16300
16305
16306
16361
16391
16508
16570
16657
16699
16721
16761
16808
16903
16942
16943
16987
17071
17128
17180
17247
17258
17313
17422
17438
17457
17484
17541
17557
17563
17605
17631
17657
17783
17818
17825
17918
18014
18048
18124
18143
18182
18193
18268
18319
18409
18429
18458
18464
18475
18489
18527
18532
18566
18737
18792
18799
18915
19094
19113
19123
19205
19206
19233
19280
19350
19357
19416
19424
19437
19444
19463
19556
19629
19663
19671
19690
19716
19762
19829
19846
19945
19971
19980
20018
20040
20125
20142
20277
20323
20354
20430
20440
20568
20608
20612
20667
20682
20723
20743
20967
20993
21118
21125
21136
21196
21223
21232
21294
21325
21368
21390
21425
21499
21512
21603
21624
21687
21727
21729
21781
21805
21816
21817
21831
21856
21875
21949
21980
22074
22279
22319
22348
22373
22380
22433
22484
22492
22503
22508
22581
22601
22676
22690
22760
22786
22795
22796
22798
22851
22893
22911
22914
22938
22989
23017
23018
23033
23040
23088
23164
23211
23237
23245
23357
23366
23388
23389
23422
23473
23547
23658
23753
23775
23877
23924
23953
23981
24021
24119
24234
24263
24300
24330
24377
24433
24482
24495
24741
24789
24797
24810
24826
24898
24997
25018
25034
25053
25064
25065
25083
25144
25166
25169
25178
25193
25323
25328
25351
25354
25430
25449
25484
25541
25588
25608
25677
25696
25715
25760
25787
25789
25811
25827
25882
25968
26114
26142
26198
26199
26209
26271
26312
26368
26376
26391
26411
26464
26482
26638
26701
26744
26779
26820
26825
26936
26937
26973
26995
27003
27004
27008
27012
27035
27075
27096
27099
27100
27154
27181
27247
27278
27326
27470
27487
27495
27593
27646
27658
27758
28016
28109
28143
28181
28201
28236
28239
28295
28311
28331
28336
28339
28384
28418
28439
28526
28554
28584
28587
28723
28807
28832
28865
28879
28889
29037
29056
29073
29111
29149
29158
29195
29222
29312
29355
29511
29527
29533
29587
29600
29671
29699
29714
29744
29786
29830
29846
29862
29874
29876
29938
29945
30008
30029
30112
30121
30272
30273
30292
30381
30400
30432
30449
30456
30471
30552
30575
30605
30771
30797
30803
30925
30927
30938
30958
31032
31038
31050
31074
31088
31113
31127
31162
31287
31314
31338
31394
31397
31447
31451
31500
31540
31566
31581
31589
31652
31687
31728
31774
31835
31861
31915
31917
31989
32076
32123
32133
32212
32248
32254
32291
32314
32408
32462
32499
32584
32607
32622
32674
32767
32770
32780
32804
32827
32882
32897
33003
33006
33043
33060
33063
33076
33190
33255
33301
33332
33349
33358
33363
33459
33523
33553
33562
33611
33623
33641
33721
33727
33845
33871
33952
33967
34079
34141
34146
34167
34253
34266
34289
34345
34393
34398
34413
34418
34460
34568
34578
34581
34606
34615
34668
34686
34696
34773
34785
34937
34963
35017
35036
35169
35197
35228
35229
35245
35276
35290
35318
35332
35354
35370
35449
35521
35549
35560
35572
35643
35707
35739
35762
35772
35787
35863
35866
35872
35898
36002
36047
36059
36203
36234
36243
36267
36399
36417
36434
36437
36445
36462
36465
36525
36562
36580
36611
36626
36764
36801
36810
36842
36846
36955
36998
37015
37166
37276
37296
37379
37423
37449
37518
37566
37575
37664
37670
37828
37901
37946
37948
37996
38025
38096
38157
38158
38170
38174
38181
38255
38333
38356
38371
38396
38441
38446
38465
38505
38531
38544
38558
38562
38650
38740
38748
38826
38921
39043
39102
39130
39235
39237
39274
39392
39484
39517
39539
39627
39631
39697
39700
39780
39841
39877
39885
39936
39944
39947
-1
