31
67
147
160
168
195
259
281
282
300
309
323
341
398
430
449
499
543
596
617
661
726
727
761
762
782
792
801
812
825
907
942
986
1020
1029
1076
1105
1113
1353
1392
1461
1550
1637
1667
1671
1821
1839
1916
1923
1992
2051
2063
2119
2187
2288
2299
2322
2325
2328
2345
2382
2439
2473
2485
2510
2586
2648
2682
2690
2702
2714
2778
2811
2828
2837
2838
2881
2965
3042
3078
3121
3145
3158
3196
3234
3266
3335
3391
3396
3471
3476
3518
3524
3571
3598
3630
3632
3714
3771
3809
3880
3895
3919
3925
3926
3971
4024
4025
4035
4053
4111
4119
4150
4160
4181
4184
4281
4354
4362
4384
4430
4435
4438
4451
4472
4473
4512
4533
4661
4714
4721
4729
4770
4788
4800
4869
4884
4907
4947
5084
5087
5102
5113
5160
5209
5256
5294
5309
5370
5409
5422
5441
5460
5521
5581
5659
5668
5762
5763
5767
5775
5814
5847
5854
5860
5928
5941
5942
6005
6031
6082
6123
6143
6153
6157
6179
6182
6284
6298
6299
6307
6344
6447
6531
6543
6562
6628
6639
6649
6733
6783
6842
6877
6885
6891
6917
6945
6973
7000
7003
7024
7067
7235
7248
7296
7319
7325
7368
7393
7453
7525
7554
7658
7683
7723
7772
7778
7809
7813
7839
7847
7873
7877
7946
7961
7988
8002
8050
8054
8097
8119
8130
8136
8176
8211
8245
8273
8282
8284
8325
8338
8454
8477
8507
8520
8542
8544
8576
8603
8650
8703
8782
8844
8947
8964
9037
9063
9071
9142
9177
9270
9286
9340
9356
9389
9390
9473
9477
9511
9551
9560
9601
9616
9633
9656
9672
9680
9706
9724
9804
9810
9851
9867
9934
10050
10052
10053
10055
10060
10064
10065
10083
10116
10132
10139
10178
10293
10306
10402
10468
10482
10526
10551
10591
10606
10772
10797
10803
10910
10943
10959
11004
11008
11046
11096
11119
11130
11147
11199
11295
11298
11339
11343
11344
11357
11375
11454
11579
11591
11614
11629
11663
11680
11683
11702
11710
11725
11768
11817
11822
11830
11870
11901
11916
11964
11972
12111
12221
12350
12355
12362
12382
12503
12513
12519
12522
12597
12653
12659
12679
12685
12695
12858
12915
12928
12933
12949
12960
12993
13019
13111
13133
13135
13142
13167
13179
13217
13289
13344
13362
13387
13424
13440
13450
13455
13573
13667
13677
13685
13733
13761
13813
13824
13914
13958
13966
14032
14035
14073
14107
14253
14273
14303
14395
14411
14423
14461
14477
14502
14524
14578
14610
14671
14697
14733
14737
14738
14787
14792
14863
14864
14866
14991
15056
15073
15084
15161
15197
15254
15416
15428
15525
15535
15544
15563
15573
15621
15649
15674
15762
15811
15816
15822
15863
15921
15931
15952
15964
15968
16062
16130
16157
16234
16329
16403
16456
16476
16483
16494
16539
16546
16610
16695
16773
16875
16881
17007
17047
17063
17181
17213
17234
17264
17294
17335
17397
17398
17422
17437
17490
17511
17512
17534
17540
17570
17592
17735
17776
17886
17898
17907
17922
17926
18009
18013
18043
18060
18086
18110
18117
18136
18176
18181
18191
18192
18356
18405
18406
18417
18508
18529
18538
18657
18699
18755
18759
18778
18811
18816
18888
18907
19045
19160
19168
19179
19180
19191
19192
19196
19204
19261
19276
19284
19298
19348
19384
19400
19582
19656
19686
19711
19746
19755
19826
19874
19878
19919
19936
19955
20077
20106
20123
20144
20179
20273
20274
20290
20301
20390
20417
20482
20511
20522
20555
20651
20652
20676
20715
20891
20893
20952
21017
21023
21046
21053
21142
21145
21188
21301
21393
21440
21481
21550
21606
21623
21647
21709
21712
21743
21894
22014
22043
22044
22070
22076
22127
22131
22146
22226
22359
22441
22581
22666
22707
22728
22739
22758
22761
22847
22868
22873
22923
22974
23031
23051
23097
23182
23185
23194
23207
23278
23285
23306
23553
23629
23631
23639
23717
23722
23788
23891
23971
23998
24110
24331
24337
24344
24377
24392
24413
24523
24609
24702
24722
24772
24790
24837
24877
24897
24904
24982
25009
25055
25059
25062
25116
25122
25140
25143
25271
25274
25315
25336
25364
25369
25416
25463
25486
25494
25510
25568
25595
25610
25685
25750
25771
25841
25862
25864
25893
25974
26090
26107
26172
26177
26231
26238
26256
26283
26325
26330
26387
26400
26454
26470
26474
26535
26654
26740
26884
26889
26917
26969
26974
27008
27013
27050
27211
27218
27220
27247
27286
27316
27421
27465
27553
27562
27585
27634
27706
27715
27818
27835
27934
27968
27974
28033
28122
28281
28334
28389
28438
28455
28459
28511
28550
28556
28569
28591
28610
28617
28665
28704
28724
28861
28904
28925
28974
28988
29035
29118
29167
29330
29482
29607
29615
29625
29700
29757
29851
29864
29932
29938
29961
29994
29995
30089
30108
30138
30160
30305
30362
30393
30461
30564
30582
30605
30618
30758
30810
30836
31008
31074
31139
31194
31242
31263
31293
31310
31363
31369
31388
31414
31458
31524
31538
31584
31596
31609
31610
31621
31648
31741
31760
31775
31782
31812
31836
31909
31939
32077
32082
32087
32091
32102
32156
32174
32198
32323
32352
32373
32393
32402
32455
32462
32535
32589
32681
32711
32717
32729
32747
32778
32824
32875
32880
32883
32942
32943
32968
33025
33034
33123
33161
33229
33239
33269
33280
33321
33341
33355
33361
33380
33397
33421
33450
33471
33496
33503
33577
33624
33642
33648
33675
33723
33724
33736
33750
33751
33766
33774
33805
33849
33864
33913
33919
33957
34016
34040
34042
34134
34174
34209
34212
34261
34380
34429
34433
34501
34596
34612
34669
34672
34681
34702
34835
34876
34926
34939
34947
35044
35141
35254
35460
35598
35609
35693
35720
35796
35806
35814
35836
36037
36038
36078
36080
36081
36367
36373
36422
36524
36615
36680
36690
36790
36807
36829
36975
37011
37014
37062
37072
37131
37156
37167
37255
37302
37323
37324
37394
37417
37430
37474
37514
37576
37592
37599
37616
37683
37704
37722
37741
37949
37958
37970
37981
37985
38016
38127
38197
38271
38279
38338
38349
38457
38468
38474
38491
38504
38536
38606
38718
38781
38949
38971
38992
39108
39116
39171
39213
39222
39223
39224
39234
39357
39362
39421
39456
39488
39543
39547
39553
39557
39576
39644
39654
39767
39868
39973
39974
-1
