13
86
216
252
266
297
456
525
546
615
622
690
735
795
880
963
999
1066
1082
1090
1190
1229
1241
1396
1400
1406
1408
1412
1438
1461
1576
1581
1630
1635
1653
1678
1737
1741
1745
1889
1926
1942
1969
1974
2052
2083
2091
2150
2192
2250
2293
2450
2458
2468
2523
2540
2549
2642
2655
2758
2777
2815
2832
2840
2875
2930
2984
3035
3075
3134
3265
3276
3278
3280
3333
3348
3362
3369
3371
3414
3449
3502
3514
3515
3574
3578
3608
3622
3668
3675
3739
3828
3834
3837
3864
3871
4002
4006
4060
4071
4102
4106
4122
4153
4168
4171
4195
4208
4269
4313
4380
4419
4489
4495
4549
4563
4584
4593
4621
4661
4672
4741
4772
4784
4801
4802
4805
4844
4946
4966
5008
5013
5055
5171
5217
5224
5290
5329
5385
5388
5402
5408
5424
5428
5447
5524
5532
5619
5681
5684
5690
5786
5809
5818
5845
5900
5919
5953
6014
6048
6079
6103
6120
6121
6199
6219
6220
6285
6289
6304
6358
6528
6535
6587
6636
6677
6724
6729
6753
6807
6841
6869
6950
6985
7009
7029
7053
7153
7163
7394
7456
7489
7506
7647
7743
7855
7861
7870
7945
7996
8095
8106
8131
8144
8153
8188
8189
8237
8250
8278
8287
8326
8487
8536
8562
8577
8590
8616
8619
8674
8717
8810
8811
8954
9005
9035
9061
9113
9132
9156
9162
9207
9225
9264
9292
9306
9331
9454
9492
9522
9526
9568
9569
9612
9708
9721
9772
9791
9800
9803
9852
9853
9860
9882
9925
9962
10048
10072
10088
10197
10209
10215
10253
10276
10317
10322
10352
10368
10381
10386
10447
10462
10485
10493
10518
10524
10571
10652
10686
10975
10980
11088
11132
11138
11147
11152
11228
11230
11250
11332
11372
11392
11419
11473
11510
11516
11522
11542
11564
11620
11700
11774
11915
11957
11992
12002
12037
12108
12132
12135
12165
12270
12326
12415
12443
12454
12481
12500
12503
12541
12567
12586
12627
12635
12740
12749
12824
12847
12890
12901
12955
13074
13154
13212
13239
13269
13297
13320
13324
13382
13383
13430
13447
13449
13459
13481
13584
13591
13597
13603
13610
13619
13659
13664
13691
13752
13787
13800
13845
13848
13874
13952
14127
14184
14185
14199
14222
14232
14239
14309
14333
14354
14364
14427
14429
14441
14499
14524
14588
14610
14825
14843
14927
14972
15132
15248
15285
15308
15323
15386
15400
15431
15512
15545
15583
15677
15699
15728
15774
15815
15827
15884
16019
16027
16050
16053
16085
16106
16195
16226
16227
16315
16370
16402
16419
16461
16462
16570
16574
16577
16582
16595
16609
16640
16649
16717
16731
16870
16936
16948
16962
16983
17063
17066
17120
17245
17296
17309
17387
17486
17503
17589
17640
17646
17648
17661
17701
17713
17739
17747
17823
17844
17879
17906
17932
17943
17959
18003
18090
18157
18161
18199
18205
18249
18254
18287
18345
18382
18383
18453
18569
18661
18693
18845
18859
18895
18957
18984
18997
19006
19029
19052
19100
19188
19218
19223
19239
19314
19339
19401
19407
19439
19481
19532
19610
19688
19694
19758
19795
19812
20013
20035
20101
20113
20189
20199
20213
20248
20277
20326
20362
20382
20415
20454
20472
20633
20640
20650
20689
20713
20774
20785
20929
20944
20979
21003
21110
21119
21155
21238
21261
21301
21337
21346
21387
21404
21428
21460
21465
21468
21471
21562
21566
21620
21642
21667
21691
21794
21818
21821
21822
21861
21877
21883
21886
22019
22048
22069
22082
22111
22114
22150
22279
22284
22294
22317
22362
22374
22438
22456
22459
22463
22464
22491
22537
22545
22583
22627
22675
22681
22728
22782
22824
22835
22843
22847
22854
22897
22944
23049
23062
23146
23160
23241
23243
23345
23378
23527
23573
23575
23721
23728
23745
23758
23845
24009
24015
24072
24161
24249
24290
24291
24314
24340
24375
24410
24475
24499
24503
24513
24612
24677
24785
24830
24869
24959
24967
24987
25040
25100
25141
25243
25260
25315
25319
25331
25350
25448
25529
25552
25575
25702
25731
25752
25784
25815
25867
25913
25937
26036
26046
26094
26108
26121
26335
26338
26375
26407
26420
26463
26476
26482
26530
26567
26610
26704
26721
26786
26863
26943
26953
26994
27013
27021
27035
27099
27156
27180
27231
27249
27302
27304
27309
27361
27373
27399
27441
27498
27500
27552
27571
27627
27632
27723
27752
27791
27825
27856
27857
27921
27939
28055
28096
28129
28174
28224
28284
28311
28315
28320
28382
28390
28453
28461
28490
28502
28505
28513
28520
28595
28598
28659
28689
28725
28779
28799
28854
28863
28884
28955
28972
29012
29027
29032
29044
29213
29228
29239
29250
29283
29284
29315
29341
29358
29391
29509
29521
29579
29586
29624
29628
29641
29679
29725
29731
29793
29854
29857
29961
30005
30160
30208
30231
30415
30503
30508
30528
30575
30626
30651
30674
30755
30784
30793
30801
30820
30840
30850
30900
30918
30926
30927
30976
31043
31066
31092
31143
31178
31336
31404
31411
31420
31421
31427
31454
31512
31622
31722
31756
31816
31834
31927
31947
31986
32002
32143
32235
32287
32370
32427
32462
32465
32487
32537
32570
32573
32579
32610
32666
32765
32797
32800
32823
32866
32936
32963
33081
33084
33098
33123
33136
33142
33179
33271
33280
33281
33296
33340
33479
33499
33532
33566
33569
33602
33613
33629
33646
33721
33737
33741
33790
33854
33935
33945
34014
34016
34050
34063
34073
34100
34104
34181
34225
34257
34292
34299
34325
34355
34387
34398
34405
34416
34433
34437
34459
34463
34645
34681
34689
34706
34794
34829
34850
34890
34942
34954
34965
34999
35117
35182
35201
35210
35319
35340
35342
35371
35455
35457
35491
35492
35661
35711
35816
35905
35938
35942
35956
36000
36093
36101
36274
36298
36321
36331
36381
36501
36517
36528
36563
36566
36735
36791
36856
36960
36990
37001
37009
37045
37047
37061
37072
37097
37112
37149
37171
37179
37202
37263
37320
37332
37450
37473
37587
37601
37697
37727
37743
37792
37804
37958
37967
38018
38029
38107
38128
38171
38183
38204
38299
38382
38399
38560
38643
38751
38759
38782
38817
38827
38852
38918
38982
38991
39095
39112
39114
39118
39147
39175
39187
39217
39247
39256
39356
39363
39394
39492
39509
39608
39655
39662
39722
39778
39785
39793
39815
39848
39851
39882
39970
39971
-1