22
75
155
177
292
325
369
396
411
513
527
533
572
608
643
680
686
784
796
911
944
967
989
996
998
1010
1059
1075
1158
1161
1182
1189
1266
1351
1380
1384
1447
1448
1453
1466
1467
1510
1569
1581
1624
1677
1754
1801
1839
1974
2050
2121
2171
2207
2209
2277
2391
2420
2451
2476
2536
2567
2628
2646
2690
2695
2718
2781
2794
2796
2808
2817
2863
2868
2908
2924
2942
2943
2959
3026
3171
3181
3185
3264
3403
3432
3462
3496
3503
3504
3565
3578
3591
3656
3788
3903
3905
3917
3926
3959
4001
4030
4050
4126
4203
4268
4365
4491
4509
4513
4569
4607
4635
4750
4771
4779
4868
4879
4915
4971
5022
5118
5127
5157
5175
5202
5207
5262
5289
5292
5310
5314
5447
5486
5515
5541
5556
5667
5714
5815
5840
5880
5895
5992
6167
6241
6434
6457
6479
6480
6485
6550
6587
6610
6680
6692
6702
6778
6874
6910
7051
7309
7315
7373
7416
7449
7499
7585
7665
7699
7766
7838
7860
7869
7874
7908
7915
7957
7960
7995
8032
8057
8061
8196
8405
8428
8485
8572
8574
8584
8726
8728
8751
8762
8765
8776
8815
8873
8988
9109
9159
9202
9251
9258
9334
9346
9349
9369
9480
9510
9521
9539
9568
9604
9626
9712
9770
9816
9853
9854
9883
9908
9991
10007
10182
10281
10420
10427
10572
10588
10625
10659
10664
10667
10716
10764
10861
10864
10894
10909
10956
10993
11140
11169
11202
11234
11322
11332
11344
11419
11573
11616
11622
11671
11677
11751
11775
11778
11789
11816
11824
11840
11908
11942
11947
12011
12042
12073
12083
12092
12126
12127
12145
12175
12184
12197
12242
12331
12340
12349
12355
12464
12469
12472
12499
12511
12625
12631
12644
12695
12756
12809
12810
12871
12899
13070
13103
13121
13167
13188
13192
13204
13222
13292
13403
13404
13422
13437
13443
13473
13509
13578
13593
13622
13663
13676
13684
13798
13799
13887
13912
13952
14005
14023
14032
14112
14301
14333
14351
14513
14533
14536
14555
14608
14655
14727
14787
14822
14840
14857
14915
14927
15068
15090
15092
15122
15127
15154
15204
15274
15284
15300
15314
15337
15382
15458
15485
15487
15515
15543
15570
15592
15628
15631
15646
15785
15863
15908
15938
15975
15987
16001
16074
16124
16193
16205
16216
16258
16290
16302
16314
16377
16405
16437
16451
16525
16594
16597
16631
16661
16676
16763
16764
16792
16811
16834
16843
16860
16890
16928
17003
17023
17116
17134
17291
17295
17299
17327
17336
17398
17405
17435
17452
17454
17497
17517
17529
17537
17555
17599
17638
17640
17641
17649
17659
17733
17753
17754
17852
17878
17937
17953
17973
17975
17982
18005
18052
18053
18096
18156
18176
18232
18255
18304
18506
18510
18518
18540
18558
18563
18568
18573
18575
18634
18636
18640
18641
18668
18669
18689
18700
18733
18770
18771
18921
19085
19113
19128
19208
19214
19229
19247
19285
19313
19332
19363
19409
19418
19592
19621
19635
19678
19699
19715
19718
19726
19763
19895
19896
19901
19913
19964
20058
20067
20069
20093
20142
20224
20252
20274
20287
20315
20334
20369
20375
20379
20489
20609
20652
20808
20872
20915
20966
20981
20989
21003
21008
21034
21036
21039
21144
21176
21191
21224
21269
21369
21377
21389
21434
21463
21632
21646
21672
21690
21725
21821
21834
21949
21954
21974
22044
22073
22150
22318
22437
22481
22488
22615
22623
22647
22709
22772
22818
22863
22886
22964
22989
23003
23037
23077
23158
23205
23213
23272
23273
23300
23324
23429
23460
23499
23501
23513
23524
23621
23636
23701
23755
23778
23892
23918
23955
23962
24002
24006
24013
24026
24059
24144
24177
24186
24229
24297
24326
24363
24364
24386
24428
24441
24456
24522
24525
24585
24616
24625
24723
24753
24776
24880
24943
24983
24988
25061
25071
25164
25373
25378
25403
25436
25501
25503
25527
25577
25626
25635
25671
25693
25709
25733
25800
25803
25834
25895
25971
25975
25990
26038
26074
26121
26176
26215
26229
26239
26276
26283
26306
26309
26317
26324
26341
26406
26482
26503
26515
26545
26563
26677
26707
26714
26764
26766
26788
26824
26839
26904
26933
26935
26950
26981
27064
27065
27069
27071
27079
27083
27132
27149
27341
27394
27401
27455
27459
27460
27507
27518
27565
27586
27657
27735
27780
27781
27783
27822
27824
27829
27830
27872
27887
27966
27979
28056
28057
28098
28147
28200
28302
28304
28328
28349
28470
28477
28578
28592
28622
28641
28643
28754
28761
28773
28775
28795
28800
28863
28864
28943
28970
29070
29077
29157
29184
29187
29209
29211
29216
29238
29336
29339
29364
29379
29413
29498
29535
29538
29554
29632
29644
29647
29780
29786
29796
29813
29852
29859
29864
29883
29891
29893
29918
29927
29935
29964
29971
30044
30046
30100
30107
30251
30298
30304
30327
30364
30418
30437
30452
30498
30558
30584
30589
30597
30694
30728
30729
30745
30777
30784
30825
30829
30840
30854
30891
30959
30981
31037
31239
31267
31307
31315
31319
31375
31392
31411
31460
31499
31532
31636
31719
31771
31851
31894
31981
31986
32017
32093
32115
32136
32188
32266
32363
32430
32461
32474
32537
32558
32601
32609
32618
32644
32662
32702
32833
32847
32935
32952
32987
33093
33139
33145
33196
33216
33228
33248
33279
33309
33333
33399
33539
33592
33595
33653
33672
33765
33811
33845
34066
34075
34085
34145
34216
34221
34276
34315
34336
34340
34358
34379
34493
34538
34556
34561
34662
34666
34677
34707
34740
34830
34892
34901
34918
34939
34958
35005
35024
35089
35185
35327
35338
35365
35395
35438
35450
35456
35519
35526
35556
35580
35583
35636
35642
35667
35799
35912
35943
35956
36048
36064
36082
36253
36271
36309
36366
36392
36442
36497
36521
36525
36576
36650
36657
36739
36754
36795
36984
37022
37023
37095
37141
37148
37176
37238
37254
37263
37268
37288
37300
37314
37381
37432
37516
37558
37564
37604
37730
37761
37769
37798
37855
37883
37961
37964
38008
38129
38165
38181
38243
38282
38365
38391
38480
38483
38520
38602
38614
38667
38748
38799
38806
38852
38861
38875
38920
38954
38955
38983
38996
39046
39130
39153
39181
39193
39241
39306
39328
39338
39342
39348
39365
39427
39465
39545
39556
39573
39596
39605
39630
39659
39778
39821
39828
39880
39891
39906
-1
