22
24
90
208
308
316
381
384
396
528
531
585
602
629
657
663
674
687
700
701
958
981
1117
1140
1230
1291
1338
1376
1431
1474
1489
1536
1560
1588
1622
1683
1720
1795
1904
1923
1999
2015
2034
2097
2126
2161
2253
2343
2458
2494
2610
2634
2650
2724
2825
2987
3071
3089
3096
3120
3141
3169
3182
3184
3209
3226
3315
3359
3374
3429
3437
3476
3479
3603
3626
3673
3690
3724
3779
3786
3839
3886
3922
3981
4014
4084
4085
4087
4109
4125
4169
4210
4283
4329
4421
4425
4436
4440
4465
4520
4529
4533
4607
4612
4694
4826
4836
4887
4932
4984
4988
5023
5062
5145
5197
5214
5220
5256
5270
5333
5354
5375
5429
5491
5495
5521
5548
5574
5610
5652
5672
5742
5762
5789
5800
5922
6051
6062
6114
6213
6258
6344
6398
6447
6479
6541
6575
6577
6587
6605
6633
6642
6674
6716
6731
6782
6810
6841
6865
6902
6928
6983
7001
7040
7133
7185
7323
7370
7410
7470
7508
7524
7591
7599
7603
7714
7893
7914
7952
7984
8023
8108
8140
8182
8201
8214
8314
8380
8397
8453
8467
8470
8502
8524
8573
8607
8666
8675
8691
8773
8801
8812
8820
8851
8852
8878
8881
8889
8904
9104
9121
9156
9241
9280
9283
9352
9354
9407
9465
9504
9506
9520
9546
9609
9618
9622
9637
9661
9662
9679
9697
9704
9744
9750
9832
9998
10008
10030
10154
10196
10201
10209
10212
10247
10275
10292
10318
10331
10419
10476
10497
10505
10588
10636
10642
10666
10797
10802
10870
10969
10976
11008
11083
11180
11189
11252
11352
11389
11396
11467
11494
11524
11532
11600
11673
11751
11753
11774
11787
11868
11877
11935
11973
12025
12041
12122
12139
12170
12189
12212
12277
12288
12289
12332
12365
12382
12384
12402
12409
12429
12599
12630
12658
12688
12761
12768
12790
12951
12954
12982
13015
13025
13039
13078
13204
13205
13210
13238
13406
13409
13457
13462
13535
13549
13672
13695
13770
13864
14000
14022
14135
14138
14146
14192
14289
14313
14331
14333
14351
14459
14522
14547
14556
14611
14647
14655
14684
14717
14747
14768
14820
14837
14929
14936
15083
15094
15108
15161
15196
15279
15299
15378
15398
15405
15426
15531
15581
15646
15696
15697
15796
15838
15902
15938
16116
16205
16261
16317
16329
16385
16394
16453
16466
16483
16511
16545
16585
16654
16684
16694
16710
16719
16787
16793
16822
16853
16896
16906
16931
16992
17074
17091
17101
17138
17143
17181
17294
17302
17347
17348
17395
17406
17428
17453
17536
17538
17653
17658
17699
17717
17725
17746
17754
17831
17909
17920
17934
17979
18069
18079
18094
18150
18430
18439
18497
18583
18605
18640
18693
18740
18765
18796
18807
18832
18897
18928
18953
18971
19077
19094
19135
19139
19199
19216
19269
19313
19341
19418
19435
19445
19461
19468
19478
19480
19621
19678
19689
19707
19737
19818
19825
19937
19944
19972
20027
20084
20226
20273
20300
20323
20325
20424
20455
20518
20586
20655
20702
20732
20738
20808
20839
20915
20945
20973
20987
21096
21103
21110
21119
21176
21179
21222
21302
21329
21335
21354
21355
21358
21418
21434
21451
21483
21534
21555
21559
21644
21720
21747
21814
21859
21902
21949
22044
22089
22120
22148
22217
22365
22392
22422
22438
22484
22513
22523
22549
22557
22588
22644
22646
22702
22768
22781
22785
22843
22894
22896
22979
23042
23043
23055
23100
23110
23132
23187
23210
23217
23227
23238
23298
23317
23342
23424
23457
23469
23547
23633
23641
23645
23648
23653
23681
23684
23723
23735
23771
23804
23827
23836
23860
23878
23958
24044
24047
24122
24231
24273
24360
24384
24395
24397
24423
24506
24508
24655
24789
24816
24856
24926
24978
24994
25006
25022
25172
25219
25267
25358
25459
25548
25558
25617
25660
25722
25744
25794
25817
25878
25917
25987
26097
26107
26237
26274
26275
26287
26289
26311
26324
26331
26449
26495
26519
26542
26548
26573
26593
26645
26649
26704
26719
26761
26765
26773
26816
26824
26858
26870
27029
27104
27111
27113
27188
27282
27320
27324
27352
27360
27388
27398
27460
27469
27477
27645
27670
27745
27773
27835
27861
27872
28012
28055
28120
28126
28129
28147
28218
28282
28291
28312
28339
28370
28458
28493
28511
28522
28523
28619
28633
28731
28740
28755
28830
28941
28953
28957
28983
29007
29008
29113
29184
29189
29242
29250
29271
29303
29354
29404
29494
29601
29615
29688
29721
29732
29738
29750
29766
29817
29959
29979
30034
30065
30162
30172
30202
30211
30313
30323
30339
30401
30407
30432
30486
30491
30502
30679
30715
30718
30798
30834
30842
30853
30894
30925
30985
31038
31085
31114
31132
31167
31196
31305
31315
31325
31331
31349
31398
31403
31500
31577
31596
31639
31667
31700
31717
31762
31804
31805
31850
31976
32062
32087
32172
32259
32263
32309
32352
32413
32437
32449
32479
32518
32551
32561
32618
32623
32632
32635
32649
32681
32685
32750
32756
32759
32794
32823
32835
32869
32878
32977
33046
33055
33089
33157
33219
33279
33318
33337
33369
33401
33416
33425
33450
33496
33499
33509
33538
33588
33636
33643
33645
33653
33689
33699
33751
33759
33849
33850
33903
33936
33938
33992
34020
34024
34040
34087
34096
34102
34190
34257
34352
34431
34544
34580
34604
34608
34612
34616
34670
34682
34729
34760
34825
34860
34896
34942
35034
35109
35122
35284
35331
35390
35422
35451
35459
35490
35493
35515
35590
35614
35615
35706
35749
35758
35776
35780
35800
35811
35852
35916
35924
35954
35958
35981
36014
36037
36070
36101
36179
36234
36303
36307
36350
36404
36416
36432
36521
36570
36613
36652
36692
36709
36721
36722
36730
36742
36795
36804
36806
36885
36905
37106
37195
37208
37234
37290
37307
37342
37410
37478
37504
37540
37617
37650
37670
37722
37731
37766
37879
37902
37935
37956
37957
37975
37986
37987
38000
38019
38119
38147
38198
38222
38263
38265
38351
38421
38514
38532
38533
38574
38613
38668
38765
38766
38777
38821
38841
38866
38879
38891
38914
38943
38947
38956
38983
38989
39000
39036
39073
39097
39139
39174
39204
39219
39224
39228
39267
39285
39317
39328
39379
39387
39430
39442
39461
39500
39539
39545
39651
39667
39672
39674
39678
39683
39721
39755
39803
39804
39848
39878
39953
39991
-1
