587
835
971
1053
1117
1123
1207
1308
1351
1412
1551
2109
2303
2317
2547
2581
2616
2749
2824
2825
2844
2867
2888
2955
2980
3126
3269
3340
3526
3697
3746
3839
3945
4002
4023
4114
4224
4467
4504
4550
4610
4713
4734
4813
4865
4973
5168
5172
5315
5334
5422
5595
5846
5921
6013
6100
6115
6197
6216
6324
6339
6342
6466
6481
6516
6589
6713
6776
6792
6901
6907
7190
7286
7353
7357
7359
7461
7496
7528
7642
7701
7712
7846
7968
8041
8069
8267
8574
8747
8760
9046
9150
9171
9246
9636
9748
9802
9840
9908
9992
-1
