2
49
92
93
175
216
242
269
292
297
321
419
429
438
503
522
533
537
564
653
658
688
722
831
859
884
928
940
969
1007
1016
1019
1021
1040
1046
1067
1108
1111
1116
1151
1185
1186
1190
1260
1264
1276
1281
1325
1349
1372
1391
1395
1416
1443
1465
1498
1539
1546
1578
1581
1588
1623
1699
1704
1748
1757
1798
1805
1806
1829
1845
1875
1912
1920
1933
1942
1968
1981
1982
2019
2022
2106
2123
2127
2155
2192
2223
2247
2262
2328
2330
2360
2375
2391
2410
2415
2427
2432
2435
2439
2507
2549
2556
2597
2644
2648
2683
2703
2704
2717
2742
2769
2772
2804
2843
2858
2888
2894
2903
2921
2946
3009
3023
3037
3042
3103
3107
3109
3182
3201
3203
3209
3263
3308
3330
3332
3351
3353
3371
3385
3387
3442
3523
3538
3550
3561
3573
3586
3588
3644
3681
3779
3807
3870
3877
3896
3914
3916
3934
3987
4007
4027
4049
4053
4085
4088
4102
4111
4132
4156
4169
4171
4176
4188
4208
4220
4222
4230
4232
4237
4268
4273
4384
4385
4386
4391
4409
4425
4427
4480
4483
4492
4495
4499
4513
4533
4575
4611
4620
4667
4682
4687
4729
4742
4744
4747
4769
4794
4819
4847
4932
4973
4983
5005
5042
5087
5103
5104
5115
5119
5137
5165
5167
5172
5189
5195
5223
5236
5244
5293
5326
5335
5349
5368
5408
5439
5466
5478
5501
5517
5527
5565
5603
5614
5652
5670
5688
5749
5765
5798
5877
5889
5890
5903
5914
5930
5949
6047
6060
6078
6102
6126
6139
6156
6161
6179
6240
6245
6281
6306
6327
6338
6381
6385
6421
6466
6467
6502
6515
6535
6544
6595
6648
6667
6676
6757
6788
6820
6864
6917
6955
6998
7138
7175
7200
7226
7237
7239
7264
7300
7362
7426
7506
7593
7595
7687
7696
7709
7727
7766
7820
7821
7842
7871
7900
7910
7915
7941
7963
8058
8075
8082
8115
8158
8166
8173
8216
8228
8251
8309
8314
8356
8357
8422
8427
8473
8519
8556
8564
8575
8605
8636
8641
8646
8691
8706
8771
8772
8812
8854
8862
8875
8904
8908
8931
8948
8952
8976
8994
9052
9062
9080
9082
9089
9100
9113
9119
9120
9129
9136
9139
9148
9179
9180
9216
9276
9281
9307
9356
9439
9463
9559
9630
9632
9638
9654
9678
9684
9700
9728
9729
9786
9802
9812
9822
9832
9911
9930
9948
9961
-1
