32
53
56
68
82
130
134
140
143
153
154
156
210
239
311
329
334
352
368
374
411
454
568
570
576
605
623
634
637
689
702
727
750
829
863
881
886
903
933
949
961
968
981
1062
1105
1125
1195
1200
1251
1259
1284
1294
1312
1343
1395
1419
1434
1447
1459
1486
1506
1507
1673
1686
1688
1722
1723
1734
1738
1764
1781
1793
1798
1815
1829
1834
1864
1899
1915
1966
1989
2131
2141
2144
2150
2157
2272
2323
2335
2356
2373
2396
2406
2413
2446
2448
2449
2457
2481
2483
2497
2582
2586
2608
2612
2635
2640
2643
2652
2680
2700
2728
2740
2744
2760
2806
2810
2862
2920
2924
2932
2970
2973
3130
3159
3181
3266
3283
3318
3335
3338
3414
3445
3522
3540
3579
3585
3587
3605
3609
3638
3656
3732
3741
3778
3780
3781
3801
3821
3843
3874
3878
3887
3920
3958
3967
3977
4030
4038
4049
4063
4070
4115
4137
4148
4176
4205
4229
4251
4252
4268
4282
4287
4333
4343
4349
4430
4456
4565
4584
4600
4613
4627
4807
4810
4855
4858
4882
4904
4915
4932
4940
4944
4959
4975
4992
5041
5079
5109
5205
5241
5256
5259
5312
5344
5366
5384
5388
5413
5437
5460
5480
5486
5532
5540
5552
5640
5661
5664
5688
5692
5704
5712
5840
5866
5923
5931
5941
5946
5970
6002
6013
6024
6039
6078
6080
6104
6150
6176
6245
6287
6323
6344
6359
6379
6399
6416
6431
6433
6472
6488
6593
6596
6597
6604
6613
6624
6666
6679
6693
6702
6708
6723
6731
6748
6749
6752
6757
6759
6817
6819
6828
6843
6859
6863
6877
6915
6926
6975
7011
7017
7030
7061
7149
7186
7188
7216
7221
7230
7351
7355
7439
7482
7491
7496
7569
7570
7575
7576
7587
7595
7624
7625
7652
7682
7737
7754
7758
7767
7768
7784
7815
7858
7860
7880
7885
7888
7894
7979
7999
8055
8142
8143
8167
8184
8235
8291
8357
8358
8367
8404
8412
8438
8464
8482
8508
8512
8513
8586
8597
8638
8642
8653
8669
8681
8769
8773
8774
8776
8787
8794
8831
8860
8868
8876
8886
8890
8897
8938
8939
8945
8981
8989
8990
9001
9013
9040
9046
9114
9151
9180
9187
9195
9200
9344
9359
9386
9405
9445
9483
9530
9538
9559
9582
9599
9619
9622
9641
9686
9692
9701
9743
9834
9842
9877
9902
9923
9983
9989
9997
-1
