24
25
35
37
80
95
116
117
270
302
326
335
418
424
443
446
451
453
457
508
514
554
594
609
627
710
769
787
812
830
856
873
874
877
912
922
936
946
991
1010
1020
1027
1028
1050
1060
1064
1115
1116
1146
1149
1199
1200
1211
1223
1249
1267
1289
1304
1315
1367
1463
1497
1516
1531
1573
1589
1646
1679
1702
1727
1745
1754
1796
1798
1808
1870
1882
1901
1922
1935
1970
2032
2033
2049
2059
2085
2096
2140
2194
2228
2272
2328
2332
2337
2345
2385
2423
2461
2467
2506
2507
2556
2627
2629
2633
2635
2667
2741
2812
2813
2824
2835
2842
2917
2927
2945
2962
3044
3071
3087
3099
3101
3161
3193
3194
3240
3261
3264
3285
3291
3387
3416
3429
3431
3433
3485
3501
3568
3573
3615
3617
3635
3689
3700
3709
3712
3732
3737
3748
3791
3803
3804
3814
3821
3842
3853
3889
3890
3907
3946
3948
3999
4039
4053
4057
4082
4084
4087
4103
4115
4174
4179
4199
4206
4213
4228
4291
4334
4342
4375
4396
4422
4443
4469
4474
4495
4693
4743
4771
4777
4866
4867
4874
4961
4981
5027
5030
5039
5073
5080
5089
5116
5190
5219
5240
5246
5323
5342
5421
5430
5442
5467
5477
5495
5506
5529
5582
5601
5639
5717
5782
5810
5821
5886
5904
5956
5985
6012
6058
6114
6137
6145
6155
6199
6216
6221
6275
6282
6290
6295
6297
6332
6355
6390
6404
6430
6448
6478
6600
6628
6668
6679
6683
6729
6731
6802
6825
6829
6839
6843
6844
6867
6869
6880
6881
6885
6889
6894
6928
6958
6973
7010
7033
7045
7049
7060
7064
7129
7175
7216
7229
7277
7353
7355
7369
7395
7428
7435
7461
7482
7507
7513
7525
7541
7559
7576
7583
7596
7628
7641
7646
7656
7719
7722
7730
7735
7766
7770
7777
7782
7812
7821
7825
7902
7922
7924
7930
7959
7971
7975
8012
8066
8084
8109
8176
8180
8187
8189
8257
8261
8267
8305
8349
8362
8419
8433
8521
8525
8534
8553
8568
8571
8578
8583
8590
8611
8621
8627
8636
8640
8650
8709
8744
8766
8778
8841
8844
8851
8870
8877
8891
8907
8938
8974
8984
8985
9005
9012
9065
9140
9158
9186
9215
9238
9268
9325
9329
9359
9370
9507
9535
9551
9562
9571
9572
9601
9617
9636
9659
9688
9693
9732
9865
9916
9931
9946
9949
9959
9966
9985
-1
