27
82
88
115
142
171
183
191
195
217
218
231
248
268
281
288
297
305
324
329
336
382
412
421
437
458
575
598
611
654
682
695
724
736
770
775
807
833
848
916
958
1052
1064
1091
1095
1113
1168
1240
1265
1273
1293
1323
1423
1445
1475
1509
1535
1538
1569
1585
1603
1628
1664
1670
1686
1693
1720
1728
1749
1761
1770
1780
1789
1801
1805
1820
1822
1826
1844
1880
1926
1972
1978
2003
2008
2013
2016
2017
2043
2072
2078
2086
2102
2116
2199
2268
2298
2299
2315
2338
2358
2359
2382
2397
2421
2426
2431
2459
2484
2507
2584
2638
2646
2704
2747
2793
2800
2830
2842
2847
2874
2908
2922
2932
2965
3019
3026
3068
3078
3084
3096
3112
3120
3127
3131
3144
3158
3185
3231
3242
3278
3320
3322
3354
3358
3375
3437
3453
3544
3551
3560
3568
3611
3622
3633
3706
3708
3727
3739
3773
3805
3808
3832
3834
3838
3862
3895
3897
3905
3911
3933
3955
3983
3989
4052
4079
4105
4174
4208
4212
4223
4255
4294
4295
4334
4344
4395
4418
4457
4459
4480
4516
4542
4555
4623
4626
4628
4686
4700
4717
4794
4839
4864
4885
4973
5020
5034
5036
5071
5087
5090
5102
5158
5203
5212
5400
5406
5439
5460
5478
5480
5493
5538
5598
5643
5692
5707
5713
5751
5778
5817
5821
5888
5924
5936
5949
5952
6001
6052
6060
6103
6109
6120
6135
6143
6158
6162
6176
6182
6196
6210
6243
6244
6323
6348
6361
6395
6411
6465
6480
6496
6497
6542
6552
6582
6583
6593
6609
6643
6656
6659
6684
6774
6816
6847
6887
6891
6962
7008
7023
7025
7029
7031
7041
7052
7055
7057
7107
7120
7126
7148
7162
7166
7183
7203
7256
7321
7325
7383
7393
7442
7471
7505
7510
7586
7591
7600
7626
7677
7682
7684
7694
7704
7740
7742
7788
7859
7874
7882
7897
7900
7935
7938
7960
8038
8100
8136
8144
8176
8195
8236
8249
8299
8306
8399
8423
8438
8445
8517
8520
8593
8624
8650
8661
8673
8696
8717
8728
8739
8775
8785
8791
8793
8807
8822
8854
8913
8928
8981
9072
9096
9119
9139
9181
9210
9236
9240
9264
9272
9291
9343
9412
9413
9419
9427
9441
9455
9518
9539
9561
9563
9569
9588
9599
9639
9645
9667
9704
9712
9742
9745
9769
9814
9829
9884
9900
9955
9977
9979
9997
-1
