73
80
109
114
156
159
171
184
217
226
306
354
375
431
437
446
460
511
532
574
598
622
654
679
691
712
749
763
820
893
897
914
919
935
984
995
1010
1018
1020
1055
1070
1131
1166
1192
1220
1282
1300
1303
1311
1318
1339
1393
1432
1448
1449
1511
1519
1531
1533
1572
1579
1582
1585
1631
1637
1644
1654
1660
1701
1713
1747
1790
1817
1834
1864
1933
1937
1953
1988
2045
2102
2132
2136
2151
2166
2173
2189
2193
2195
2248
2283
2303
2330
2343
2359
2379
2388
2402
2424
2445
2494
2529
2566
2575
2589
2639
2644
2682
2730
2744
2793
2794
2849
2857
2897
2906
2909
2920
2931
2984
2989
3006
3033
3097
3147
3162
3282
3364
3399
3417
3436
3445
3481
3528
3547
3672
3738
3740
3741
3749
3758
3813
3826
3838
3856
3886
3917
3934
3938
3941
3943
3983
3993
4022
4088
4098
4114
4123
4148
4165
4189
4214
4215
4237
4266
4283
4369
4391
4419
4450
4477
4489
4497
4510
4515
4517
4539
4548
4549
4553
4560
4619
4634
4669
4674
4712
4750
4762
4772
4790
4800
4808
4824
4853
4882
4914
4928
4960
5006
5040
5041
5116
5131
5139
5166
5170
5174
5180
5217
5249
5284
5397
5405
5428
5432
5460
5467
5485
5493
5508
5525
5541
5552
5569
5588
5616
5674
5678
5701
5724
5753
5755
5765
5785
5812
5823
5862
5886
5905
5932
5951
5970
6040
6046
6050
6062
6099
6105
6255
6260
6290
6304
6308
6309
6342
6345
6372
6380
6405
6463
6513
6518
6526
6527
6537
6570
6582
6585
6608
6658
6668
6688
6743
6809
6811
6851
6859
6864
6909
6941
6959
7098
7154
7155
7171
7219
7276
7312
7353
7360
7367
7379
7387
7389
7424
7438
7529
7581
7583
7589
7598
7601
7605
7611
7619
7651
7682
7689
7705
7707
7790
7791
7807
7809
7882
7894
7931
7944
8012
8023
8061
8099
8105
8134
8171
8186
8213
8247
8260
8357
8360
8362
8377
8378
8450
8460
8481
8509
8536
8557
8561
8585
8603
8640
8658
8661
8691
8696
8748
8810
8812
8826
8837
8925
8957
8993
9010
9045
9104
9112
9125
9206
9242
9243
9256
9276
9298
9300
9301
9387
9414
9416
9419
9441
9445
9460
9484
9487
9493
9495
9540
9548
9571
9583
9600
9609
9621
9663
9667
9669
9682
9705
9767
9808
9828
9864
9880
9897
9966
9983
-1
