93
132
157
174
182
185
194
197
240
248
253
277
283
296
306
307
348
403
412
430
446
458
464
472
488
490
504
510
530
542
559
731
761
788
790
791
795
808
817
860
881
900
917
920
933
1011
1063
1068
1083
1086
1096
1153
1248
1257
1276
1300
1305
1391
1573
1665
1747
1803
1815
1819
1834
1851
1860
1879
1900
1932
1949
1962
1984
2018
2031
2063
2097
2142
2146
2177
2198
2202
2239
2240
2256
2268
2327
2342
2360
2380
2403
2433
2484
2493
2500
2502
2553
2557
2616
2658
2679
2702
2708
2709
2714
2717
2726
2731
2754
2784
2828
2869
2878
2893
2919
2920
3026
3045
3057
3059
3079
3101
3107
3146
3160
3174
3177
3188
3226
3256
3263
3290
3313
3328
3333
3396
3403
3428
3518
3527
3607
3619
3669
3675
3685
3730
3735
3745
3748
3758
3761
3767
3814
3815
3828
3843
3860
3863
3908
3920
3984
4042
4066
4088
4094
4107
4120
4178
4201
4202
4220
4227
4279
4301
4356
4376
4444
4454
4475
4476
4522
4530
4566
4596
4747
4762
4841
4893
4899
4944
4963
4983
5008
5030
5076
5145
5207
5210
5217
5221
5237
5238
5251
5258
5263
5313
5317
5345
5350
5383
5414
5423
5461
5478
5515
5522
5586
5588
5595
5652
5664
5731
5739
5759
5760
5765
5785
5790
5892
5923
5926
5946
5972
6001
6023
6097
6102
6112
6201
6218
6228
6280
6288
6309
6327
6343
6348
6365
6410
6415
6446
6474
6500
6511
6540
6600
6657
6695
6714
6725
6748
6759
6785
6794
6799
6832
6842
6856
6904
6910
6925
6934
6935
6941
6984
6991
6996
7034
7075
7170
7175
7194
7239
7250
7292
7303
7374
7405
7414
7432
7441
7458
7488
7528
7552
7585
7631
7672
7673
7677
7697
7734
7761
7773
7778
7795
7799
7821
7826
7890
7899
7936
7945
7953
7969
8003
8030
8031
8075
8078
8094
8110
8134
8151
8178
8212
8235
8258
8304
8370
8372
8382
8391
8407
8416
8440
8458
8474
8506
8514
8596
8601
8606
8612
8633
8645
8647
8685
8690
8717
8731
8736
8737
8740
8756
8775
8877
8880
8898
8908
8957
8982
9028
9068
9082
9087
9119
9143
9154
9161
9165
9227
9237
9252
9268
9272
9321
9333
9335
9352
9371
9402
9434
9472
9489
9526
9545
9557
9596
9617
9715
9720
9792
9823
9825
9877
9927
9974
9978
9989
-1
