35
84
99
145
156
178
208
271
283
305
309
314
346
377
381
384
397
404
408
453
481
495
500
515
561
575
616
640
689
712
752
779
788
832
847
852
861
874
882
886
923
928
929
942
965
989
1023
1046
1154
1159
1160
1167
1188
1219
1233
1269
1285
1289
1298
1345
1451
1556
1569
1577
1631
1651
1653
1687
1765
1799
1816
1818
1822
1873
1902
1924
1948
1954
1976
1996
2023
2070
2077
2124
2158
2167
2178
2187
2201
2209
2227
2237
2251
2277
2288
2298
2306
2351
2372
2398
2400
2420
2428
2455
2462
2519
2536
2557
2558
2599
2609
2676
2700
2703
2729
2736
2765
2793
2819
2842
2853
2854
2905
2927
2940
2971
2989
3002
3062
3134
3164
3175
3187
3206
3228
3250
3288
3298
3299
3361
3390
3391
3433
3437
3455
3480
3507
3569
3590
3664
3676
3685
3693
3698
3706
3708
3731
3767
3793
3808
3826
3843
3882
3885
3953
3964
3994
4014
4024
4058
4059
4095
4135
4148
4229
4247
4251
4280
4281
4376
4383
4393
4405
4441
4465
4477
4478
4488
4511
4546
4547
4602
4665
4666
4669
4709
4730
4741
4752
4806
4895
4903
4972
4984
5001
5023
5034
5036
5046
5061
5063
5150
5209
5270
5285
5313
5316
5333
5374
5390
5392
5403
5407
5409
5430
5455
5500
5525
5611
5634
5636
5651
5654
5668
5692
5709
5728
5764
5834
5847
5885
5907
5923
5931
5932
5933
6019
6048
6069
6081
6097
6108
6121
6132
6142
6146
6200
6216
6271
6290
6291
6302
6308
6317
6340
6379
6441
6446
6448
6452
6463
6479
6485
6553
6567
6569
6713
6780
6844
6854
6905
6938
6969
6990
7002
7043
7052
7063
7092
7105
7128
7240
7258
7273
7278
7285
7326
7328
7408
7417
7424
7454
7458
7473
7486
7540
7568
7582
7635
7647
7692
7788
7815
7833
7864
7879
7882
7888
7900
7914
7961
7997
8051
8061
8089
8112
8115
8164
8210
8221
8244
8267
8298
8299
8396
8428
8456
8477
8496
8499
8532
8554
8577
8611
8631
8657
8670
8739
8756
8776
8779
8822
8867
8877
8942
8969
8979
8980
8990
9004
9017
9027
9093
9130
9166
9168
9180
9194
9204
9221
9235
9236
9255
9276
9343
9349
9367
9369
9392
9407
9499
9505
9511
9531
9565
9604
9622
9631
9641
9653
9749
9784
9798
9852
9855
9856
9861
9902
9909
9985
-1
