7
19
21
38
53
64
132
194
206
222
275
297
318
348
356
405
438
487
514
532
543
582
596
635
709
718
720
779
797
820
844
858
889
915
929
932
952
964
977
997
1041
1048
1078
1121
1124
1133
1141
1154
1169
1188
1219
1222
1298
1339
1357
1383
1416
1435
1485
1496
1511
1512
1528
1669
1709
1720
1722
1789
1832
1900
1906
1977
2012
2027
2038
2055
2069
2105
2109
2134
2138
2149
2161
2168
2201
2206
2211
2274
2276
2342
2354
2366
2395
2420
2423
2440
2467
2483
2499
2509
2562
2636
2755
2767
2795
2807
2854
2868
2877
2880
2887
2902
2903
2904
2938
2948
2949
2974
2978
3005
3013
3023
3039
3121
3123
3150
3152
3166
3192
3194
3321
3378
3429
3459
3498
3500
3512
3530
3562
3616
3645
3652
3658
3676
3680
3683
3702
3737
3738
3750
3803
3805
3826
3842
3845
3891
3918
3923
3933
3934
3952
3997
4009
4016
4020
4047
4062
4142
4301
4307
4342
4432
4469
4522
4544
4568
4622
4646
4659
4680
4691
4693
4698
4714
4725
4769
4803
4810
4812
4847
4868
4897
4908
4937
4979
4983
4985
5000
5007
5093
5110
5123
5124
5126
5145
5309
5349
5360
5378
5388
5414
5421
5427
5443
5456
5496
5515
5520
5612
5634
5654
5660
5699
5712
5731
5766
5801
5807
5812
5829
5837
5873
5888
5895
5937
5974
5984
5985
6053
6070
6075
6076
6116
6128
6130
6150
6167
6181
6183
6201
6215
6217
6248
6262
6287
6293
6342
6372
6401
6434
6437
6505
6509
6512
6543
6578
6604
6660
6663
6671
6674
6710
6715
6722
6737
6750
6753
6774
6792
6880
6890
6927
6952
6986
6991
6995
6999
7098
7114
7131
7148
7163
7183
7232
7282
7285
7335
7348
7370
7387
7394
7454
7455
7511
7538
7542
7550
7570
7604
7681
7742
7745
7748
7811
7952
7976
8035
8048
8074
8100
8118
8168
8181
8195
8204
8240
8243
8260
8276
8369
8379
8392
8411
8419
8422
8430
8443
8453
8466
8486
8490
8493
8497
8527
8540
8551
8563
8565
8590
8648
8664
8665
8666
8671
8795
8852
8880
8917
8934
8938
8961
8965
8978
9019
9036
9072
9139
9208
9216
9220
9268
9273
9347
9394
9412
9418
9423
9441
9459
9517
9556
9576
9580
9597
9712
9714
9719
9739
9789
9791
9800
9829
9844
9872
9885
9893
9901
9969
9975
9981
-1
