13
17
50
83
86
112
141
157
179
188
220
232
296
332
334
339
395
418
430
446
520
527
555
564
591
592
633
682
730
761
797
819
833
834
842
854
888
895
951
1014
1017
1057
1063
1111
1113
1141
1159
1177
1215
1222
1233
1272
1286
1320
1334
1353
1355
1373
1405
1410
1424
1442
1443
1471
1506
1586
1657
1698
1744
1795
1827
1833
1843
1866
1884
1906
1923
1926
1928
1946
1954
2021
2027
2099
2116
2165
2167
2225
2261
2289
2299
2301
2328
2398
2422
2451
2517
2545
2616
2641
2649
2716
2747
2801
2805
2834
2866
2903
2939
2944
2960
2975
3029
3035
3054
3069
3107
3129
3132
3147
3157
3190
3221
3261
3269
3271
3306
3311
3317
3324
3325
3381
3396
3400
3406
3416
3438
3448
3459
3471
3494
3506
3525
3536
3552
3555
3583
3587
3610
3650
3655
3701
3718
3719
3733
3734
3774
3778
3783
3811
3849
3902
3943
4038
4057
4101
4124
4138
4166
4180
4197
4289
4316
4321
4323
4325
4360
4372
4388
4420
4454
4462
4477
4490
4503
4512
4514
4541
4553
4564
4587
4591
4628
4637
4645
4690
4691
4704
4714
4757
4765
4787
4794
4796
4831
4838
4842
4872
4955
4967
4993
5047
5111
5128
5133
5135
5190
5195
5218
5251
5280
5294
5316
5344
5356
5362
5385
5404
5457
5546
5562
5571
5684
5711
5771
5786
5809
5815
5828
5835
5854
5914
5943
5993
6017
6029
6033
6045
6091
6101
6173
6195
6236
6253
6280
6315
6348
6352
6363
6395
6407
6463
6536
6587
6592
6612
6615
6640
6656
6749
6823
6830
6843
6861
6871
6874
6891
6906
6914
6955
6960
6988
7030
7056
7089
7140
7187
7273
7339
7354
7367
7381
7438
7471
7489
7557
7567
7574
7578
7605
7639
7747
7748
7754
7807
7809
7812
7879
7881
7923
7927
7947
7985
7994
8009
8049
8061
8102
8118
8127
8139
8151
8221
8225
8234
8255
8257
8270
8348
8374
8404
8443
8445
8460
8470
8486
8500
8513
8530
8532
8557
8564
8570
8591
8742
8755
8758
8761
8820
8887
8888
8890
8909
8985
8995
9010
9061
9080
9132
9147
9172
9188
9202
9241
9257
9289
9292
9307
9309
9324
9346
9382
9387
9406
9427
9430
9438
9447
9486
9599
9634
9651
9658
9669
9670
9683
9699
9703
9735
9750
9773
9834
9894
9912
9935
9939
9945
9958
9964
9982
-1
