84
97
101
122
149
171
174
205
247
316
336
351
508
553
573
582
624
687
764
777
800
804
831
846
856
859
903
910
927
928
947
950
952
966
978
980
987
1016
1041
1042
1047
1092
1108
1122
1205
1261
1285
1302
1324
1345
1350
1368
1382
1401
1432
1475
1476
1513
1532
1571
1648
1677
1735
1740
1808
1850
1921
1948
2020
2025
2063
2066
2091
2103
2106
2125
2131
2174
2193
2228
2253
2254
2278
2292
2321
2322
2338
2421
2471
2492
2501
2511
2585
2587
2646
2738
2770
2782
2812
2813
2821
2853
2864
2886
2892
2900
2911
2943
2952
2975
3013
3098
3126
3153
3161
3193
3235
3239
3243
3245
3251
3262
3294
3309
3337
3354
3391
3403
3433
3441
3442
3476
3489
3493
3528
3529
3562
3617
3629
3636
3756
3779
3784
3801
3880
3923
3937
3972
3977
3998
4016
4035
4056
4072
4079
4080
4105
4230
4251
4313
4338
4406
4438
4450
4461
4474
4483
4519
4551
4554
4558
4577
4588
4618
4627
4651
4659
4671
4680
4684
4736
4754
4782
4795
4817
4858
4866
4867
4869
4888
4896
4916
4929
4963
4971
4973
4976
5087
5169
5231
5245
5262
5274
5307
5318
5363
5382
5391
5422
5451
5464
5466
5508
5529
5556
5580
5599
5676
5701
5707
5714
5745
5802
5824
5835
5913
5937
5980
5983
6026
6079
6110
6147
6197
6208
6222
6226
6241
6279
6302
6307
6312
6322
6329
6362
6373
6377
6393
6398
6428
6489
6500
6521
6536
6548
6553
6567
6568
6575
6598
6600
6618
6691
6709
6718
6767
6774
6786
6840
6854
6879
6897
6960
7001
7072
7079
7084
7124
7128
7154
7163
7168
7196
7239
7248
7256
7258
7298
7304
7340
7343
7380
7406
7440
7454
7502
7508
7519
7545
7682
7704
7711
7720
7722
7815
7857
7879
7932
7950
7964
7973
7979
8029
8047
8050
8073
8134
8153
8170
8182
8219
8228
8296
8305
8314
8335
8413
8415
8421
8440
8453
8457
8470
8476
8483
8517
8526
8540
8542
8630
8637
8641
8657
8674
8686
8710
8738
8749
8805
8858
8859
8873
8881
8898
8909
8931
8966
8968
8982
9004
9017
9035
9062
9087
9119
9149
9158
9210
9221
9230
9301
9306
9313
9333
9337
9340
9356
9375
9414
9422
9474
9498
9510
9530
9537
9553
9575
9614
9655
9668
9712
9720
9736
9784
9795
9821
9904
9931
9974
9995
-1
