31
34
45
69
174
214
217
241
273
275
324
333
335
344
404
417
422
452
474
479
500
520
537
596
600
602
603
644
688
701
768
775
812
818
822
828
841
997
1018
1019
1020
1038
1039
1068
1097
1102
1126
1211
1265
1293
1335
1354
1361
1389
1391
1409
1432
1456
1460
1519
1541
1579
1585
1595
1624
1702
1715
1729
1752
1767
1786
1801
1896
1904
1906
1912
1936
1959
1982
1995
2043
2086
2096
2109
2129
2144
2182
2184
2186
2192
2258
2267
2309
2340
2362
2452
2469
2613
2616
2619
2641
2669
2674
2717
2739
2753
2759
2760
2776
2793
2840
2842
2847
2867
2889
2972
3003
3020
3025
3056
3090
3119
3149
3161
3188
3204
3212
3237
3246
3248
3250
3259
3278
3305
3369
3396
3399
3412
3419
3427
3430
3459
3485
3524
3529
3546
3562
3593
3614
3675
3691
3748
3777
3790
3804
3814
3822
3829
3835
3851
3862
3896
4033
4060
4064
4066
4075
4096
4100
4121
4142
4189
4240
4296
4322
4326
4356
4387
4392
4403
4412
4445
4455
4465
4472
4475
4486
4516
4528
4535
4542
4558
4587
4627
4661
4674
4685
4717
4719
4737
4752
4755
4772
4786
4802
4828
4841
4843
4856
4857
4991
5025
5027
5033
5094
5184
5200
5209
5215
5306
5332
5403
5418
5425
5504
5508
5546
5584
5586
5601
5637
5638
5661
5663
5682
5684
5710
5711
5713
5768
5770
5783
5807
5835
5887
5898
5924
5966
5989
5990
5996
6055
6139
6163
6180
6224
6228
6280
6282
6344
6357
6386
6399
6438
6579
6584
6592
6621
6675
6692
6714
6729
6738
6781
6788
6814
6838
6857
6880
6909
6937
6955
6965
6972
7034
7050
7101
7129
7134
7170
7204
7213
7267
7282
7315
7385
7395
7403
7418
7439
7465
7475
7523
7530
7558
7585
7590
7640
7651
7679
7687
7713
7742
7755
7778
7781
7871
7876
7881
7886
7891
7910
7930
7947
7974
8008
8018
8032
8055
8078
8080
8137
8215
8295
8317
8348
8351
8391
8406
8475
8501
8552
8559
8574
8577
8585
8606
8622
8638
8654
8664
8674
8708
8753
8802
8829
8835
8864
8909
8997
9045
9053
9102
9104
9111
9120
9130
9202
9229
9296
9355
9363
9390
9395
9400
9415
9422
9436
9439
9442
9451
9464
9518
9578
9635
9659
9669
9698
9705
9706
9721
9733
9761
9835
9862
9895
9897
9949
9962
9978
-1
