8
24
41
80
120
125
141
161
169
182
213
283
312
358
360
364
371
389
455
468
502
517
522
525
571
604
649
723
738
755
766
767
784
798
812
961
986
993
1017
1025
1027
1028
1043
1081
1091
1096
1140
1155
1158
1259
1296
1304
1309
1311
1327
1375
1376
1392
1422
1455
1467
1480
1531
1539
1623
1629
1630
1660
1672
1708
1756
1759
1776
1800
1866
1880
1894
1898
1909
1945
1953
1986
2006
2058
2065
2103
2107
2129
2157
2163
2207
2233
2250
2286
2306
2315
2334
2387
2421
2449
2501
2540
2567
2591
2637
2714
2749
2776
2824
2827
2829
2841
2843
2854
2893
2915
2919
2956
2987
3013
3027
3078
3111
3185
3197
3212
3267
3270
3277
3326
3365
3408
3508
3588
3619
3623
3646
3678
3679
3701
3761
3774
3825
3876
3931
3974
3983
3990
4011
4018
4035
4039
4067
4085
4095
4109
4111
4146
4149
4192
4201
4244
4251
4348
4401
4402
4426
4442
4499
4500
4515
4533
4534
4582
4597
4598
4626
4630
4643
4667
4700
4712
4838
4866
4886
4930
4967
4981
5025
5028
5088
5101
5195
5306
5343
5348
5352
5367
5369
5395
5411
5435
5440
5477
5482
5496
5499
5509
5530
5557
5577
5633
5651
5686
5756
5774
5786
5806
5828
5848
5859
5896
5905
5922
6008
6022
6065
6115
6161
6181
6215
6225
6271
6326
6341
6342
6371
6372
6402
6407
6421
6453
6468
6473
6480
6501
6517
6533
6561
6563
6633
6662
6702
6770
6804
6837
6843
6848
6852
6866
6908
6938
6942
6984
6998
7078
7088
7099
7122
7128
7157
7237
7239
7267
7273
7296
7317
7320
7331
7357
7378
7419
7425
7460
7498
7507
7515
7559
7601
7635
7641
7665
7669
7672
7759
7761
7775
7781
7796
7843
7859
7884
7891
7923
7959
7972
7981
8026
8054
8055
8058
8088
8089
8107
8112
8116
8148
8151
8172
8210
8220
8243
8291
8320
8321
8330
8351
8361
8430
8461
8482
8493
8510
8528
8573
8582
8585
8625
8632
8635
8641
8735
8747
8809
8828
8849
8874
8919
8989
8990
9015
9036
9037
9062
9074
9120
9151
9189
9200
9214
9215
9249
9257
9259
9268
9282
9288
9346
9402
9407
9412
9420
9446
9460
9492
9503
9513
9518
9528
9550
9561
9576
9581
9622
9676
9679
9689
9703
9726
9767
9815
9831
9844
9845
9920
9932
9952
9957
9969
9970
-1
