7
15
41
42
52
53
58
190
219
278
281
296
354
376
392
396
430
455
471
477
483
491
538
542
565
566
570
584
587
607
609
629
630
661
680
695
705
746
753
763
820
829
842
845
870
901
930
980
984
997
1041
1085
1111
1116
1134
1193
1202
1233
1238
1256
1306
1395
1450
1509
1521
1522
1555
1566
1586
1600
1630
1663
1719
1722
1725
1728
1765
1807
1823
1930
1965
1967
2046
2058
2065
2099
2126
2127
2206
2211
2368
2371
2390
2393
2405
2444
2455
2481
2487
2495
2501
2511
2581
2588
2609
2636
2658
2672
2761
2778
2798
2842
2843
2870
2881
2912
2917
2929
2960
3097
3118
3134
3181
3242
3244
3247
3256
3340
3382
3383
3471
3483
3497
3538
3593
3602
3617
3654
3672
3674
3678
3691
3748
3779
3816
3825
3888
3921
3924
3927
3931
3968
4005
4020
4040
4119
4128
4146
4203
4204
4210
4217
4224
4248
4256
4280
4281
4301
4308
4309
4357
4381
4442
4477
4526
4546
4551
4561
4565
4606
4634
4639
4664
4689
4743
4755
4759
4787
4801
4810
4881
4891
4911
4934
4943
4951
4982
5048
5078
5091
5092
5101
5142
5143
5153
5166
5178
5194
5203
5230
5275
5277
5282
5353
5394
5425
5441
5474
5475
5566
5570
5578
5594
5596
5636
5659
5663
5671
5692
5701
5792
5795
5821
5831
5853
5925
5965
5995
6006
6012
6024
6046
6077
6110
6123
6130
6141
6204
6212
6214
6227
6237
6305
6308
6330
6388
6397
6475
6502
6511
6520
6546
6619
6640
6702
6717
6784
6792
6821
6826
6839
6842
6843
6854
6871
6938
7122
7169
7195
7221
7230
7262
7263
7269
7273
7281
7282
7292
7297
7310
7327
7343
7348
7363
7378
7410
7427
7523
7546
7576
7651
7701
7736
7782
7786
7791
7800
7808
7829
7832
7859
7862
7895
7955
7979
8006
8025
8048
8051
8094
8102
8123
8145
8260
8293
8304
8319
8326
8328
8334
8346
8353
8386
8398
8415
8435
8442
8487
8518
8521
8579
8581
8610
8615
8637
8675
8688
8691
8696
8765
8807
8848
8855
8880
8903
8938
8940
8954
8974
8985
8992
8993
9030
9059
9113
9121
9142
9166
9169
9226
9275
9294
9300
9317
9331
9352
9358
9424
9427
9431
9483
9500
9503
9523
9567
9638
9640
9683
9785
9825
9829
9835
9860
9875
9877
9922
9945
9946
9948
9993
-1
