44
49
86
149
160
165
177
192
210
260
272
319
340
364
394
399
421
489
499
595
604
605
621
634
640
645
649
658
672
763
769
818
844
865
927
928
929
934
948
954
958
992
998
1021
1038
1069
1080
1143
1220
1221
1222
1252
1366
1372
1427
1465
1499
1523
1555
1560
1602
1605
1624
1652
1663
1684
1718
1788
1791
1822
1828
1902
1909
1945
1978
2032
2098
2103
2145
2210
2247
2257
2284
2295
2299
2344
2358
2389
2448
2454
2489
2558
2565
2599
2600
2601
2606
2607
2624
2668
2694
2848
2870
2875
3027
3046
3055
3059
3110
3126
3165
3166
3170
3175
3187
3190
3231
3234
3267
3269
3283
3290
3326
3337
3338
3401
3407
3422
3504
3520
3541
3548
3549
3556
3631
3651
3698
3722
3736
3753
3785
3795
3807
3810
3840
3853
3863
3898
3945
3956
4022
4025
4027
4038
4078
4110
4176
4181
4183
4243
4296
4304
4305
4319
4343
4368
4383
4390
4405
4419
4442
4468
4477
4482
4499
4504
4536
4570
4614
4629
4707
4744
4752
4758
4759
4776
4823
4831
4847
4870
4874
4892
4899
4900
4906
4943
4999
5046
5098
5116
5141
5145
5205
5219
5244
5263
5265
5285
5291
5298
5299
5305
5316
5351
5387
5471
5532
5571
5631
5651
5664
5672
5686
5695
5701
5707
5729
5740
5756
5789
5817
5891
5937
5961
5998
6024
6047
6064
6066
6068
6072
6105
6127
6128
6131
6135
6151
6159
6188
6201
6215
6228
6240
6273
6284
6303
6421
6446
6520
6539
6548
6562
6585
6595
6644
6657
6677
6685
6688
6694
6707
6715
6771
6801
6895
6992
7024
7028
7049
7056
7066
7069
7112
7134
7161
7215
7228
7252
7261
7308
7316
7343
7358
7392
7415
7435
7491
7520
7551
7571
7586
7647
7684
7685
7694
7723
7735
7761
7781
7799
7823
7879
7882
7901
7942
7954
8009
8030
8032
8044
8051
8082
8151
8152
8173
8178
8206
8276
8288
8349
8389
8403
8457
8479
8515
8537
8564
8633
8643
8660
8683
8710
8712
8728
8737
8759
8768
8806
8828
8841
8884
8950
9008
9090
9125
9136
9147
9178
9179
9187
9216
9249
9264
9287
9301
9308
9328
9361
9370
9397
9416
9438
9489
9558
9559
9571
9595
9619
9673
9688
9699
9762
9764
9774
9790
9798
9806
9823
9824
9830
9837
9857
9860
9863
9914
9919
9953
9959
9960
9987
-1
