9
17
109
120
152
156
181
233
265
269
275
285
373
415
428
474
499
535
549
572
573
647
649
672
754
823
858
875
937
1045
1046
1059
1083
1168
1190
1208
1233
1234
1284
1303
1325
1342
1359
1374
1421
1459
1507
1518
1530
1556
1598
1608
1789
1812
1854
1861
1876
1922
1967
1969
1970
1976
1981
2036
2064
2095
2155
2168
2183
2219
2234
2256
2284
2322
2337
2370
2399
2426
2430
2470
2501
2546
2560
2582
2583
2593
2596
2644
2646
2647
2666
2689
2694
2705
2746
2775
2779
2801
2843
2848
2868
2903
2906
2951
2974
2983
2996
3025
3028
3030
3040
3079
3131
3168
3206
3221
3250
3408
3437
3452
3463
3467
3489
3494
3613
3638
3736
3749
3767
3787
3807
3839
3914
3943
3966
4006
4022
4035
4040
4046
4100
4105
4128
4173
4176
4257
4320
4335
4347
4372
4417
4422
4486
4494
4554
4574
4631
4656
4663
4694
4713
4714
4786
4809
4838
4839
4853
4856
4898
4906
4928
4933
4939
4983
5000
5029
5088
5171
5172
5177
5181
5224
5238
5250
5286
5300
5304
5307
5339
5359
5415
5420
5426
5438
5450
5472
5476
5478
5490
5503
5554
5558
5577
5600
5633
5634
5638
5697
5711
5727
5744
5784
5809
5830
5835
5887
5924
5976
5986
5991
6090
6116
6135
6163
6175
6181
6216
6246
6273
6279
6284
6342
6349
6363
6426
6464
6471
6478
6493
6522
6536
6555
6572
6590
6612
6624
6627
6634
6641
6645
6671
6676
6682
6692
6699
6724
6765
6781
6809
6835
6865
6877
6901
6924
6937
6955
6958
6969
6995
7040
7065
7066
7089
7117
7121
7193
7206
7222
7253
7257
7263
7288
7293
7300
7343
7414
7421
7424
7435
7436
7461
7482
7523
7527
7544
7564
7590
7599
7764
7781
7789
7792
7814
7830
7845
7847
7927
7934
7938
7970
8021
8064
8069
8084
8095
8100
8149
8175
8192
8197
8204
8227
8250
8280
8298
8315
8335
8352
8361
8440
8449
8452
8457
8482
8510
8516
8520
8538
8544
8546
8617
8619
8713
8721
8775
8830
8849
8857
8864
8871
8954
8960
8969
8982
8990
9023
9032
9036
9068
9079
9089
9109
9144
9161
9166
9181
9218
9229
9250
9275
9285
9320
9348
9350
9384
9438
9449
9456
9473
9525
9529
9537
9568
9599
9652
9655
9681
9724
9747
9757
9801
9807
9850
9868
9877
9885
9939
9948
9956
9999
-1
