17
31
52
73
90
140
158
181
267
428
447
502
503
619
627
633
649
679
730
745
761
770
773
820
948
967
977
1012
1027
1044
1062
1096
1109
1134
1151
1184
1189
1214
1276
1317
1321
1326
1331
1334
1373
1392
1397
1399
1421
1426
1433
1448
1460
1462
1465
1472
1490
1580
1651
1675
1702
1721
1754
1757
1771
1786
1794
1816
1845
1849
1875
1876
1884
1904
1919
1922
1934
1944
2002
2007
2012
2015
2023
2028
2032
2033
2049
2077
2078
2112
2175
2224
2296
2305
2306
2339
2359
2400
2404
2484
2511
2519
2595
2597
2604
2672
2747
2797
2842
2845
2894
2912
2927
2970
2973
2988
3030
3041
3044
3106
3132
3162
3165
3194
3200
3226
3271
3325
3412
3430
3451
3467
3471
3506
3525
3546
3557
3594
3596
3646
3647
3676
3700
3718
3727
3760
3774
3776
3779
3850
3859
3869
3938
3943
3950
3990
3995
4047
4110
4125
4160
4171
4189
4207
4250
4255
4295
4317
4330
4351
4360
4373
4386
4442
4443
4457
4476
4609
4617
4668
4672
4680
4690
4694
4697
4702
4706
4726
4734
4763
4850
4883
4903
4938
4997
5016
5046
5067
5095
5100
5119
5138
5153
5157
5166
5215
5216
5234
5246
5255
5295
5309
5349
5395
5396
5397
5403
5416
5441
5504
5513
5546
5569
5582
5587
5597
5607
5674
5712
5722
5749
5759
5760
5768
5786
5825
5843
5846
5848
5864
5867
5888
5904
5931
6024
6054
6058
6091
6126
6127
6186
6210
6216
6231
6275
6279
6305
6340
6355
6370
6407
6467
6547
6569
6570
6575
6606
6626
6633
6650
6722
6732
6750
6751
6760
6804
6805
6811
6836
6882
6892
6916
6930
6935
6947
6989
7058
7061
7073
7076
7094
7136
7177
7179
7217
7297
7327
7336
7360
7399
7427
7455
7461
7499
7503
7517
7585
7656
7673
7717
7748
7758
7806
7897
7928
7954
8075
8100
8103
8110
8132
8165
8230
8248
8249
8251
8264
8271
8274
8298
8323
8337
8342
8375
8386
8421
8422
8479
8486
8509
8532
8542
8587
8602
8618
8623
8633
8641
8671
8673
8690
8713
8752
8773
8793
8801
8876
8900
8918
8938
8994
9003
9021
9039
9058
9068
9103
9143
9151
9173
9188
9195
9220
9225
9230
9327
9328
9378
9416
9425
9433
9435
9480
9487
9549
9562
9697
9713
9725
9727
9745
9747
9784
9817
9820
9835
9889
9951
9969
9977
-1
