57
61
87
111
149
189
202
203
279
298
445
462
467
507
529
533
593
642
657
673
682
691
697
704
721
747
754
772
808
813
823
829
833
863
873
887
919
953
1027
1035
1077
1100
1158
1187
1192
1216
1236
1286
1303
1365
1391
1406
1422
1437
1441
1442
1464
1514
1569
1573
1582
1584
1609
1633
1638
1672
1678
1691
1743
1768
1843
1863
1865
1928
1933
1937
1967
2001
2022
2037
2040
2065
2090
2189
2200
2244
2276
2293
2410
2429
2441
2469
2471
2486
2493
2500
2514
2516
2548
2579
2658
2667
2684
2697
2741
2749
2755
2765
2805
2813
2839
2879
2899
2980
3027
3039
3045
3124
3141
3170
3193
3196
3219
3228
3229
3257
3261
3267
3272
3283
3292
3364
3424
3450
3452
3480
3630
3681
3700
3704
3706
3715
3744
3768
3782
3783
3800
3819
3829
3845
3866
3877
3913
3919
3928
3942
4024
4029
4034
4040
4048
4077
4112
4118
4164
4199
4238
4284
4311
4328
4355
4408
4415
4436
4437
4457
4490
4498
4508
4513
4515
4519
4602
4695
4702
4724
4752
4783
4811
4816
4841
4859
4888
4942
4943
5004
5007
5012
5036
5054
5080
5101
5119
5138
5167
5187
5302
5326
5329
5387
5400
5451
5497
5502
5529
5573
5591
5596
5600
5627
5629
5641
5687
5697
5716
5718
5754
5755
5782
5801
5818
5874
5878
5901
5940
5996
6005
6053
6059
6070
6141
6153
6219
6223
6257
6287
6415
6422
6473
6478
6482
6489
6496
6502
6572
6613
6653
6663
6691
6737
6757
6821
6868
6918
6925
6937
6943
6950
6951
6989
7007
7025
7040
7048
7085
7097
7124
7193
7219
7220
7224
7298
7312
7317
7320
7336
7342
7346
7366
7386
7402
7482
7505
7523
7529
7546
7551
7555
7584
7652
7708
7751
7828
7849
7858
7893
7951
7970
7976
7996
8022
8050
8058
8061
8066
8077
8128
8131
8191
8204
8210
8217
8233
8256
8259
8292
8295
8299
8308
8356
8390
8407
8424
8450
8454
8479
8483
8491
8502
8562
8565
8571
8613
8637
8652
8693
8749
8755
8763
8814
8822
8827
8830
8850
8875
8900
8922
8923
8927
8995
9030
9076
9100
9182
9201
9230
9240
9279
9299
9313
9362
9393
9404
9409
9438
9516
9545
9551
9614
9669
9676
9679
9701
9706
9708
9714
9728
9752
9758
9811
9835
9853
9902
9918
9928
9932
9954
9965
9993
9996
-1
