35
53
67
98
102
136
170
193
212
241
288
298
299
300
378
387
400
444
491
503
521
578
582
583
587
633
658
698
729
770
926
954
1014
1026
1051
1052
1112
1115
1152
1155
1181
1207
1221
1243
1285
1304
1314
1324
1404
1407
1424
1432
1443
1500
1501
1612
1622
1666
1668
1684
1699
1759
1764
1767
1798
1844
1947
1955
1958
1963
2011
2054
2115
2121
2130
2149
2179
2181
2194
2208
2299
2340
2359
2444
2471
2497
2557
2562
2613
2617
2620
2625
2661
2784
2786
2802
2818
2869
2913
2946
2975
2983
2989
3003
3013
3049
3114
3127
3145
3146
3174
3183
3201
3393
3444
3447
3507
3512
3551
3590
3591
3690
3698
3738
3778
3779
3799
3814
3832
3901
3925
3941
3964
3979
4025
4067
4081
4085
4098
4113
4135
4150
4181
4211
4224
4258
4268
4282
4308
4313
4315
4324
4362
4369
4383
4390
4396
4435
4448
4451
4510
4520
4570
4574
4583
4584
4587
4589
4598
4599
4615
4653
4683
4684
4727
4746
4765
4776
4794
4797
4815
4843
4857
4863
4886
4892
4910
4925
4948
4980
5009
5052
5060
5094
5107
5148
5164
5175
5293
5322
5334
5335
5361
5406
5424
5433
5438
5458
5463
5465
5476
5500
5505
5509
5517
5525
5533
5536
5587
5594
5603
5606
5612
5629
5652
5687
5715
5758
5884
5924
5946
6000
6008
6074
6101
6111
6114
6126
6146
6199
6206
6216
6257
6287
6288
6300
6333
6337
6339
6374
6379
6417
6418
6451
6458
6466
6546
6550
6573
6602
6610
6688
6694
6699
6718
6720
6721
6728
6766
6829
6833
6835
6863
6872
6909
6911
6946
6968
6973
7002
7003
7051
7068
7077
7105
7122
7149
7160
7227
7239
7243
7244
7273
7274
7278
7306
7309
7353
7375
7380
7389
7411
7470
7482
7500
7562
7571
7611
7624
7641
7759
7775
7823
7843
7844
7885
7891
7967
7991
8033
8062
8089
8095
8097
8110
8120
8140
8162
8198
8218
8253
8260
8264
8291
8316
8336
8351
8448
8484
8534
8545
8555
8578
8618
8644
8727
8767
8807
8856
8859
8873
8918
8929
8939
8979
8987
8991
8994
9025
9028
9054
9137
9144
9147
9162
9169
9203
9239
9241
9258
9289
9383
9402
9404
9452
9465
9473
9482
9504
9518
9557
9558
9594
9646
9666
9708
9732
9735
9743
9808
9844
9867
9869
9870
9879
9882
9899
9905
9916
9986
-1
