1
40
51
108
118
165
171
210
215
222
231
309
351
369
387
396
427
459
511
522
539
569
604
622
654
689
691
773
794
828
856
866
903
907
940
949
973
1041
1081
1093
1103
1109
1165
1172
1192
1216
1219
1245
1278
1307
1339
1385
1397
1413
1525
1570
1580
1585
1589
1590
1600
1602
1629
1644
1789
1836
1855
1858
1865
1890
1918
1963
1974
1985
2038
2065
2072
2074
2109
2131
2149
2174
2198
2224
2236
2245
2278
2280
2294
2335
2366
2416
2444
2468
2494
2514
2519
2522
2562
2617
2642
2647
2658
2674
2741
2772
2790
2807
2811
2822
2833
2835
2838
2877
2902
2908
2920
2937
2960
2970
2973
2992
2998
3049
3051
3067
3107
3154
3155
3217
3237
3260
3290
3309
3316
3333
3334
3374
3389
3406
3428
3434
3435
3466
3467
3503
3524
3586
3594
3666
3721
3800
3830
3842
3843
3847
3864
3886
3959
3964
3987
4043
4052
4057
4098
4099
4129
4142
4178
4290
4292
4316
4320
4375
4381
4435
4440
4504
4613
4624
4641
4711
4722
4747
4777
4782
4787
4794
4806
4891
4917
4959
4974
5015
5026
5058
5063
5066
5072
5086
5111
5150
5163
5180
5181
5229
5263
5320
5322
5327
5364
5423
5434
5439
5461
5464
5475
5477
5484
5491
5519
5684
5703
5724
5725
5817
5872
5877
5882
5896
5905
5918
5926
5942
5956
5981
5984
5988
6076
6143
6158
6159
6160
6168
6228
6230
6282
6296
6299
6397
6398
6422
6468
6473
6478
6480
6503
6522
6523
6529
6643
6662
6688
6692
6725
6728
6736
6738
6763
6820
6828
6847
6866
6884
6923
6966
6967
6971
6973
6997
7009
7035
7046
7082
7085
7101
7108
7155
7165
7215
7218
7237
7264
7266
7279
7296
7313
7318
7326
7334
7361
7397
7442
7444
7517
7553
7583
7589
7619
7622
7624
7635
7657
7679
7731
7739
7765
7786
7799
7808
7893
7899
7960
7964
8014
8016
8028
8031
8090
8099
8104
8145
8201
8245
8277
8288
8289
8297
8396
8430
8495
8496
8506
8535
8540
8543
8551
8557
8587
8624
8626
8630
8704
8815
8817
8838
8845
8929
8976
9025
9083
9086
9093
9111
9116
9145
9148
9170
9241
9245
9275
9299
9371
9382
9415
9437
9459
9472
9486
9509
9510
9513
9529
9559
9645
9660
9673
9676
9685
9763
9767
9807
9852
9857
9869
9932
9965
9980
9984
9998
-1
