26
40
76
95
119
173
183
189
211
213
224
225
308
369
377
419
425
429
459
478
496
506
518
519
545
560
585
620
636
662
759
761
822
836
854
862
875
881
936
1014
1049
1064
1069
1071
1083
1122
1164
1182
1225
1229
1297
1431
1449
1588
1691
1698
1700
1723
1736
1749
1794
1806
1810
1824
1848
1876
1928
1962
1965
1996
2002
2003
2012
2020
2028
2061
2081
2115
2119
2122
2147
2160
2209
2217
2254
2295
2298
2343
2345
2347
2373
2387
2393
2396
2429
2463
2464
2485
2516
2582
2613
2665
2728
2748
2815
2827
2851
2855
2908
2931
2946
2961
2962
2984
3002
3072
3075
3087
3130
3144
3204
3211
3241
3256
3260
3316
3384
3408
3490
3493
3499
3502
3549
3567
3650
3660
3679
3724
3776
3846
3868
3908
3919
3951
3977
3978
3984
3986
4013
4016
4033
4046
4081
4135
4145
4167
4186
4192
4200
4219
4249
4279
4285
4290
4311
4317
4320
4324
4340
4363
4365
4407
4430
4487
4515
4564
4567
4584
4595
4661
4725
4763
4785
4829
4892
4916
4932
4953
4974
4994
5043
5053
5059
5074
5081
5120
5127
5129
5132
5133
5171
5228
5232
5294
5327
5333
5369
5372
5401
5446
5449
5514
5582
5614
5633
5634
5648
5655
5670
5675
5697
5749
5756
5758
5760
5761
5783
5816
5848
5849
5866
5897
5915
5969
5998
6005
6022
6037
6055
6057
6058
6060
6114
6117
6119
6136
6154
6158
6184
6189
6195
6209
6211
6246
6265
6331
6332
6391
6427
6437
6473
6482
6492
6558
6576
6579
6597
6616
6624
6677
6683
6727
6752
6810
6893
6898
6901
6938
6950
6952
6958
6987
6994
7005
7029
7076
7095
7099
7151
7155
7163
7174
7180
7187
7201
7255
7306
7320
7368
7424
7441
7451
7499
7503
7509
7569
7577
7590
7619
7659
7701
7709
7764
7772
7851
7869
7875
7893
7940
7941
7968
7987
8005
8059
8068
8073
8078
8092
8108
8144
8153
8161
8168
8188
8196
8284
8291
8345
8400
8436
8441
8475
8509
8529
8642
8645
8681
8683
8687
8715
8741
8785
8792
8801
8802
8807
8820
8966
8976
8986
9040
9081
9111
9129
9188
9194
9198
9218
9235
9257
9261
9265
9284
9304
9306
9333
9341
9345
9400
9401
9477
9514
9529
9533
9546
9575
9627
9636
9645
9659
9714
9741
9780
9848
9850
9851
9872
9881
9926
9980
-1
