6
9
61
65
85
106
117
121
132
133
142
144
167
178
180
209
215
218
223
229
233
240
250
257
285
311
330
400
411
412
431
441
443
472
473
499
514
570
619
620
629
663
682
727
772
800
804
817
853
857
902
940
958
967
974
981
1014
1048
1107
1111
1131
1138
1140
1165
1181
1197
1201
1223
1275
1298
1341
1374
1381
1412
1481
1484
1529
1621
1716
1750
1756
1800
1801
1833
1864
1897
1907
1922
1942
1946
1975
1982
2019
2050
2074
2084
2088
2116
2122
2129
2140
2167
2169
2175
2202
2215
2216
2238
2251
2261
2292
2316
2353
2363
2365
2371
2384
2421
2423
2436
2437
2447
2507
2525
2592
2631
2647
2658
2664
2728
2756
2809
2819
2840
2843
2849
2860
2877
2907
2950
2981
3016
3050
3086
3142
3157
3229
3314
3342
3347
3348
3395
3413
3449
3458
3491
3553
3566
3576
3578
3634
3661
3662
3664
3682
3737
3770
3771
3790
3812
3826
3836
3845
3857
3867
3879
3888
3890
3958
4043
4059
4085
4106
4107
4315
4324
4336
4337
4341
4382
4431
4453
4525
4537
4651
4691
4697
4720
4723
4741
4764
4798
4838
4847
4886
4915
4934
4939
4941
4957
4961
4972
5066
5111
5119
5121
5123
5129
5190
5195
5270
5286
5292
5294
5321
5343
5352
5377
5438
5519
5539
5558
5582
5675
5687
5696
5711
5840
5882
5898
5901
5904
5941
5943
5947
5961
5965
5975
6049
6078
6106
6119
6124
6170
6197
6241
6244
6277
6287
6320
6328
6355
6371
6375
6385
6415
6424
6430
6435
6444
6463
6486
6558
6697
6703
6736
6737
6764
6785
6791
6794
6801
6824
6826
6833
6839
6847
6885
6934
6961
6968
7000
7024
7050
7061
7073
7169
7180
7183
7191
7271
7297
7304
7382
7385
7491
7529
7538
7559
7562
7589
7615
7680
7810
7818
7826
7921
7971
7975
7997
8014
8052
8053
8129
8130
8131
8133
8148
8154
8158
8163
8169
8188
8195
8237
8264
8302
8325
8344
8412
8414
8429
8475
8519
8539
8549
8594
8617
8655
8663
8695
8727
8764
8812
8829
8857
8930
8967
8973
9005
9009
9017
9084
9131
9139
9150
9255
9277
9330
9334
9346
9354
9358
9368
9435
9447
9473
9518
9524
9531
9577
9602
9654
9676
9699
9719
9769
9784
9789
9808
9858
9862
9874
9880
9940
9963
9970
9976
9993
9994
-1
