10
17
45
89
102
103
120
125
157
180
183
185
213
254
271
281
342
379
380
384
393
403
430
431
446
448
472
480
496
507
531
570
589
607
644
657
676
681
718
721
814
816
818
858
859
870
891
893
894
896
949
995
1030
1037
1063
1085
1100
1174
1184
1244
1252
1291
1318
1340
1409
1420
1440
1442
1450
1565
1636
1704
1710
1714
1730
1750
1803
1825
1829
1832
1855
1881
1893
1913
1939
1955
1991
1994
2005
2031
2049
2061
2097
2177
2210
2255
2258
2270
2311
2326
2376
2493
2517
2520
2541
2544
2558
2646
2647
2650
2695
2696
2739
2779
2816
2844
2847
2878
2911
2986
3017
3043
3051
3095
3103
3181
3194
3203
3224
3228
3241
3250
3256
3314
3321
3328
3335
3358
3402
3414
3441
3448
3450
3472
3538
3609
3659
3676
3683
3694
3699
3710
3717
3736
3751
3773
3786
3813
3850
3861
3878
3891
3920
3946
3977
3991
4009
4039
4040
4068
4107
4117
4135
4136
4193
4212
4268
4305
4339
4345
4356
4374
4377
4378
4391
4433
4520
4548
4576
4588
4589
4623
4668
4679
4696
4711
4712
4730
4757
4764
4869
4966
4981
5005
5007
5057
5145
5154
5167
5197
5230
5251
5298
5303
5341
5351
5376
5389
5394
5415
5450
5458
5515
5530
5536
5538
5556
5579
5590
5596
5604
5663
5696
5741
5763
5767
5778
5814
5824
5832
5840
5846
5875
5893
5924
5945
6008
6015
6035
6063
6107
6116
6119
6175
6187
6191
6216
6237
6270
6282
6320
6353
6368
6427
6546
6557
6560
6622
6634
6641
6645
6650
6651
6736
6780
6786
6822
6828
6845
6851
6857
6905
6938
6948
6993
6996
7015
7016
7018
7041
7052
7075
7085
7100
7108
7125
7142
7154
7171
7174
7187
7200
7257
7262
7278
7308
7351
7364
7416
7448
7456
7459
7462
7464
7478
7499
7538
7567
7593
7642
7662
7679
7761
7815
7856
7876
7892
7899
7915
7922
7949
7974
8102
8151
8219
8248
8286
8336
8344
8345
8347
8356
8399
8409
8457
8509
8521
8582
8693
8698
8722
8736
8744
8760
8771
8787
8793
8802
8803
8838
8848
8882
8994
8999
9002
9025
9042
9133
9170
9177
9197
9237
9259
9261
9279
9282
9315
9364
9392
9396
9426
9500
9504
9597
9610
9643
9645
9652
9654
9721
9732
9756
9783
9834
9854
9867
9903
9945
9970
9976
-1
