5
12
31
72
122
163
179
199
211
218
221
223
237
301
326
327
346
352
356
384
404
431
457
478
487
493
502
532
583
595
598
618
646
662
701
748
761
765
768
793
815
891
902
911
927
998
1000
1021
1042
1057
1060
1068
1070
1079
1179
1212
1224
1229
1270
1299
1317
1350
1408
1412
1439
1462
1473
1477
1495
1512
1520
1522
1564
1608
1624
1654
1719
1747
1752
1774
1777
1795
1881
1934
1936
1950
1988
2037
2042
2053
2067
2120
2136
2188
2202
2215
2225
2300
2318
2367
2372
2415
2418
2428
2455
2474
2490
2493
2563
2573
2581
2590
2619
2625
2630
2644
2650
2681
2720
2747
2780
2806
2817
2873
2874
2908
2913
3016
3048
3049
3076
3079
3084
3095
3108
3151
3237
3291
3329
3331
3397
3409
3434
3464
3471
3507
3511
3593
3605
3647
3679
3728
3729
3733
3765
3808
3825
3831
3838
3876
3878
3901
3905
3909
3928
3959
3962
3973
3998
4001
4015
4025
4030
4038
4043
4088
4117
4131
4132
4149
4188
4211
4218
4253
4255
4323
4376
4405
4465
4485
4511
4521
4545
4561
4620
4627
4636
4643
4646
4647
4659
4675
4732
4738
4742
4759
4792
4825
4838
4884
4902
4975
5009
5011
5031
5055
5076
5120
5138
5149
5162
5191
5193
5261
5286
5331
5415
5425
5445
5471
5474
5506
5540
5567
5568
5575
5581
5598
5608
5620
5683
5707
5784
5808
5835
5871
5880
5888
5893
5909
5932
6038
6085
6099
6117
6140
6184
6221
6228
6249
6290
6316
6318
6347
6389
6392
6468
6506
6603
6632
6636
6690
6727
6732
6752
6792
6814
6836
6844
6858
6870
6894
6936
7008
7022
7023
7028
7058
7148
7149
7153
7175
7217
7229
7251
7254
7297
7349
7393
7396
7442
7468
7469
7470
7487
7620
7624
7645
7696
7730
7733
7743
7759
7765
7780
7807
7829
7830
7872
7875
7923
7941
7974
7988
7998
8000
8018
8050
8059
8084
8121
8134
8171
8189
8217
8227
8244
8245
8318
8335
8353
8354
8357
8419
8420
8443
8452
8503
8522
8530
8538
8619
8642
8671
8690
8704
8738
8752
8812
8872
8900
8931
9027
9091
9098
9102
9145
9159
9189
9198
9249
9252
9254
9269
9337
9346
9350
9373
9375
9455
9463
9470
9521
9541
9654
9685
9704
9715
9735
9754
9763
9796
9814
9863
9889
9956
9967
9972
9979
9988
-1
