17
32
37
55
59
61
77
94
108
144
155
187
203
208
214
233
241
252
260
271
293
334
346
351
356
427
541
543
576
588
616
667
722
732
780
807
834
844
848
858
860
869
900
1060
1064
1099
1117
1152
1174
1175
1184
1216
1256
1303
1305
1308
1343
1354
1408
1411
1426
1430
1469
1472
1497
1508
1513
1516
1518
1547
1549
1551
1558
1569
1579
1582
1657
1711
1781
1793
1820
1854
1867
1886
1887
1987
1998
2015
2045
2051
2053
2075
2158
2191
2212
2216
2273
2299
2309
2396
2431
2460
2507
2531
2535
2563
2587
2590
2602
2655
2683
2692
2693
2718
2734
2821
2849
2922
2925
3029
3038
3046
3069
3076
3116
3133
3169
3203
3253
3327
3340
3354
3372
3392
3431
3437
3442
3486
3498
3567
3629
3648
3671
3685
3689
3730
3819
3836
3938
3964
3971
4004
4071
4091
4095
4097
4104
4225
4253
4275
4296
4319
4320
4351
4380
4387
4399
4407
4414
4452
4461
4474
4488
4497
4513
4549
4585
4628
4648
4689
4693
4703
4730
4778
4784
4790
4791
4812
4825
4829
4898
4915
4924
4952
4963
4978
5012
5013
5061
5078
5083
5085
5087
5125
5174
5177
5181
5222
5225
5231
5262
5287
5331
5340
5341
5431
5461
5543
5552
5569
5574
5579
5586
5589
5596
5657
5672
5685
5691
5725
5732
5883
5899
5908
5922
5998
6003
6011
6036
6086
6127
6128
6161
6164
6219
6231
6235
6257
6292
6314
6332
6350
6355
6410
6417
6425
6433
6435
6457
6476
6498
6502
6536
6554
6679
6734
6761
6776
6791
6811
6818
6880
6908
6925
6928
6934
6936
6939
6943
6962
6983
6992
7102
7148
7158
7161
7211
7222
7239
7247
7261
7266
7285
7335
7352
7355
7367
7401
7404
7413
7471
7488
7504
7506
7527
7555
7556
7564
7590
7612
7637
7654
7726
7765
7775
7783
7817
7833
7919
7929
7955
7995
8030
8104
8122
8137
8145
8208
8238
8247
8252
8254
8296
8328
8337
8378
8400
8403
8472
8473
8493
8524
8611
8676
8691
8727
8731
8761
8774
8779
8782
8824
8830
8862
8864
8919
8966
8995
8997
9045
9094
9110
9124
9161
9174
9178
9193
9204
9220
9224
9229
9238
9240
9246
9279
9282
9321
9326
9360
9436
9468
9473
9496
9550
9552
9705
9712
9745
9784
9798
9800
9857
9859
9883
9886
9895
9909
9930
9938
9988
-1
