109
116
126
139
203
252
307
348
412
424
466
486
487
492
496
523
622
645
653
662
699
723
724
742
822
840
850
854
928
930
933
943
964
977
980
984
987
1054
1086
1095
1218
1226
1322
1323
1414
1433
1445
1504
1506
1514
1531
1536
1537
1550
1561
1595
1605
1606
1773
1779
1786
1798
1799
1806
1883
1915
1949
1963
2040
2048
2090
2113
2129
2137
2141
2207
2210
2233
2253
2266
2277
2323
2354
2381
2386
2408
2409
2420
2422
2425
2470
2474
2483
2497
2501
2520
2526
2561
2567
2582
2584
2646
2666
2672
2693
2697
2748
2779
2823
2861
2871
2880
2896
2982
2990
2995
3014
3016
3034
3045
3053
3057
3077
3109
3187
3194
3245
3251
3351
3355
3406
3439
3451
3492
3548
3565
3572
3578
3620
3640
3645
3657
3676
3699
3730
3768
3797
3845
3856
3988
4012
4018
4023
4028
4115
4150
4159
4170
4206
4227
4231
4232
4324
4335
4337
4355
4357
4370
4401
4441
4464
4484
4544
4582
4591
4623
4649
4684
4715
4821
4839
4849
4856
4876
4894
4895
4907
4908
4910
4939
4967
5028
5063
5148
5172
5177
5211
5274
5295
5306
5377
5408
5423
5428
5458
5528
5565
5570
5586
5623
5630
5636
5646
5656
5766
5767
5782
5790
5800
5802
5805
5859
5909
5913
5952
6044
6066
6080
6092
6098
6113
6117
6125
6155
6159
6186
6204
6252
6274
6279
6296
6315
6317
6339
6350
6408
6445
6486
6496
6552
6573
6614
6624
6627
6651
6653
6663
6734
6762
6774
6781
6784
6798
6803
6826
6849
6856
6860
6862
6894
6946
6964
6969
6993
7020
7042
7061
7071
7100
7131
7149
7163
7170
7180
7182
7183
7191
7204
7216
7256
7278
7307
7342
7378
7382
7420
7435
7509
7533
7551
7580
7613
7625
7628
7653
7714
7730
7785
7803
7835
7841
7854
7872
7908
7917
7941
7962
7992
8041
8045
8113
8132
8189
8191
8237
8286
8305
8312
8326
8339
8346
8350
8360
8406
8420
8433
8434
8453
8503
8513
8521
8528
8560
8567
8612
8626
8635
8636
8735
8736
8757
8784
8821
8829
8831
8875
8889
8997
9006
9007
9032
9033
9088
9098
9117
9157
9193
9248
9264
9272
9281
9344
9384
9415
9423
9429
9435
9442
9505
9519
9521
9523
9542
9576
9585
9596
9601
9602
9614
9623
9641
9717
9735
9773
9775
9803
9889
9897
9903
9947
-1
