53
184
187
245
255
260
267
274
320
345
355
364
365
432
442
466
493
521
523
622
635
636
714
743
759
799
878
922
928
951
991
1005
1008
1045
1115
1116
1127
1152
1171
1203
1206
1221
1263
1321
1338
1340
1346
1349
1363
1371
1463
1475
1488
1521
1579
1591
1600
1613
1639
1660
1693
1706
1709
1768
1794
1801
1822
1827
1839
1879
1893
1906
1988
2002
2020
2044
2052
2123
2154
2170
2176
2201
2203
2274
2284
2314
2418
2419
2469
2479
2530
2548
2574
2602
2614
2658
2669
2672
2711
2731
2770
2772
2803
2821
2827
2844
2870
2878
2889
2892
2894
2943
2944
2953
3001
3008
3018
3051
3055
3065
3069
3077
3082
3093
3124
3187
3193
3210
3229
3239
3275
3282
3340
3345
3366
3373
3378
3391
3407
3413
3468
3471
3513
3528
3529
3548
3555
3570
3572
3573
3586
3606
3617
3637
3643
3667
3671
3746
3757
3776
3816
3821
3840
3885
3893
3914
3919
3924
3939
3956
4005
4016
4030
4032
4037
4056
4077
4117
4172
4205
4251
4290
4308
4332
4359
4377
4380
4401
4442
4458
4462
4502
4507
4539
4592
4713
4714
4724
4755
4805
4813
4819
4885
4890
4932
4933
5001
5043
5048
5072
5077
5158
5179
5239
5246
5248
5259
5288
5295
5382
5393
5395
5470
5515
5538
5578
5583
5600
5608
5627
5687
5691
5726
5737
5738
5739
5794
5803
5806
5868
5891
5900
5902
5910
5913
5925
5961
5971
6002
6044
6063
6088
6120
6147
6199
6213
6231
6235
6236
6255
6286
6304
6337
6407
6410
6452
6467
6472
6500
6514
6573
6578
6592
6631
6636
6720
6725
6756
6761
6831
6860
6884
6894
6932
6942
6972
6980
6986
7000
7007
7030
7162
7171
7203
7217
7221
7269
7270
7297
7302
7336
7356
7383
7401
7463
7492
7557
7568
7576
7582
7590
7618
7622
7623
7632
7677
7700
7793
7818
7838
7855
7859
7884
7939
7944
8051
8148
8197
8217
8222
8270
8282
8283
8293
8356
8357
8370
8382
8434
8444
8445
8481
8500
8516
8524
8526
8551
8571
8574
8615
8652
8680
8684
8762
8763
8767
8783
8816
8830
8875
8919
8994
9055
9090
9105
9107
9127
9165
9175
9197
9205
9228
9244
9249
9259
9302
9340
9348
9376
9401
9420
9490
9501
9603
9616
9622
9624
9650
9658
9729
9750
9772
9816
9822
9857
9862
9916
9933
9985
9998
-1
