33
49
74
110
128
138
158
178
241
268
286
409
410
421
455
531
551
557
559
700
725
737
775
790
796
811
812
816
818
822
840
869
887
932
950
1037
1075
1082
1139
1223
1227
1232
1236
1279
1294
1339
1347
1366
1370
1405
1487
1492
1572
1596
1625
1634
1637
1642
1651
1660
1697
1698
1761
1774
1777
1788
1838
1840
1841
1873
1929
1972
2044
2064
2090
2099
2122
2133
2152
2177
2193
2234
2247
2248
2249
2251
2268
2286
2302
2316
2329
2351
2409
2432
2450
2464
2478
2498
2572
2575
2577
2590
2814
2872
2888
2924
2989
3081
3090
3108
3121
3125
3146
3149
3198
3224
3231
3286
3299
3306
3320
3390
3392
3482
3498
3512
3531
3555
3556
3561
3606
3644
3660
3670
3700
3716
3770
3779
3808
3815
3830
3857
3937
3938
3956
3986
4017
4020
4031
4038
4067
4082
4083
4084
4111
4135
4151
4191
4206
4225
4250
4286
4292
4353
4371
4374
4382
4397
4450
4452
4460
4488
4491
4523
4548
4586
4611
4659
4684
4691
4693
4700
4717
4722
4724
4740
4755
4795
4801
4822
4838
4878
4886
4888
4900
4944
4981
4990
5018
5019
5038
5041
5059
5097
5100
5117
5120
5143
5145
5168
5257
5282
5312
5336
5344
5361
5362
5420
5430
5473
5513
5558
5576
5584
5657
5660
5663
5690
5702
5735
5743
5781
5804
5805
5824
5852
5860
5861
5868
5910
5922
5942
6007
6037
6038
6059
6067
6120
6164
6283
6314
6342
6366
6381
6405
6462
6474
6504
6538
6548
6553
6573
6579
6623
6644
6646
6657
6666
6673
6679
6705
6728
6742
6821
6825
6887
6918
6955
7042
7077
7090
7097
7158
7160
7161
7188
7190
7193
7201
7208
7232
7251
7257
7278
7308
7325
7346
7393
7437
7448
7478
7482
7521
7523
7544
7591
7610
7620
7656
7697
7698
7730
7745
7764
7786
7790
7809
7818
7845
7846
7888
7911
7929
7962
7968
8031
8047
8055
8061
8125
8127
8132
8143
8180
8271
8288
8292
8304
8331
8332
8389
8396
8402
8468
8474
8547
8555
8559
8565
8591
8634
8693
8721
8751
8811
8816
8820
8850
8919
8968
8993
9032
9038
9066
9094
9187
9189
9232
9256
9265
9339
9374
9381
9398
9416
9439
9444
9455
9465
9468
9486
9514
9528
9532
9543
9572
9577
9626
9716
9720
9722
9748
9771
9784
9791
9862
9870
9887
9917
9982
-1
