0
4
25
59
72
81
85
118
128
131
153
176
204
206
248
251
312
315
327
368
387
393
396
402
424
508
535
543
582
590
615
618
668
680
714
722
735
756
760
764
766
781
841
860
865
897
898
913
917
926
961
971
978
990
991
998
1020
1028
1056
1060
1109
1123
1142
1191
1260
1261
1264
1277
1290
1300
1351
1355
1379
1406
1414
1427
1480
1552
1611
1677
1762
1812
1824
1838
1867
1895
1931
1939
1940
1969
1977
1983
1993
2004
2010
2015
2021
2057
2117
2125
2168
2195
2222
2236
2261
2272
2289
2297
2323
2331
2340
2349
2376
2387
2401
2419
2424
2433
2482
2507
2516
2549
2630
2636
2639
2674
2735
2785
2798
2824
2863
2878
2886
2909
3022
3030
3036
3051
3062
3081
3082
3180
3297
3311
3366
3408
3437
3478
3516
3552
3556
3630
3685
3691
3697
3810
3832
3849
3854
3882
3927
3933
3956
3961
3975
4009
4010
4099
4119
4153
4160
4317
4329
4358
4367
4418
4425
4428
4465
4477
4481
4493
4548
4556
4566
4567
4568
4577
4584
4611
4630
4685
4704
4719
4773
4792
4848
4894
4933
4956
4994
5033
5046
5094
5119
5140
5153
5208
5211
5232
5267
5312
5315
5320
5335
5354
5356
5408
5440
5447
5497
5503
5526
5544
5566
5597
5631
5663
5667
5690
5710
5726
5738
5750
5759
5850
5881
5883
5887
5970
5981
6004
6007
6017
6030
6043
6060
6075
6081
6092
6214
6245
6283
6286
6346
6392
6399
6440
6460
6494
6530
6537
6581
6584
6600
6616
6621
6683
6690
6728
6776
6777
6785
6788
6803
6831
6864
6877
6942
6953
6960
6965
6966
7016
7025
7042
7161
7198
7217
7221
7226
7244
7281
7356
7372
7404
7494
7526
7588
7614
7642
7644
7662
7684
7710
7726
7743
7771
7815
7816
7881
7909
7996
8004
8030
8090
8106
8113
8125
8155
8159
8174
8195
8201
8223
8248
8249
8257
8335
8339
8376
8378
8379
8424
8451
8469
8490
8499
8514
8529
8553
8595
8666
8670
8679
8703
8712
8721
8773
8811
8824
8838
8839
8840
8842
8906
8939
8969
9047
9098
9101
9114
9118
9125
9154
9158
9182
9208
9218
9242
9249
9255
9334
9344
9351
9549
9562
9565
9574
9577
9582
9586
9587
9626
9630
9641
9645
9704
9736
9739
9761
9773
9778
9790
9804
9876
9879
9893
9913
9954
-1
