30
31
34
65
76
102
135
155
172
210
232
255
276
280
286
323
325
364
375
386
409
439
455
503
505
547
593
598
600
609
644
726
794
801
816
839
840
987
1036
1038
1055
1075
1193
1194
1224
1236
1254
1269
1332
1338
1364
1366
1374
1381
1417
1438
1449
1451
1467
1485
1512
1529
1535
1562
1566
1590
1601
1620
1649
1662
1677
1680
1705
1746
1750
1777
1785
1816
1837
1848
1867
1878
1928
1965
1998
2009
2026
2049
2058
2060
2061
2066
2067
2086
2153
2181
2189
2213
2229
2231
2240
2242
2249
2288
2302
2425
2430
2454
2470
2477
2500
2508
2568
2573
2581
2629
2664
2695
2780
2806
2808
2839
2843
2845
2847
2881
2938
2990
3014
3031
3053
3074
3122
3142
3152
3154
3171
3242
3257
3295
3299
3334
3338
3349
3363
3378
3427
3434
3466
3503
3508
3521
3569
3592
3644
3649
3654
3674
3677
3690
3698
3739
3771
3779
3814
3819
3840
3885
3912
3917
3922
3948
3994
3996
3999
4066
4083
4097
4150
4269
4294
4301
4307
4334
4392
4403
4406
4454
4499
4566
4573
4587
4594
4641
4666
4690
4714
4732
4770
4798
4805
4807
4824
4837
4862
4883
4908
4910
4914
4916
4961
5004
5007
5039
5098
5122
5133
5142
5161
5177
5183
5234
5248
5292
5302
5308
5323
5326
5327
5351
5360
5388
5473
5511
5622
5639
5672
5681
5702
5714
5718
5757
5797
5803
5806
5821
5845
5850
5852
5862
5873
5893
5907
5915
5989
6025
6037
6038
6050
6059
6096
6139
6148
6179
6194
6205
6221
6252
6330
6381
6400
6484
6523
6525
6559
6619
6709
6785
6794
6807
6846
6896
6908
6919
7001
7011
7019
7032
7108
7158
7164
7191
7330
7364
7382
7406
7450
7463
7471
7484
7525
7575
7578
7618
7637
7674
7702
7705
7730
7741
7770
7795
7829
7876
7896
7897
7904
7913
7914
7937
7938
7941
7958
8029
8037
8149
8159
8163
8183
8211
8245
8300
8306
8325
8380
8396
8402
8436
8465
8588
8594
8608
8620
8621
8640
8644
8645
8667
8730
8765
8771
8843
8855
8885
8890
8933
8952
8953
8965
9026
9055
9078
9115
9125
9140
9173
9176
9215
9222
9227
9245
9267
9287
9299
9306
9351
9366
9480
9499
9516
9573
9600
9675
9698
9716
9720
9749
9750
9758
9766
9799
9810
9824
9830
9845
9864
9869
9912
9976
9996
-1
