4
32
43
59
170
178
206
220
251
280
288
299
319
321
342
347
362
395
410
414
423
425
439
496
520
521
530
544
578
586
599
623
624
656
679
703
741
768
777
789
791
793
799
806
807
825
859
918
933
963
990
993
1017
1018
1047
1065
1081
1093
1124
1127
1195
1210
1220
1234
1249
1261
1309
1360
1374
1444
1473
1482
1486
1538
1540
1576
1627
1690
1735
1745
1818
1840
1841
1874
1882
1889
1897
1910
1915
1944
1950
1954
1992
2006
2009
2031
2052
2075
2137
2142
2147
2175
2191
2209
2214
2236
2239
2285
2313
2322
2333
2345
2454
2479
2509
2514
2522
2578
2654
2690
2702
2728
2736
2755
2772
2792
2805
2829
2863
2931
2950
2956
2969
3002
3016
3037
3065
3076
3087
3118
3137
3175
3194
3278
3312
3327
3349
3350
3377
3388
3409
3422
3448
3454
3484
3500
3507
3533
3542
3550
3555
3557
3560
3683
3694
3805
3818
3819
3859
3916
3936
3946
3958
3969
3993
4027
4030
4034
4065
4066
4090
4104
4111
4186
4191
4194
4211
4275
4289
4297
4357
4387
4395
4433
4458
4620
4640
4674
4698
4699
4713
4735
4781
4801
4804
4909
4927
4935
4944
4955
4959
4988
5001
5009
5022
5080
5167
5209
5241
5273
5303
5315
5338
5342
5394
5428
5447
5449
5468
5503
5510
5514
5524
5549
5565
5566
5647
5669
5692
5708
5733
5748
5757
5783
5806
5825
5828
5829
5838
5889
5908
5962
5980
5992
6033
6044
6047
6051
6103
6129
6157
6199
6207
6261
6312
6414
6434
6435
6450
6458
6477
6548
6561
6598
6610
6639
6676
6795
6817
6819
6834
6840
6856
6869
6887
6948
7015
7021
7025
7043
7058
7071
7114
7120
7189
7234
7273
7281
7316
7319
7363
7384
7405
7498
7502
7516
7519
7544
7561
7592
7649
7683
7714
7716
7743
7750
7779
7810
7811
7823
7845
7884
7902
7930
7954
7986
8014
8055
8062
8080
8083
8127
8171
8205
8312
8315
8334
8377
8389
8391
8421
8423
8439
8448
8463
8531
8539
8541
8545
8603
8606
8623
8660
8673
8685
8714
8734
8737
8839
8866
8874
8971
8988
9033
9089
9097
9105
9137
9181
9188
9196
9205
9220
9280
9290
9304
9356
9364
9435
9476
9493
9506
9607
9641
9646
9674
9687
9695
9709
9813
9820
9845
9854
9860
9862
9874
9932
9963
9980
9983
-1
