70
87
131
134
175
183
207
225
305
373
402
425
495
497
500
507
539
542
607
626
655
687
713
739
750
773
786
812
823
832
1011
1015
1034
1037
1052
1086
1113
1147
1154
1183
1275
1276
1342
1350
1456
1459
1490
1493
1503
1574
1601
1725
1755
1768
1778
1786
1796
1840
1846
1887
1909
1963
1975
1984
1989
2005
2010
2016
2021
2052
2077
2083
2092
2103
2104
2127
2128
2137
2139
2153
2194
2259
2277
2288
2337
2374
2452
2484
2511
2512
2517
2534
2547
2552
2634
2685
2785
2816
2858
2954
2986
3027
3042
3048
3077
3098
3100
3130
3136
3164
3172
3186
3228
3288
3294
3421
3474
3481
3508
3517
3527
3640
3671
3723
3726
3778
3790
3806
3833
3852
3863
3888
3923
3961
3964
3968
3972
3975
4002
4041
4048
4052
4128
4196
4216
4263
4266
4295
4300
4305
4321
4323
4362
4365
4374
4451
4471
4483
4502
4516
4525
4537
4538
4553
4560
4563
4594
4607
4636
4650
4656
4729
4813
4823
4844
4850
4995
4998
5004
5009
5015
5058
5077
5083
5128
5147
5172
5213
5215
5220
5231
5266
5286
5297
5377
5383
5384
5446
5487
5515
5567
5603
5612
5634
5639
5644
5706
5721
5723
5758
5760
5804
5806
5807
5819
5820
5857
5873
5932
6012
6013
6051
6074
6099
6159
6164
6181
6183
6255
6256
6326
6332
6340
6366
6383
6384
6454
6491
6504
6507
6527
6535
6540
6591
6597
6619
6637
6730
6741
6745
6754
6756
6763
6776
6838
6854
6890
6920
6960
6969
7094
7100
7123
7131
7132
7141
7146
7152
7173
7186
7217
7228
7234
7245
7294
7301
7334
7347
7375
7376
7387
7401
7430
7432
7444
7451
7490
7534
7544
7581
7614
7617
7618
7625
7668
7670
7684
7751
7757
7767
7793
7830
7847
7916
7934
7976
8013
8031
8061
8130
8151
8164
8171
8173
8236
8259
8272
8275
8279
8306
8323
8332
8344
8347
8418
8459
8468
8477
8543
8564
8572
8596
8600
8647
8670
8675
8719
8726
8769
8788
8789
8810
8814
8872
8909
8923
8925
8929
8946
8958
8976
8985
9053
9065
9101
9115
9124
9133
9172
9186
9189
9194
9233
9269
9310
9324
9328
9350
9354
9390
9418
9427
9454
9469
9483
9494
9503
9504
9515
9517
9520
9540
9644
9648
9651
9677
9732
9749
9757
9778
9799
9814
9819
9820
9838
9864
9922
9960
9986
9998
-1
