3
56
116
122
124
143
144
150
217
230
259
273
317
374
425
437
445
482
491
494
519
525
549
689
692
699
710
731
771
782
788
822
840
841
848
857
886
903
917
976
991
998
1013
1047
1093
1156
1159
1202
1218
1264
1313
1332
1377
1393
1462
1562
1589
1615
1666
1699
1742
1752
1768
1785
1835
1847
1858
1879
1880
1884
1938
1951
2047
2136
2138
2141
2152
2185
2187
2213
2231
2249
2258
2269
2278
2305
2361
2365
2374
2397
2409
2464
2469
2475
2478
2522
2536
2550
2554
2565
2571
2582
2609
2625
2659
2742
2752
2772
2775
2803
2872
2925
2928
2948
3026
3027
3034
3070
3111
3116
3122
3128
3142
3154
3161
3180
3188
3194
3196
3236
3245
3297
3299
3358
3392
3412
3454
3487
3513
3566
3568
3577
3589
3609
3638
3644
3705
3774
3784
3811
3854
3931
3932
3933
3946
3969
3972
4040
4058
4070
4082
4084
4093
4144
4188
4205
4208
4253
4308
4318
4323
4338
4385
4391
4404
4416
4418
4433
4437
4474
4550
4567
4605
4651
4691
4714
4757
4758
4811
4827
4868
4887
4910
4943
4969
4981
5007
5013
5026
5035
5053
5080
5096
5099
5122
5123
5136
5187
5189
5195
5230
5319
5346
5359
5366
5395
5438
5469
5485
5540
5580
5590
5651
5662
5672
5688
5713
5726
5756
5769
5793
5807
5847
5880
5927
5936
5938
5963
6012
6041
6050
6069
6075
6082
6154
6163
6179
6187
6203
6224
6255
6258
6337
6364
6370
6428
6458
6479
6531
6550
6557
6567
6587
6631
6649
6690
6699
6761
6782
6829
6870
6883
6896
6907
6951
6952
6956
6990
7013
7014
7022
7030
7059
7109
7126
7140
7163
7171
7175
7176
7199
7204
7206
7215
7229
7235
7303
7368
7370
7374
7431
7458
7517
7528
7571
7583
7591
7673
7707
7727
7735
7753
7772
7809
7822
7823
7830
7844
7875
7879
7914
7927
7955
7986
7994
8008
8095
8184
8201
8259
8261
8268
8271
8337
8348
8448
8490
8491
8521
8529
8540
8644
8659
8677
8678
8697
8718
8763
8766
8792
8796
8801
8818
8822
8823
8840
8844
8857
8899
8924
8929
8969
9067
9110
9121
9124
9148
9157
9171
9190
9217
9254
9313
9367
9385
9387
9401
9414
9434
9443
9454
9461
9469
9502
9503
9523
9540
9599
9626
9628
9659
9680
9692
9694
9954
9956
9961
9963
9976
9992
-1
