19
62
76
82
88
151
162
185
204
227
238
246
259
290
337
353
362
372
380
413
423
427
475
497
505
510
516
523
552
571
577
587
677
697
725
741
763
767
770
785
800
809
884
898
911
926
933
960
984
1027
1061
1082
1107
1117
1130
1224
1277
1278
1315
1316
1317
1413
1514
1531
1541
1550
1589
1612
1664
1785
1824
1890
1903
1962
1981
2036
2051
2065
2133
2146
2166
2188
2210
2248
2252
2280
2282
2343
2346
2354
2400
2402
2434
2473
2543
2584
2592
2608
2617
2627
2632
2637
2643
2647
2682
2699
2702
2744
2748
2816
2835
2840
2846
2865
2867
2926
2968
3002
3014
3055
3061
3072
3084
3123
3131
3135
3139
3150
3155
3174
3184
3227
3247
3294
3332
3339
3356
3358
3359
3381
3409
3500
3570
3579
3589
3596
3639
3688
3707
3724
3755
3816
3820
3824
3827
3912
3926
3991
4005
4036
4074
4090
4122
4125
4177
4180
4333
4346
4362
4376
4398
4414
4425
4441
4451
4473
4480
4491
4549
4560
4563
4567
4577
4588
4622
4721
4733
4746
4764
4768
4888
4900
4908
4933
5012
5027
5054
5109
5117
5141
5145
5206
5247
5303
5310
5313
5346
5392
5400
5433
5463
5467
5540
5574
5578
5589
5614
5626
5666
5679
5698
5704
5740
5784
5836
5860
5871
5914
5921
5979
5991
6025
6058
6081
6083
6125
6128
6131
6133
6157
6159
6181
6201
6223
6284
6330
6344
6362
6376
6392
6403
6435
6440
6443
6469
6492
6564
6598
6613
6618
6626
6682
6700
6702
6706
6747
6753
6769
6785
6804
6809
6818
6841
6845
6847
6851
6888
6973
7016
7061
7065
7076
7103
7108
7118
7126
7127
7145
7175
7178
7251
7269
7280
7288
7300
7328
7333
7389
7400
7401
7434
7440
7461
7567
7571
7581
7618
7653
7666
7778
7817
7877
7901
7963
7973
8036
8040
8054
8072
8118
8120
8144
8159
8204
8216
8218
8227
8238
8240
8265
8277
8278
8292
8312
8322
8324
8325
8373
8385
8435
8497
8513
8515
8599
8608
8627
8670
8739
8745
8804
8831
8840
8862
8904
8930
8935
8938
8948
8950
8966
9008
9012
9023
9031
9052
9076
9163
9217
9225
9231
9241
9243
9302
9313
9345
9417
9426
9440
9468
9474
9479
9512
9545
9554
9558
9725
9727
9764
9765
9819
9828
9833
9852
9892
9902
9935
9950
9966
9968
9973
-1
