9
13
54
62
71
129
221
296
302
347
378
397
429
443
454
522
558
586
610
614
630
647
675
724
768
804
809
874
882
908
915
924
926
972
986
1027
1043
1132
1141
1142
1166
1225
1237
1262
1280
1304
1308
1315
1387
1438
1460
1477
1494
1525
1526
1537
1543
1582
1630
1631
1637
1654
1664
1666
1711
1712
1790
1801
1802
1819
1822
1851
1853
1872
1873
1901
1907
1916
1917
1978
2024
2048
2086
2124
2153
2154
2158
2164
2165
2188
2226
2263
2266
2280
2282
2290
2300
2301
2375
2425
2444
2446
2504
2514
2533
2540
2669
2702
2709
2754
2766
2780
2795
2810
2842
2854
2861
2876
2885
2907
2915
2922
2931
2938
2955
2962
3022
3033
3038
3065
3070
3110
3150
3198
3227
3231
3244
3259
3283
3297
3336
3363
3372
3405
3406
3445
3454
3494
3563
3586
3629
3644
3734
3751
3781
3795
3826
3844
3878
3894
3924
3933
3938
3947
3949
3961
3962
4000
4007
4019
4041
4052
4105
4136
4176
4200
4202
4209
4243
4263
4264
4289
4306
4324
4325
4379
4418
4419
4448
4475
4493
4511
4527
4552
4605
4652
4655
4658
4744
4766
4768
4780
4785
4800
4808
4811
4824
4866
4908
4924
4958
5014
5114
5133
5136
5153
5154
5171
5188
5219
5254
5288
5293
5317
5328
5346
5371
5386
5489
5501
5513
5561
5569
5571
5580
5604
5606
5611
5612
5617
5659
5704
5708
5772
5779
5783
5790
5811
5828
5829
5838
5848
5856
5868
5874
5921
5931
5946
6038
6044
6048
6125
6127
6151
6159
6173
6203
6226
6245
6250
6260
6296
6298
6312
6315
6328
6330
6348
6410
6425
6435
6447
6560
6564
6634
6637
6690
6722
6735
6786
6798
6800
6812
6832
6835
6836
6854
6855
6868
6875
6883
6889
6910
7002
7009
7040
7042
7043
7169
7273
7278
7405
7550
7574
7595
7596
7664
7677
7728
7730
7747
7781
7786
7794
7815
7848
7861
7901
7906
7946
7952
7967
7978
8041
8055
8081
8090
8106
8139
8145
8184
8190
8202
8229
8242
8256
8291
8423
8428
8452
8456
8527
8561
8578
8637
8660
8690
8720
8747
8765
8792
8809
8820
8822
8870
8878
8926
9013
9020
9062
9071
9164
9243
9266
9298
9342
9349
9353
9395
9410
9423
9433
9438
9505
9508
9586
9680
9685
9698
9700
9701
9716
9725
9743
9763
9846
9857
9896
9933
9979
-1