21
55
65
72
80
122
129
145
161
170
252
313
320
324
344
365
376
480
507
526
539
553
584
621
622
640
765
799
837
847
855
892
895
897
918
949
1080
1132
1159
1210
1232
1267
1295
1312
1338
1374
1468
1524
1528
1537
1563
1622
1657
1680
1683
1684
1693
1752
1769
1770
1772
1787
1822
1850
1856
1880
1919
1923
1933
1950
1971
1987
2016
2023
2102
2170
2226
2246
2259
2272
2285
2309
2323
2332
2336
2357
2418
2430
2449
2473
2479
2480
2537
2544
2554
2592
2633
2659
2670
2671
2737
2746
2749
2753
2779
2789
2815
2822
2828
2842
2844
2850
2853
2860
2884
2890
2899
2924
2938
2939
2957
2992
3058
3088
3098
3140
3159
3194
3196
3236
3241
3247
3269
3274
3302
3398
3407
3482
3485
3524
3527
3529
3605
3609
3651
3654
3675
3715
3735
3765
3786
3838
3851
3908
3919
3926
3937
3955
3982
3985
4017
4036
4038
4075
4085
4099
4131
4148
4206
4260
4280
4342
4353
4366
4396
4397
4418
4421
4452
4453
4456
4485
4514
4523
4535
4548
4620
4664
4685
4689
4732
4737
4760
4771
4784
4806
4845
4876
4895
4938
4945
4964
4976
5001
5013
5014
5045
5067
5082
5102
5104
5165
5176
5178
5180
5259
5269
5279
5309
5323
5336
5346
5354
5365
5376
5395
5416
5445
5460
5485
5503
5540
5574
5592
5651
5679
5729
5769
5790
5820
5835
5844
5873
5883
5914
5946
6051
6077
6103
6126
6128
6148
6214
6223
6284
6295
6313
6328
6359
6364
6366
6374
6400
6407
6409
6410
6457
6517
6539
6547
6570
6585
6592
6600
6606
6613
6708
6725
6730
6744
6807
6866
6941
6942
6948
6986
7010
7125
7154
7170
7228
7239
7260
7277
7286
7289
7357
7371
7439
7485
7509
7520
7536
7547
7621
7667
7694
7704
7719
7907
7910
7935
7999
8001
8040
8082
8086
8107
8122
8138
8155
8158
8175
8191
8200
8207
8231
8258
8273
8308
8331
8343
8359
8384
8386
8424
8441
8448
8449
8450
8455
8457
8533
8552
8570
8586
8627
8699
8716
8746
8781
8800
8828
8831
8894
8927
8928
8949
8995
9012
9050
9106
9133
9191
9200
9202
9223
9245
9251
9276
9291
9310
9342
9349
9435
9443
9445
9446
9519
9535
9536
9539
9583
9591
9603
9604
9692
9703
9729
9763
9769
9827
9847
9867
9876
9931
9956
9958
9969
9986
-1
