33
50
55
162
204
208
256
337
347
380
399
402
435
489
491
506
514
517
606
618
621
639
671
679
690
691
707
768
801
851
864
891
923
944
1042
1078
1092
1100
1124
1135
1166
1190
1220
1222
1238
1277
1296
1301
1338
1342
1366
1390
1452
1501
1520
1528
1537
1544
1546
1573
1599
1603
1617
1623
1633
1695
1725
1739
1767
1794
1804
1806
1826
1850
1885
1897
1908
1913
1918
1919
1926
1957
1967
1970
1971
1992
2080
2140
2188
2219
2240
2246
2282
2311
2351
2393
2425
2443
2447
2450
2524
2538
2542
2567
2582
2587
2597
2614
2635
2655
2678
2706
2717
2773
2814
2885
2908
2909
2915
2938
2940
2971
2976
3127
3129
3181
3206
3217
3228
3232
3253
3279
3405
3454
3466
3506
3541
3545
3552
3582
3584
3607
3677
3718
3731
3745
3767
3804
3861
3872
3929
3936
3959
3974
3975
4001
4005
4043
4145
4229
4242
4254
4260
4288
4291
4326
4345
4354
4403
4422
4459
4482
4483
4514
4516
4523
4562
4585
4644
4670
4672
4675
4702
4709
4710
4715
4722
4737
4757
4778
4842
4876
4881
4892
4901
4912
4952
4984
5069
5080
5122
5126
5162
5176
5267
5269
5310
5318
5326
5347
5377
5434
5441
5458
5497
5504
5570
5577
5584
5608
5611
5636
5643
5689
5783
5807
5808
5814
5819
5830
5837
5861
5873
5882
5895
5906
5966
5999
6004
6007
6023
6047
6057
6121
6129
6130
6140
6145
6245
6253
6292
6346
6363
6380
6381
6399
6419
6445
6466
6472
6491
6498
6547
6586
6636
6665
6676
6715
6718
6799
6831
6833
6856
6914
6915
6933
6941
6965
6975
6980
6987
7025
7027
7082
7103
7117
7159
7189
7260
7303
7327
7344
7395
7455
7460
7465
7476
7494
7505
7507
7516
7521
7567
7591
7599
7605
7643
7681
7723
7732
7756
7761
7783
7787
7788
7792
7797
7829
7864
7903
7904
7961
7968
8010
8087
8162
8194
8236
8245
8269
8283
8293
8300
8303
8336
8381
8383
8431
8464
8472
8497
8522
8589
8613
8641
8685
8709
8736
8752
8760
8827
8915
8927
8949
8983
9030
9047
9050
9069
9074
9082
9086
9112
9126
9146
9222
9225
9235
9240
9245
9271
9306
9347
9402
9414
9448
9451
9455
9465
9521
9539
9547
9558
9567
9602
9654
9657
9660
9706
9715
9726
9758
9761
9802
9831
9846
9904
9924
9974
9983
-1
