0
2
5
9
31
40
46
47
78
94
115
136
174
181
233
244
260
348
349
356
409
423
466
469
488
517
547
603
618
680
717
723
792
850
897
1004
1008
1009
1055
1106
1118
1124
1137
1150
1158
1169
1176
1189
1203
1207
1267
1271
1276
1279
1293
1332
1366
1371
1378
1417
1425
1432
1566
1570
1579
1584
1637
1697
1699
1715
1750
1763
1774
1780
1787
1795
1835
1893
1933
1936
1949
1963
1975
1994
2013
2055
2096
2115
2162
2166
2191
2195
2221
2231
2232
2245
2279
2309
2351
2385
2404
2435
2484
2493
2500
2539
2585
2613
2636
2684
2689
2733
2795
2815
2816
2867
2885
2886
2896
2938
2977
2983
2998
3005
3006
3020
3085
3101
3104
3115
3122
3124
3139
3168
3221
3229
3258
3271
3281
3298
3362
3379
3380
3415
3417
3430
3454
3467
3481
3522
3532
3563
3574
3581
3594
3599
3661
3672
3677
3692
3761
3762
3776
3806
3811
3905
3910
3933
3948
3968
4048
4051
4077
4107
4114
4119
4146
4149
4155
4169
4184
4203
4210
4214
4223
4252
4256
4269
4281
4285
4288
4327
4329
4340
4352
4358
4366
4372
4376
4417
4418
4487
4589
4618
4775
4802
4811
4825
4851
4854
4889
4891
4914
4953
4996
5000
5018
5039
5133
5167
5185
5196
5205
5208
5225
5255
5297
5311
5377
5383
5413
5494
5527
5555
5577
5607
5624
5630
5671
5673
5694
5710
5762
5810
5848
5853
5916
5923
5924
5938
6006
6017
6031
6033
6046
6050
6058
6104
6105
6138
6155
6177
6212
6249
6287
6314
6359
6428
6460
6511
6536
6537
6579
6596
6612
6621
6626
6639
6657
6669
6671
6707
6720
6766
6770
6782
6881
6883
6888
6937
6941
6944
6968
6986
7024
7086
7103
7107
7111
7164
7180
7220
7257
7290
7292
7355
7372
7382
7465
7517
7518
7552
7576
7593
7609
7818
7827
7877
7888
7917
7944
7946
7975
7991
7994
8020
8044
8083
8112
8115
8160
8183
8211
8237
8341
8343
8368
8381
8472
8479
8511
8520
8525
8540
8550
8568
8575
8593
8599
8616
8646
8648
8671
8680
8692
8707
8710
8741
8782
8792
8804
8836
8875
8878
8894
8901
8923
8997
9008
9071
9124
9149
9158
9186
9229
9240
9260
9308
9387
9389
9450
9456
9475
9498
9533
9547
9576
9734
9748
9762
9767
9783
9784
9794
9859
9875
9876
9910
9965
9992
-1
