9
67
81
82
89
108
144
225
275
277
290
329
364
401
419
434
481
601
680
732
811
891
913
1004
1015
1030
1063
1094
1098
1121
1132
1144
1147
1177
1237
1243
1256
1260
1261
1355
1387
1425
1439
1477
1569
1588
1615
1654
1710
1748
1758
1770
1820
1826
1835
1853
1883
1917
1942
1992
2002
2027
2035
2062
2075
2086
2117
2158
2181
2242
2249
2275
2328
2330
2337
2344
2377
2457
2466
2479
2530
2532
2549
2557
2569
2582
2601
2628
2691
2756
2765
2770
2882
2888
2940
2958
2969
2973
2996
3077
3135
3144
3149
3197
3264
3302
3312
3325
3366
3406
3420
3424
3459
3473
3531
3534
3550
3551
3552
3555
3600
3650
3695
3728
3735
3756
3758
3766
3780
3793
3796
3811
3813
3826
3838
3853
3859
3870
3873
3878
3903
3941
3978
3992
3993
4023
4043
4045
4076
4111
4133
4141
4157
4167
4231
4248
4289
4325
4355
4380
4384
4405
4413
4447
4448
4487
4489
4500
4517
4544
4567
4570
4645
4669
4670
4671
4685
4704
4712
4743
4747
4780
4789
4817
4843
4851
4872
4875
4916
4992
5022
5070
5124
5125
5127
5149
5155
5212
5295
5298
5325
5408
5459
5542
5551
5552
5567
5619
5621
5626
5676
5705
5726
5746
5765
5769
5806
5811
5885
5919
5921
5927
5945
5954
5962
5971
6002
6021
6072
6078
6092
6118
6148
6155
6188
6214
6215
6228
6245
6310
6408
6421
6471
6490
6501
6518
6526
6541
6574
6576
6617
6645
6679
6700
6723
6738
6739
6760
6772
6783
6798
6821
6822
6838
6854
6867
6897
6915
6929
6974
6992
6998
7004
7032
7078
7101
7108
7111
7121
7134
7156
7190
7192
7223
7241
7258
7271
7322
7365
7372
7387
7406
7444
7467
7486
7508
7509
7587
7589
7610
7622
7629
7647
7697
7800
7810
7811
7824
7841
7843
7891
7896
7908
7952
7954
7994
8014
8015
8025
8034
8035
8050
8071
8087
8101
8102
8120
8142
8168
8217
8240
8278
8298
8340
8363
8388
8389
8395
8470
8484
8525
8542
8582
8594
8603
8613
8615
8621
8626
8632
8641
8706
8751
8812
8819
8841
8878
8954
8955
8990
9015
9029
9075
9179
9205
9207
9229
9234
9243
9292
9296
9313
9334
9344
9374
9434
9487
9492
9496
9498
9536
9538
9553
9604
9612
9615
9641
9656
9743
9789
9792
9800
9802
9821
9835
9879
9886
9905
9914
9953
-1
