17
21
78
105
173
248
274
330
336
416
462
508
529
536
610
624
649
674
710
748
796
809
810
828
848
850
869
900
922
945
961
976
978
990
999
1029
1036
1049
1096
1138
1143
1167
1191
1194
1235
1236
1253
1342
1356
1413
1449
1474
1482
1579
1593
1624
1628
1655
1675
1684
1709
1717
1729
1751
1830
1878
1884
1918
1919
1951
1954
1962
1967
1983
1990
2007
2012
2023
2037
2045
2050
2078
2102
2104
2105
2107
2119
2124
2133
2155
2181
2185
2219
2222
2322
2432
2435
2438
2497
2510
2521
2535
2546
2559
2565
2568
2675
2702
2735
2743
2775
2782
2833
2865
2912
2914
2916
2980
2987
3004
3028
3041
3057
3067
3092
3157
3196
3209
3225
3283
3352
3354
3374
3464
3526
3530
3538
3544
3570
3636
3653
3658
3699
3735
3766
3837
3852
3856
3863
3867
3905
3923
3942
3977
4000
4057
4074
4079
4091
4098
4119
4135
4141
4156
4187
4204
4216
4262
4278
4286
4291
4294
4317
4365
4367
4404
4409
4479
4485
4486
4493
4529
4557
4563
4578
4588
4605
4726
4774
4813
4824
4907
4937
4942
4967
5028
5054
5082
5088
5123
5132
5149
5190
5191
5218
5220
5224
5308
5352
5356
5429
5431
5449
5450
5459
5486
5488
5509
5518
5564
5583
5616
5642
5708
5716
5776
5826
5850
5902
5955
5967
6006
6016
6022
6026
6030
6053
6073
6105
6140
6159
6161
6185
6209
6217
6246
6270
6371
6407
6408
6444
6450
6521
6524
6606
6632
6644
6690
6702
6711
6715
6731
6789
6793
6817
6818
6827
6843
6920
6935
6949
6962
6967
6984
7011
7015
7084
7091
7140
7178
7194
7239
7240
7260
7276
7286
7295
7301
7303
7307
7320
7376
7487
7509
7569
7575
7578
7619
7655
7683
7698
7702
7716
7717
7718
7722
7783
7833
7841
7867
7891
7897
7918
7944
7947
7956
7970
7975
7990
7991
8004
8015
8022
8115
8148
8153
8196
8207
8215
8220
8228
8229
8232
8280
8288
8308
8312
8322
8361
8424
8428
8434
8444
8491
8502
8521
8530
8594
8647
8671
8719
8749
8768
8776
8864
8885
8910
8920
8921
8979
9006
9012
9039
9051
9084
9096
9140
9151
9157
9177
9185
9240
9247
9270
9290
9350
9385
9408
9418
9424
9455
9465
9484
9499
9518
9524
9560
9579
9580
9592
9611
9650
9665
9726
9861
9877
9880
9895
9905
9929
-1
