6
13
26
32
42
62
70
75
78
120
174
209
231
291
294
316
319
339
341
367
391
420
449
451
457
501
545
573
592
601
626
647
655
663
668
685
782
792
819
822
867
878
932
945
949
961
963
991
1012
1018
1089
1117
1131
1149
1198
1220
1259
1267
1285
1293
1295
1298
1344
1356
1404
1415
1435
1444
1448
1471
1472
1588
1590
1651
1677
1721
1751
1755
1910
1934
1948
1964
2017
2021
2028
2034
2057
2088
2119
2148
2152
2153
2204
2218
2219
2282
2303
2386
2424
2442
2450
2499
2533
2548
2643
2656
2725
2731
2746
2777
2779
2790
2866
2909
2987
3005
3011
3074
3141
3152
3159
3192
3288
3313
3331
3332
3371
3379
3396
3401
3497
3501
3641
3657
3664
3667
3686
3699
3713
3727
3760
3822
3824
3833
3868
3873
3904
3967
3976
3993
3998
4002
4015
4032
4104
4105
4117
4148
4151
4157
4170
4173
4212
4252
4311
4324
4336
4362
4365
4372
4377
4387
4392
4422
4444
4449
4473
4503
4554
4568
4579
4586
4616
4632
4646
4675
4716
4723
4725
4754
4774
4779
4786
4820
4864
4870
4875
4885
4894
4907
4962
4969
5048
5064
5094
5097
5167
5177
5185
5194
5224
5236
5266
5293
5301
5369
5373
5388
5393
5409
5476
5481
5485
5517
5520
5526
5533
5561
5569
5575
5601
5643
5659
5683
5686
5715
5743
5750
5815
5841
5858
5864
5939
5964
5966
5996
6062
6063
6067
6079
6082
6126
6140
6143
6154
6174
6219
6293
6327
6341
6348
6509
6529
6607
6617
6634
6678
6704
6709
6726
6727
6742
6748
6750
6770
6773
6787
6799
6809
6829
6850
6884
6897
6924
6933
6957
7013
7021
7055
7078
7132
7146
7212
7268
7269
7343
7351
7358
7376
7378
7389
7434
7501
7514
7516
7539
7553
7617
7641
7666
7681
7691
7746
7747
7811
7829
7836
7915
7963
7965
7977
7981
8038
8041
8045
8051
8088
8106
8109
8114
8142
8199
8209
8230
8256
8268
8341
8359
8401
8444
8498
8502
8515
8523
8551
8557
8559
8568
8625
8651
8668
8674
8679
8718
8727
8755
8787
8844
8845
8915
8929
8941
8955
8981
8993
9005
9012
9045
9051
9105
9152
9224
9232
9271
9286
9337
9413
9430
9445
9449
9481
9503
9550
9571
9573
9660
9690
9706
9723
9725
9747
9791
9849
9869
9881
9905
9911
9915
9917
9940
-1
