20
42
60
139
164
213
261
267
329
355
361
368
486
515
525
559
571
592
623
638
686
692
721
725
757
857
880
911
958
978
986
1075
1077
1085
1138
1194
1266
1288
1309
1311
1325
1400
1447
1450
1519
1576
1592
1620
1632
1638
1680
1710
1868
1873
1880
1922
1961
1978
2000
2012
2022
2073
2084
2103
2112
2125
2147
2148
2172
2208
2209
2239
2251
2283
2373
2384
2398
2414
2418
2421
2433
2443
2450
2457
2502
2525
2526
2576
2579
2598
2647
2653
2716
2719
2728
2735
2747
2765
2774
2811
2812
2823
2834
2837
2840
2846
2876
2890
2892
2924
2964
2965
2981
3013
3084
3099
3101
3118
3144
3161
3193
3194
3203
3214
3258
3286
3382
3391
3439
3467
3505
3540
3615
3640
3693
3743
3780
3787
3804
3805
3816
3822
3832
3851
3861
3899
3921
3931
3949
3966
3977
3998
4011
4060
4086
4118
4125
4177
4239
4241
4256
4257
4330
4350
4351
4428
4455
4478
4482
4550
4561
4570
4576
4594
4598
4640
4655
4737
4786
4805
4869
4891
4896
4930
4958
4972
5041
5075
5077
5110
5134
5141
5166
5192
5233
5273
5280
5287
5292
5293
5296
5342
5380
5387
5395
5416
5432
5437
5460
5470
5491
5505
5532
5546
5548
5555
5573
5592
5658
5674
5677
5689
5698
5714
5818
5830
5863
5878
5897
5913
5917
5928
5974
5985
5986
6029
6059
6102
6134
6151
6202
6209
6211
6216
6258
6264
6266
6285
6306
6338
6365
6367
6370
6395
6396
6432
6451
6480
6506
6576
6578
6584
6607
6608
6624
6626
6644
6647
6669
6701
6775
6778
6823
6848
6872
6895
6899
6922
6927
6935
6944
6955
6958
6983
6993
6994
6997
7005
7042
7079
7099
7178
7179
7207
7209
7222
7246
7305
7321
7340
7415
7431
7468
7474
7475
7561
7571
7585
7589
7609
7620
7623
7638
7658
7727
7753
7775
7817
7824
7898
7935
7952
7975
7976
7990
8004
8040
8075
8080
8101
8146
8157
8232
8273
8276
8386
8420
8479
8495
8512
8545
8552
8573
8601
8607
8612
8618
8636
8681
8684
8747
8749
8755
8760
8814
8827
8861
8891
8963
8975
9035
9036
9064
9072
9099
9134
9139
9140
9143
9155
9173
9181
9183
9202
9248
9272
9372
9389
9425
9436
9454
9459
9472
9484
9510
9527
9540
9541
9548
9555
9577
9578
9613
9688
9840
9841
9908
9910
9929
9960
-1
