8
34
77
99
107
127
128
163
228
255
283
300
303
321
323
374
389
423
425
469
491
497
539
545
561
581
591
592
601
621
632
634
658
775
778
782
816
817
859
865
870
882
886
894
897
900
905
949
962
975
978
1038
1046
1071
1178
1222
1228
1252
1338
1341
1361
1378
1387
1405
1473
1512
1543
1560
1572
1586
1607
1624
1637
1706
1742
1771
1781
1831
1832
1884
1906
1930
1967
1997
2016
2051
2070
2125
2195
2202
2211
2271
2278
2287
2299
2315
2336
2402
2417
2445
2480
2486
2491
2568
2599
2654
2662
2668
2669
2700
2745
2751
2764
2783
2794
2804
2807
2833
2877
2951
3011
3037
3050
3100
3115
3122
3125
3128
3136
3186
3190
3267
3300
3394
3404
3429
3465
3476
3501
3503
3551
3609
3627
3630
3643
3655
3666
3721
3724
3732
3853
3882
3890
3930
4058
4088
4109
4115
4129
4135
4221
4232
4239
4263
4264
4300
4321
4322
4352
4409
4444
4560
4622
4641
4670
4678
4680
4689
4710
4752
4761
4802
4837
4866
4925
4956
4962
4980
5008
5036
5047
5102
5111
5124
5149
5205
5219
5225
5230
5250
5258
5293
5297
5308
5314
5326
5343
5357
5370
5374
5448
5454
5458
5470
5478
5517
5529
5574
5607
5612
5623
5625
5626
5632
5644
5657
5665
5707
5719
5751
5766
5769
5858
5871
5892
5921
5950
5956
5981
5992
5993
5995
6036
6079
6108
6114
6137
6143
6162
6168
6172
6177
6185
6205
6249
6319
6417
6447
6529
6547
6579
6617
6682
6690
6695
6742
6743
6803
6807
6819
6848
6874
6901
6931
6940
6946
6963
6971
6979
6989
7054
7070
7134
7152
7190
7214
7224
7258
7266
7307
7333
7338
7346
7368
7370
7393
7400
7404
7428
7461
7470
7471
7501
7599
7610
7647
7673
7680
7708
7729
7767
7793
7803
7850
7865
7910
8025
8049
8061
8065
8071
8197
8254
8284
8297
8301
8310
8316
8416
8452
8473
8479
8557
8563
8600
8611
8644
8654
8677
8693
8695
8696
8700
8714
8787
8862
8863
8876
8884
8890
8912
8935
8938
8947
8949
9027
9083
9106
9135
9167
9175
9189
9191
9210
9229
9258
9267
9278
9280
9310
9314
9322
9329
9336
9356
9409
9439
9460
9464
9479
9483
9510
9527
9551
9572
9619
9660
9687
9701
9793
9815
9835
9868
9869
9897
9930
9935
9954
9966
9969
-1
