27
29
34
38
52
98
128
137
179
181
182
201
213
215
248
307
320
350
379
411
457
464
470
499
535
568
636
670
739
752
789
832
838
840
871
875
953
960
981
1003
1015
1032
1046
1160
1182
1185
1192
1202
1203
1218
1228
1263
1269
1297
1318
1319
1401
1414
1471
1480
1500
1556
1592
1602
1604
1685
1699
1747
1812
1851
1893
1896
1912
1930
1942
1960
1976
1977
2003
2039
2053
2061
2091
2095
2101
2208
2257
2264
2274
2288
2326
2352
2366
2394
2467
2468
2506
2537
2687
2704
2747
2800
2810
2861
2865
2885
2941
2944
2985
3079
3085
3089
3181
3265
3285
3324
3331
3352
3373
3383
3404
3421
3422
3462
3465
3552
3597
3646
3701
3707
3709
3791
3829
3856
3916
3931
3947
3959
3972
3995
4007
4025
4026
4097
4109
4112
4135
4145
4201
4217
4231
4271
4286
4293
4308
4328
4366
4427
4432
4497
4514
4541
4545
4558
4575
4614
4640
4686
4695
4697
4704
4714
4724
4748
4780
4794
4795
4798
4801
4823
4858
4872
4887
4910
4920
4985
5006
5014
5018
5023
5042
5052
5071
5124
5234
5262
5316
5329
5335
5352
5371
5391
5396
5410
5433
5467
5481
5487
5513
5521
5547
5574
5588
5611
5647
5657
5695
5709
5711
5735
5764
5769
5827
5862
5888
5918
5923
5978
6077
6090
6105
6108
6148
6168
6229
6241
6314
6318
6322
6373
6384
6385
6397
6414
6484
6493
6502
6506
6517
6535
6540
6584
6588
6609
6632
6641
6666
6674
6706
6719
6738
6742
6744
6777
6802
6836
6851
6875
6970
6978
7006
7051
7070
7094
7155
7156
7179
7232
7264
7267
7272
7342
7352
7364
7388
7425
7457
7460
7464
7477
7478
7505
7557
7574
7594
7620
7639
7648
7673
7679
7691
7716
7757
7760
7815
7871
7878
7920
7944
7948
7956
7961
7974
8025
8027
8030
8036
8048
8084
8132
8133
8140
8153
8182
8194
8213
8216
8260
8351
8362
8376
8418
8419
8437
8449
8456
8483
8531
8549
8568
8635
8651
8665
8709
8716
8749
8766
8778
8779
8787
8800
8818
8831
8833
8849
8858
8911
8917
8975
8997
9006
9023
9047
9056
9120
9122
9129
9145
9235
9244
9303
9309
9333
9334
9345
9363
9366
9370
9373
9382
9401
9434
9462
9470
9492
9578
9610
9618
9628
9640
9727
9759
9777
9821
9854
9865
9867
9893
9926
9964
-1
