6
86
97
135
139
178
198
202
226
269
275
290
304
315
351
374
401
422
448
495
504
531
559
564
574
601
618
629
641
677
678
755
757
762
781
815
831
853
858
875
887
898
917
932
948
962
970
973
989
1020
1089
1095
1116
1193
1241
1245
1251
1256
1274
1334
1346
1357
1358
1360
1378
1379
1384
1396
1405
1438
1474
1507
1529
1555
1579
1637
1661
1666
1671
1717
1766
1778
1846
1876
1883
1901
1909
1980
1985
2042
2057
2066
2092
2094
2117
2169
2189
2190
2197
2212
2231
2253
2254
2414
2423
2483
2492
2547
2561
2564
2599
2642
2683
2746
2762
2771
2790
2820
2826
2909
2918
2974
2990
3003
3004
3030
3064
3068
3114
3158
3183
3199
3208
3217
3247
3253
3303
3313
3335
3337
3355
3397
3477
3486
3492
3530
3566
3598
3643
3710
3714
3726
3738
3856
3867
3878
3900
3917
3925
3942
3973
4018
4039
4046
4051
4055
4071
4077
4104
4145
4162
4181
4231
4233
4238
4246
4260
4300
4315
4350
4374
4383
4404
4426
4440
4444
4451
4506
4523
4528
4532
4539
4561
4576
4597
4613
4615
4640
4699
4719
4752
4785
4821
4851
4861
4909
4955
4975
5007
5012
5052
5053
5066
5102
5146
5161
5165
5169
5189
5201
5224
5233
5248
5277
5279
5281
5355
5366
5558
5627
5631
5675
5680
5696
5704
5746
5784
5846
5864
5883
5941
5969
6019
6027
6064
6091
6114
6126
6157
6240
6242
6250
6271
6277
6304
6310
6342
6374
6404
6466
6469
6486
6539
6563
6600
6642
6644
6650
6695
6697
6698
6705
6774
6775
6839
6910
6917
6926
6952
6968
6996
7036
7037
7056
7079
7080
7081
7089
7104
7126
7157
7254
7276
7280
7287
7288
7408
7424
7433
7464
7525
7526
7560
7569
7615
7627
7644
7647
7666
7685
7756
7765
7789
7864
7868
7870
7903
7913
7918
7974
8070
8091
8101
8105
8112
8119
8150
8153
8251
8261
8311
8348
8365
8393
8416
8438
8445
8466
8515
8540
8556
8585
8625
8685
8687
8689
8692
8717
8749
8769
8786
8861
8873
8909
8927
8957
8964
8973
8974
8984
8989
9014
9015
9024
9066
9092
9117
9118
9193
9216
9217
9242
9278
9310
9330
9340
9353
9425
9484
9490
9494
9510
9516
9518
9522
9540
9545
9546
9560
9603
9727
9742
9745
9765
9856
9888
9903
9904
9920
9978
-1
