51
54
95
124
132
141
181
188
197
240
272
341
350
364
379
410
426
488
517
551
560
564
565
568
628
634
657
719
735
742
791
843
883
884
897
917
918
966
973
1059
1094
1149
1193
1197
1231
1254
1266
1268
1271
1322
1350
1356
1391
1394
1406
1433
1510
1513
1521
1583
1625
1630
1657
1677
1685
1750
1780
1841
1852
1879
1880
1953
1999
2018
2061
2065
2069
2083
2090
2097
2120
2176
2193
2211
2261
2263
2271
2279
2302
2306
2309
2313
2324
2400
2409
2414
2432
2443
2462
2492
2528
2529
2532
2539
2545
2551
2652
2702
2739
2790
2806
2808
2896
2920
2949
2983
2996
3015
3070
3133
3191
3224
3240
3308
3311
3315
3328
3373
3377
3400
3412
3469
3471
3514
3606
3619
3621
3659
3701
3733
3761
3765
3772
3841
3871
3929
3944
3949
3963
3977
4025
4052
4070
4084
4117
4132
4135
4174
4192
4222
4252
4271
4280
4325
4328
4352
4396
4403
4439
4455
4493
4499
4504
4552
4612
4678
4741
4848
4859
4900
4945
4951
4962
4994
5060
5070
5079
5082
5161
5165
5173
5186
5217
5220
5240
5343
5346
5369
5381
5388
5404
5452
5454
5473
5488
5536
5581
5662
5667
5676
5681
5718
5771
5776
5816
5818
5823
5841
5888
5918
5925
5980
5985
5990
5993
6037
6099
6123
6137
6160
6171
6189
6281
6284
6287
6299
6310
6336
6345
6346
6353
6379
6415
6419
6430
6456
6459
6489
6512
6595
6669
6722
6754
6757
6769
6776
6784
6797
6801
6844
6884
6941
6955
6961
7032
7039
7045
7047
7048
7068
7077
7083
7134
7166
7174
7211
7236
7243
7275
7283
7320
7321
7339
7408
7430
7433
7436
7475
7481
7512
7536
7537
7540
7590
7604
7636
7663
7680
7724
7732
7808
7815
7840
7844
7854
7873
7880
7884
7913
7925
7927
7932
7965
7980
7993
8002
8025
8035
8120
8123
8138
8146
8222
8230
8248
8261
8284
8305
8342
8361
8368
8388
8408
8414
8442
8534
8578
8619
8658
8691
8705
8725
8732
8736
8746
8750
8751
8752
8783
8820
8831
8845
8866
8948
8958
8984
9008
9038
9039
9073
9085
9142
9151
9184
9192
9209
9253
9262
9264
9268
9292
9338
9360
9365
9384
9386
9468
9478
9484
9492
9499
9530
9561
9564
9585
9595
9613
9626
9640
9672
9679
9718
9784
9826
9827
9844
9848
9905
9959
9975
-1
