14
15
20
64
67
77
98
186
192
205
208
216
256
270
273
286
298
319
329
344
347
386
429
451
466
482
484
494
516
533
630
640
716
748
759
799
856
858
859
861
877
892
915
943
953
1017
1028
1046
1050
1058
1074
1078
1175
1213
1223
1225
1238
1244
1250
1287
1312
1333
1337
1359
1382
1391
1435
1441
1450
1514
1523
1530
1536
1553
1570
1600
1723
1747
1754
1755
1763
1769
1802
1864
1878
1903
1907
1948
1959
1961
1964
1993
2016
2071
2094
2109
2175
2206
2248
2283
2324
2342
2354
2374
2386
2427
2428
2444
2445
2504
2533
2537
2638
2643
2670
2690
2752
2767
2888
2947
2973
2987
2993
3012
3026
3048
3057
3063
3178
3181
3193
3217
3280
3323
3412
3432
3438
3462
3468
3470
3471
3472
3498
3583
3585
3636
3658
3691
3703
3705
3707
3750
3767
3786
3787
3844
3848
3869
3913
3939
3957
4023
4038
4119
4150
4161
4170
4174
4330
4389
4394
4430
4439
4444
4459
4482
4508
4513
4537
4561
4606
4663
4673
4710
4728
4744
4759
4783
4804
4813
4815
4837
4876
4889
4893
4900
4907
4941
4979
5007
5027
5065
5071
5086
5108
5113
5148
5149
5159
5207
5255
5290
5291
5306
5317
5366
5381
5399
5411
5412
5431
5441
5444
5453
5457
5459
5516
5517
5606
5621
5653
5656
5676
5679
5706
5714
5717
5723
5742
5745
5764
5796
5817
5829
5854
5877
5894
5906
5937
5947
5955
5995
6006
6014
6029
6050
6074
6110
6155
6183
6186
6232
6272
6291
6297
6305
6313
6336
6388
6436
6460
6462
6480
6493
6512
6557
6563
6575
6580
6612
6632
6634
6668
6669
6723
6733
6745
6771
6775
6839
6855
6862
6885
6903
6915
6942
6985
7006
7020
7037
7078
7095
7119
7124
7141
7202
7249
7270
7305
7329
7358
7377
7383
7394
7502
7535
7563
7621
7651
7662
7668
7674
7678
7728
7775
7778
7884
7933
7945
7967
8091
8122
8125
8127
8187
8200
8214
8244
8270
8319
8390
8403
8464
8471
8494
8523
8567
8572
8628
8670
8712
8750
8782
8806
8842
8880
8893
8929
8942
8980
9049
9051
9061
9097
9118
9131
9153
9155
9193
9208
9235
9277
9284
9294
9362
9451
9455
9458
9468
9473
9484
9492
9521
9533
9561
9594
9616
9617
9635
9693
9710
9740
9798
9805
9840
9885
9916
9917
9927
9992
-1
