24
41
43
71
106
125
234
248
290
300
312
373
378
479
480
501
551
577
590
605
611
619
653
699
734
736
763
810
885
888
901
905
913
922
924
953
988
1019
1040
1057
1069
1090
1282
1294
1304
1315
1319
1420
1421
1439
1453
1456
1458
1476
1479
1510
1515
1546
1557
1607
1629
1652
1666
1721
1742
1773
1788
1792
1849
1862
1922
1925
1933
1950
1992
2027
2037
2056
2071
2093
2121
2138
2186
2205
2243
2259
2263
2306
2329
2347
2349
2356
2408
2413
2415
2445
2458
2509
2512
2517
2541
2555
2653
2675
2715
2726
2792
2813
2819
2862
2872
2885
2928
2930
2945
2964
2981
3035
3074
3082
3091
3098
3116
3151
3175
3187
3191
3194
3245
3247
3266
3278
3292
3367
3395
3403
3472
3480
3492
3503
3533
3557
3559
3565
3588
3648
3691
3694
3695
3731
3817
3819
3852
3853
3896
3932
3942
3987
3992
4053
4063
4122
4130
4134
4141
4153
4163
4169
4175
4192
4208
4213
4253
4254
4268
4307
4336
4339
4356
4389
4396
4432
4453
4489
4515
4562
4570
4573
4580
4699
4714
4727
4750
4763
4771
4810
4859
4870
4885
4898
4903
4939
4962
4963
4969
5094
5101
5141
5142
5151
5160
5162
5211
5246
5267
5284
5304
5317
5366
5415
5418
5486
5508
5526
5570
5591
5721
5757
5770
5782
5812
5815
5824
5837
5895
5905
5913
5922
5942
5961
5966
6039
6047
6076
6082
6083
6085
6142
6154
6165
6172
6186
6221
6235
6337
6341
6363
6381
6405
6436
6607
6608
6640
6647
6673
6695
6701
6702
6779
6791
6820
6862
6863
6949
6969
6980
6995
7049
7074
7110
7121
7148
7159
7193
7214
7228
7236
7256
7277
7287
7291
7297
7303
7310
7319
7350
7393
7406
7456
7479
7496
7518
7578
7614
7640
7717
7722
7762
7785
7811
7814
7816
7820
7830
7841
7867
7912
7972
7981
8085
8091
8096
8115
8120
8196
8220
8250
8258
8259
8292
8296
8343
8383
8392
8400
8416
8453
8483
8486
8511
8540
8600
8603
8613
8616
8641
8649
8705
8724
8736
8745
8781
8797
8834
8841
8914
8934
8955
8962
8988
9037
9063
9111
9127
9142
9151
9234
9242
9248
9270
9290
9305
9311
9332
9341
9395
9412
9467
9478
9494
9511
9548
9578
9589
9613
9690
9725
9729
9746
9757
9763
9811
9824
9852
9856
9864
9872
9916
9937
9960
-1
