1
59
89
97
123
139
166
209
251
290
318
333
338
370
373
378
408
518
522
608
609
655
716
743
777
855
856
867
915
931
942
943
1016
1032
1070
1114
1154
1195
1243
1244
1269
1281
1343
1351
1360
1373
1384
1401
1450
1509
1533
1545
1566
1603
1644
1658
1672
1686
1689
1734
1774
1791
1823
1829
1848
1882
1898
1906
1951
1980
1982
1983
1989
1998
2013
2016
2127
2156
2178
2194
2198
2221
2226
2240
2247
2291
2297
2318
2369
2378
2391
2405
2419
2451
2454
2458
2467
2492
2534
2539
2540
2547
2658
2706
2711
2721
2778
2808
2817
2831
2833
2843
2851
2923
3099
3122
3127
3140
3195
3203
3243
3245
3259
3263
3270
3320
3340
3358
3374
3423
3429
3475
3506
3531
3591
3598
3607
3634
3645
3655
3662
3676
3735
3747
3786
3800
3827
3914
3934
3946
3989
3992
3997
4058
4070
4090
4093
4151
4159
4180
4183
4191
4211
4212
4221
4267
4284
4310
4319
4332
4378
4392
4408
4509
4530
4537
4570
4597
4602
4614
4630
4639
4655
4664
4677
4684
4722
4733
4737
4764
4801
4822
4830
4850
4858
4892
4913
4928
4947
4993
4998
5017
5024
5042
5068
5071
5114
5120
5126
5137
5156
5184
5189
5230
5258
5276
5283
5304
5306
5312
5314
5365
5367
5376
5443
5450
5456
5491
5529
5531
5536
5555
5580
5646
5651
5655
5666
5671
5727
5732
5744
5780
5800
5824
5858
5859
5865
5874
5941
5956
5986
5995
6006
6028
6030
6037
6075
6086
6135
6164
6173
6191
6196
6313
6323
6330
6346
6354
6362
6445
6453
6481
6489
6522
6542
6559
6570
6616
6639
6645
6650
6679
6704
6720
6772
6788
6802
6810
6863
6866
6878
6881
6892
6952
6954
6966
6999
7000
7016
7056
7090
7093
7160
7176
7229
7307
7312
7323
7355
7367
7381
7382
7384
7394
7425
7477
7495
7505
7515
7538
7558
7581
7601
7629
7648
7720
7765
7782
7843
7845
7899
7918
7925
7935
8013
8025
8096
8182
8201
8239
8280
8308
8330
8375
8494
8510
8518
8523
8536
8542
8574
8601
8613
8645
8654
8666
8694
8706
8737
8794
8803
8813
8892
8912
8988
9028
9053
9070
9072
9116
9166
9187
9199
9211
9220
9244
9274
9275
9315
9342
9384
9386
9412
9461
9470
9559
9587
9640
9685
9705
9726
9728
9750
9837
9880
9882
9897
9907
9910
9967
-1
