5
21
29
62
64
93
157
165
178
223
232
243
249
313
314
324
348
357
387
491
494
512
516
563
573
579
580
599
600
613
614
629
691
711
760
764
774
776
872
874
900
912
1010
1034
1066
1097
1104
1188
1203
1219
1238
1304
1332
1333
1353
1364
1387
1394
1420
1421
1504
1524
1567
1570
1586
1652
1685
1708
1728
1733
1735
1738
1762
1765
1828
1834
1855
1856
1912
1939
1951
1969
1974
2042
2055
2085
2087
2135
2139
2156
2170
2192
2193
2195
2210
2250
2264
2291
2322
2332
2346
2364
2372
2384
2398
2440
2460
2479
2499
2501
2608
2616
2652
2660
2680
2684
2702
2734
2795
2801
2804
2864
2884
2891
2934
2941
2976
2993
3017
3039
3043
3073
3098
3123
3144
3176
3198
3210
3279
3283
3304
3405
3408
3445
3463
3490
3506
3527
3588
3607
3614
3659
3690
3693
3694
3695
3722
3739
3744
3782
3799
3829
3842
3853
3862
3883
3895
3919
3923
3947
3956
3985
3999
4031
4146
4195
4205
4222
4226
4243
4256
4316
4361
4385
4417
4463
4512
4547
4645
4729
4733
4764
4772
4819
4831
4836
4868
4889
4893
4967
4970
4973
5016
5025
5027
5039
5059
5076
5080
5135
5136
5139
5141
5152
5183
5208
5211
5220
5241
5251
5268
5273
5292
5296
5305
5328
5353
5374
5386
5396
5428
5437
5500
5520
5534
5541
5547
5555
5556
5559
5570
5579
5595
5603
5657
5677
5693
5742
5748
5750
5752
5759
5807
5811
5814
5826
5841
5909
5991
6070
6080
6150
6175
6214
6231
6257
6264
6291
6307
6355
6360
6416
6454
6468
6482
6531
6533
6580
6628
6633
6643
6647
6690
6707
6749
6786
6798
6859
6878
6883
6925
6936
6967
7069
7087
7091
7156
7176
7196
7203
7220
7279
7291
7294
7298
7312
7328
7341
7396
7448
7465
7474
7532
7535
7538
7547
7596
7630
7655
7718
7727
7728
7794
7826
7907
7940
7987
8024
8025
8124
8131
8141
8163
8223
8238
8267
8275
8315
8324
8339
8344
8414
8431
8536
8611
8635
8694
8710
8721
8759
8787
8792
8835
8916
8955
9056
9099
9112
9141
9181
9191
9261
9311
9332
9337
9365
9423
9441
9444
9456
9473
9474
9549
9555
9564
9574
9575
9577
9578
9592
9633
9661
9684
9732
9768
9803
9810
9814
9823
9824
9827
9844
9857
9877
9883
9890
9900
9938
9948
9985
-1
