1
34
41
85
118
133
143
166
210
221
243
251
258
279
287
295
304
305
308
343
354
363
417
447
472
475
505
535
543
653
659
692
722
749
753
774
795
796
800
833
862
908
942
967
975
994
1058
1087
1102
1123
1129
1158
1175
1178
1232
1270
1291
1306
1313
1359
1366
1371
1411
1412
1484
1500
1531
1594
1620
1628
1677
1709
1727
1752
1757
1780
1850
1866
1916
2035
2052
2079
2093
2116
2126
2133
2144
2162
2204
2264
2270
2276
2300
2312
2318
2328
2371
2394
2414
2415
2461
2472
2478
2519
2538
2576
2591
2604
2606
2634
2644
2660
2678
2854
2900
2936
2957
3031
3039
3154
3178
3192
3193
3211
3245
3252
3291
3312
3339
3344
3364
3380
3402
3428
3504
3514
3524
3541
3552
3569
3578
3591
3608
3632
3640
3675
3714
3751
3763
3831
3844
3863
3990
3997
4047
4068
4093
4098
4155
4210
4227
4229
4248
4263
4269
4279
4361
4405
4426
4460
4463
4479
4489
4498
4530
4597
4598
4606
4620
4640
4662
4681
4689
4698
4700
4730
4746
4749
4779
4801
4806
4824
4832
4839
4886
4892
4906
4941
4948
4952
4962
4984
4987
4992
5059
5100
5155
5157
5177
5195
5208
5213
5230
5239
5242
5302
5304
5340
5352
5365
5386
5444
5497
5507
5513
5568
5618
5634
5636
5676
5680
5688
5691
5704
5730
5788
5881
5908
5956
5987
5996
6022
6046
6055
6078
6088
6098
6134
6191
6213
6243
6259
6308
6383
6413
6445
6455
6463
6485
6502
6521
6558
6629
6631
6669
6690
6695
6714
6838
6847
6860
6875
6986
6987
7005
7047
7065
7083
7109
7158
7172
7201
7203
7241
7293
7308
7326
7328
7330
7335
7376
7410
7422
7431
7441
7462
7484
7496
7505
7512
7514
7540
7541
7559
7571
7625
7714
7737
7763
7781
7798
7824
7849
7883
7914
7945
7971
7979
7996
8011
8013
8099
8110
8145
8174
8249
8304
8305
8378
8391
8445
8447
8474
8481
8500
8501
8514
8526
8554
8578
8688
8745
8761
8800
8805
8814
8825
8829
8860
8934
8995
9015
9031
9037
9070
9077
9103
9106
9124
9180
9185
9255
9259
9271
9287
9357
9358
9404
9405
9420
9470
9480
9483
9494
9502
9519
9528
9613
9625
9639
9642
9647
9666
9676
9677
9697
9711
9730
9738
9790
9803
9831
9863
9881
9886
9916
9949
9964
9986
9988
-1
