17
26
49
96
97
101
110
111
113
126
139
177
178
181
183
191
192
198
229
279
292
341
380
412
419
450
453
486
514
586
601
689
704
707
751
816
824
825
896
908
928
948
998
1041
1046
1050
1052
1058
1062
1074
1092
1101
1167
1178
1187
1209
1247
1267
1326
1338
1344
1347
1354
1355
1377
1395
1399
1401
1433
1471
1510
1564
1680
1698
1749
1767
1771
1823
1835
1839
1847
1868
1901
1902
1915
1937
1938
1963
2002
2022
2024
2046
2062
2074
2110
2136
2137
2151
2203
2254
2301
2308
2309
2370
2395
2468
2509
2510
2577
2586
2590
2643
2650
2675
2692
2739
2761
2764
2805
2843
2844
2851
2897
2902
2910
3004
3036
3063
3094
3107
3112
3115
3126
3134
3202
3204
3234
3243
3271
3282
3284
3288
3314
3323
3340
3385
3460
3584
3719
3747
3758
3776
3803
3810
3833
3839
3881
3886
3941
3943
3970
4025
4087
4091
4123
4128
4131
4152
4200
4232
4241
4318
4345
4363
4368
4385
4386
4447
4457
4504
4523
4593
4598
4611
4630
4652
4653
4670
4719
4762
4771
4774
4795
4806
4808
4823
4829
4843
4897
4922
5057
5071
5105
5109
5117
5148
5158
5202
5238
5270
5333
5338
5375
5380
5398
5399
5400
5431
5448
5453
5473
5488
5490
5491
5504
5537
5559
5599
5647
5648
5674
5679
5792
5803
5825
5847
5877
5893
5896
5899
5901
5958
5997
6114
6148
6163
6166
6170
6184
6212
6275
6345
6381
6404
6413
6441
6513
6542
6569
6579
6585
6592
6623
6629
6661
6675
6720
6801
6803
6927
6947
6956
6967
6999
7044
7061
7104
7129
7169
7187
7198
7205
7227
7277
7292
7339
7345
7350
7353
7358
7372
7375
7391
7404
7426
7438
7439
7483
7489
7494
7515
7521
7595
7598
7603
7616
7654
7667
7682
7687
7706
7723
7808
7832
7843
7846
7875
7876
7885
7922
7930
7983
7992
7994
7999
8004
8054
8075
8113
8175
8190
8202
8210
8237
8244
8353
8405
8415
8445
8458
8467
8470
8495
8535
8568
8625
8627
8634
8682
8687
8752
8753
8762
8814
8850
8857
8901
8903
8925
8957
8958
8992
9037
9045
9091
9113
9117
9131
9155
9169
9183
9187
9210
9215
9292
9388
9395
9399
9403
9412
9434
9537
9540
9549
9556
9617
9629
9643
9722
9808
9868
9892
9902
9903
9910
9915
9920
9937
9959
9986
-1
