10
16
37
62
99
112
130
154
196
202
211
218
234
270
272
332
393
415
421
452
460
488
494
527
595
622
634
724
762
802
803
827
864
873
894
909
929
956
967
1037
1039
1069
1072
1103
1144
1153
1180
1182
1218
1250
1270
1281
1296
1319
1373
1436
1453
1484
1491
1568
1589
1601
1603
1638
1650
1688
1732
1768
1770
1772
1785
1790
1798
1809
1835
1872
1888
1918
1939
1966
1969
1976
1982
2010
2027
2034
2038
2051
2130
2197
2217
2257
2275
2364
2400
2450
2460
2461
2523
2527
2556
2622
2668
2672
2681
2691
2697
2699
2718
2765
2792
2816
2877
2920
2965
2975
2976
3057
3060
3077
3101
3118
3172
3207
3224
3228
3240
3244
3246
3265
3291
3309
3341
3350
3361
3373
3435
3451
3490
3572
3578
3581
3614
3679
3686
3691
3741
3745
3843
3893
3913
3927
3930
3937
3994
4034
4062
4102
4105
4120
4126
4153
4193
4204
4209
4211
4220
4230
4236
4279
4303
4309
4323
4341
4349
4350
4366
4389
4477
4530
4570
4587
4590
4595
4602
4607
4658
4667
4683
4718
4727
4749
4774
4788
4795
4813
4818
4839
4858
4949
4977
5044
5059
5074
5075
5091
5121
5129
5206
5478
5509
5542
5566
5634
5694
5696
5723
5813
5848
5852
5862
5882
5886
5889
5912
5996
5997
6014
6019
6022
6085
6090
6116
6159
6170
6172
6179
6185
6187
6211
6228
6277
6309
6387
6447
6474
6486
6491
6519
6546
6550
6552
6556
6561
6604
6618
6624
6657
6684
6743
6749
6783
6802
6809
6876
6969
6976
7017
7019
7030
7131
7144
7162
7181
7189
7240
7282
7294
7318
7500
7533
7553
7558
7560
7588
7591
7631
7659
7667
7706
7707
7709
7737
7742
7770
7788
7798
7804
7883
7885
7891
7896
7915
7927
7942
7946
7959
8010
8037
8046
8052
8061
8090
8103
8112
8131
8150
8152
8177
8186
8215
8268
8269
8287
8304
8321
8339
8354
8360
8381
8451
8500
8506
8524
8568
8601
8619
8628
8674
8687
8699
8715
8725
8734
8751
8782
8793
8862
8921
8927
8940
8944
8966
8980
9000
9050
9051
9056
9068
9071
9084
9123
9129
9190
9199
9246
9309
9317
9355
9397
9419
9453
9461
9474
9498
9501
9536
9561
9604
9615
9627
9632
9701
9736
9750
9769
9798
9818
9837
9838
9856
9868
9881
9926
9932
9935
9941
9959
9965
9992
-1
