26
38
44
63
66
109
111
146
160
202
223
265
273
280
345
357
364
411
450
481
600
612
654
685
694
705
733
754
783
792
863
869
875
886
907
930
935
944
1012
1015
1028
1032
1071
1164
1165
1180
1191
1200
1216
1222
1232
1276
1293
1325
1337
1341
1381
1394
1429
1454
1475
1476
1511
1521
1576
1584
1586
1721
1749
1753
1789
1799
1820
1831
1856
1888
1908
1913
1931
1962
1973
1980
2007
2017
2031
2042
2062
2073
2081
2083
2093
2128
2137
2170
2202
2254
2261
2275
2284
2289
2323
2343
2360
2365
2373
2390
2407
2441
2482
2563
2657
2676
2713
2758
2772
2813
2828
2830
2848
2894
2916
2974
2984
3052
3193
3201
3209
3225
3229
3249
3250
3364
3371
3399
3434
3452
3465
3492
3508
3543
3558
3597
3620
3621
3656
3664
3691
3704
3729
3736
3747
3764
3880
3909
3923
3924
3941
3944
3946
4119
4138
4152
4175
4183
4200
4246
4280
4351
4406
4407
4415
4419
4445
4511
4529
4622
4691
4699
4730
4818
4865
4866
4875
4890
4897
4954
4966
4973
4987
4992
5011
5068
5081
5083
5128
5140
5154
5225
5265
5288
5297
5314
5408
5427
5474
5484
5494
5511
5522
5542
5572
5599
5635
5647
5654
5663
5686
5690
5825
5856
5883
5884
5937
5950
5967
5999
6003
6013
6042
6055
6058
6095
6106
6120
6132
6134
6179
6230
6241
6270
6285
6313
6346
6361
6390
6401
6422
6464
6465
6476
6497
6513
6568
6603
6618
6630
6640
6672
6674
6771
6890
6902
6919
6938
6950
6964
6970
6981
7004
7024
7029
7130
7152
7194
7246
7283
7305
7327
7332
7355
7365
7392
7403
7428
7446
7529
7532
7545
7588
7610
7612
7635
7659
7689
7690
7692
7782
7819
7840
7848
7921
7922
7930
7952
7971
7988
7997
8016
8056
8081
8084
8086
8099
8118
8187
8208
8212
8215
8237
8292
8336
8353
8358
8370
8387
8412
8426
8452
8488
8494
8505
8540
8541
8574
8589
8593
8601
8613
8623
8636
8637
8642
8662
8700
8768
8856
8881
8885
8892
8906
8923
8940
8951
8971
9007
9037
9079
9088
9110
9148
9154
9163
9179
9197
9264
9273
9274
9327
9331
9346
9347
9349
9350
9353
9355
9384
9405
9422
9429
9442
9474
9514
9532
9593
9693
9703
9704
9706
9766
9791
9840
9910
9921
9922
9925
9931
9936
9941
9948
9971
-1
