12
69
107
113
149
172
254
271
291
299
308
328
426
491
532
551
557
587
621
626
649
684
685
743
753
759
794
801
839
866
881
891
903
905
921
948
969
991
994
1003
1017
1022
1042
1060
1080
1173
1199
1205
1211
1234
1285
1299
1325
1326
1367
1401
1409
1460
1492
1524
1535
1553
1595
1596
1617
1620
1626
1670
1674
1692
1704
1739
1760
1782
1797
1810
1824
1833
1901
1910
1950
1973
1976
1996
2013
2031
2032
2050
2096
2120
2122
2149
2160
2179
2226
2237
2238
2255
2258
2259
2260
2283
2293
2315
2320
2350
2402
2455
2464
2510
2543
2592
2610
2615
2632
2675
2680
2860
2905
2936
2963
2967
2989
3103
3104
3115
3148
3155
3193
3214
3231
3255
3257
3272
3277
3280
3303
3309
3311
3347
3357
3366
3376
3397
3425
3450
3498
3509
3528
3532
3597
3606
3620
3639
3662
3667
3752
3763
3773
3818
3831
3850
3886
3924
3992
4064
4099
4113
4115
4141
4164
4176
4244
4258
4281
4345
4347
4356
4361
4364
4451
4516
4539
4548
4550
4562
4589
4612
4625
4679
4792
4826
4829
4852
4876
4880
4893
4901
4946
4963
4971
4981
5008
5019
5025
5043
5120
5177
5198
5203
5217
5229
5250
5251
5266
5288
5308
5318
5321
5328
5393
5398
5456
5490
5504
5515
5536
5583
5646
5658
5661
5664
5724
5729
5735
5747
5749
5800
5841
5868
5908
5932
6031
6033
6034
6065
6067
6141
6164
6214
6215
6236
6259
6296
6332
6342
6352
6392
6411
6412
6452
6508
6524
6526
6552
6591
6593
6609
6613
6637
6644
6711
6715
6773
6786
6794
6808
6809
6834
6858
6880
6899
6948
6970
7004
7006
7014
7098
7103
7110
7199
7211
7258
7350
7357
7365
7374
7375
7384
7385
7400
7402
7422
7437
7475
7489
7494
7495
7623
7635
7672
7758
7762
7803
7875
7880
7909
8014
8022
8042
8117
8132
8220
8236
8240
8266
8295
8313
8325
8336
8356
8401
8404
8415
8423
8427
8446
8512
8513
8580
8592
8614
8630
8646
8690
8701
8712
8727
8728
8733
8734
8813
8828
8833
8866
8868
8875
8918
8919
8945
8984
8985
9026
9035
9039
9056
9118
9122
9182
9211
9221
9224
9252
9280
9283
9286
9387
9489
9497
9509
9536
9569
9573
9648
9661
9670
9699
9786
9794
9807
9810
9835
9842
9844
9873
9880
9884
9944
9952
9974
-1
