7
25
47
52
68
81
108
120
140
169
193
199
223
225
238
278
300
366
376
391
423
508
511
527
558
567
575
614
627
635
654
674
723
729
820
848
854
874
880
956
967
1072
1074
1076
1093
1115
1133
1166
1178
1203
1213
1230
1281
1287
1362
1415
1486
1531
1557
1587
1597
1664
1673
1697
1730
1733
1738
1747
1748
1750
1767
1799
1800
1808
1819
1879
1891
1909
1930
1982
2001
2056
2096
2108
2203
2207
2239
2256
2349
2361
2372
2375
2411
2412
2456
2460
2496
2528
2566
2606
2651
2719
2823
2827
2857
2883
2890
2897
2913
2941
2973
3007
3024
3027
3037
3091
3093
3136
3139
3150
3165
3166
3171
3182
3206
3220
3227
3236
3239
3244
3250
3257
3269
3328
3338
3348
3370
3411
3472
3473
3493
3585
3635
3665
3700
3711
3730
3736
3742
3760
3761
3805
3815
3827
3838
3916
3939
4004
4009
4020
4021
4039
4040
4047
4058
4090
4093
4097
4159
4198
4210
4226
4242
4253
4257
4263
4288
4327
4345
4435
4458
4524
4570
4575
4580
4592
4616
4637
4669
4679
4690
4696
4730
4745
4748
4782
4829
4834
4843
4867
4883
4890
4909
4934
4988
5008
5049
5065
5068
5080
5136
5138
5145
5165
5195
5198
5206
5229
5247
5253
5258
5298
5300
5328
5334
5339
5358
5373
5383
5419
5433
5451
5478
5500
5509
5542
5561
5567
5572
5579
5599
5639
5642
5658
5712
5744
5754
5772
5789
5831
5882
5906
5907
5924
5931
5975
6020
6024
6059
6084
6116
6117
6122
6161
6197
6211
6257
6295
6365
6406
6446
6447
6525
6529
6594
6597
6651
6683
6748
6758
6761
6762
6772
6798
6848
6965
6988
6995
6999
7026
7053
7072
7077
7085
7098
7114
7135
7139
7198
7205
7212
7218
7247
7265
7269
7278
7370
7374
7421
7434
7454
7456
7489
7497
7529
7540
7573
7578
7606
7648
7677
7680
7682
7713
7761
7766
7772
7811
7814
7842
7854
7866
7883
7909
7921
7938
7943
7976
7997
8014
8110
8112
8147
8202
8212
8229
8251
8287
8291
8310
8324
8421
8491
8530
8551
8598
8610
8619
8659
8684
8734
8755
8786
8814
8888
8890
8942
8966
9000
9003
9050
9057
9172
9177
9181
9203
9212
9260
9274
9314
9340
9472
9507
9600
9608
9616
9633
9650
9675
9676
9704
9772
9785
9839
9843
9852
9870
9877
9951
9954
-1
