6
29
35
38
43
75
76
87
130
143
197
217
222
223
230
261
263
270
272
301
314
316
318
355
403
473
485
504
528
535
539
585
614
620
672
700
701
732
735
839
849
855
860
889
897
919
920
981
999
1042
1098
1131
1139
1140
1143
1164
1210
1213
1217
1308
1338
1378
1395
1416
1424
1456
1485
1500
1501
1523
1531
1547
1594
1596
1629
1635
1660
1676
1698
1741
1771
1777
1879
1909
1920
1966
1997
2001
2014
2033
2055
2113
2146
2262
2289
2300
2324
2340
2362
2388
2401
2440
2453
2478
2510
2516
2519
2598
2640
2654
2668
2680
2712
2742
2776
2792
2852
2903
2911
2927
2933
2990
2993
2995
3046
3059
3095
3111
3118
3181
3192
3206
3222
3229
3339
3411
3421
3424
3430
3433
3440
3441
3444
3447
3509
3519
3540
3547
3553
3559
3587
3667
3690
3700
3711
3721
3790
3802
3819
3897
3912
3921
3954
4028
4049
4068
4077
4099
4135
4165
4180
4203
4260
4262
4274
4332
4333
4354
4383
4400
4414
4469
4519
4570
4578
4585
4589
4620
4625
4688
4735
4754
4810
4844
4908
4922
4923
4987
5030
5031
5036
5048
5056
5072
5081
5106
5174
5231
5234
5245
5263
5273
5276
5309
5311
5429
5488
5494
5496
5536
5561
5574
5597
5621
5626
5661
5663
5672
5735
5738
5775
5821
5854
5965
5990
6016
6047
6065
6089
6134
6183
6189
6191
6224
6256
6275
6339
6348
6355
6376
6378
6386
6407
6428
6446
6450
6539
6546
6555
6608
6631
6665
6667
6676
6725
6746
6759
6788
6789
6854
6949
6975
6976
6979
7005
7007
7013
7026
7035
7055
7060
7085
7087
7098
7108
7123
7128
7165
7184
7237
7249
7252
7279
7326
7412
7428
7452
7495
7496
7503
7511
7570
7614
7619
7667
7672
7746
7754
7786
7811
7819
7826
7828
7842
7843
7844
7848
7851
7856
7888
7906
7910
7930
7935
8019
8030
8031
8045
8098
8102
8108
8144
8165
8177
8216
8218
8229
8304
8352
8356
8380
8414
8441
8451
8452
8465
8509
8581
8617
8627
8650
8689
8698
8714
8756
8800
8831
8839
8854
8871
8894
8898
8980
8992
9025
9027
9041
9054
9182
9188
9231
9286
9341
9348
9405
9435
9558
9567
9575
9582
9592
9598
9599
9602
9613
9664
9724
9730
9749
9819
9820
9844
9848
9864
9878
9885
9888
9891
9902
9981
-1
