27
28
33
126
134
141
144
164
172
187
188
203
230
280
282
288
298
376
381
424
440
469
492
505
542
619
675
677
695
708
714
727
758
781
841
890
994
1004
1016
1017
1022
1030
1032
1042
1051
1116
1135
1190
1268
1283
1310
1356
1357
1383
1387
1393
1402
1409
1458
1474
1480
1487
1503
1506
1528
1544
1547
1586
1685
1699
1741
1772
1801
1813
1820
1829
1836
1875
1877
1889
1901
1902
1908
1930
1939
1967
1971
1980
1989
1993
2026
2095
2115
2120
2125
2126
2138
2157
2237
2283
2285
2323
2329
2365
2367
2382
2437
2475
2494
2501
2519
2552
2567
2579
2596
2630
2632
2642
2654
2655
2663
2678
2710
2711
2743
2808
2815
2878
2951
2956
2957
2982
2991
3004
3012
3032
3047
3055
3086
3089
3090
3103
3211
3238
3270
3329
3408
3448
3492
3513
3544
3545
3570
3575
3617
3620
3659
3674
3738
3768
3770
3774
3790
3819
3860
3867
3899
3912
3917
3927
3939
3976
3977
4004
4011
4031
4041
4110
4243
4269
4288
4290
4316
4330
4332
4424
4428
4437
4476
4491
4517
4519
4527
4529
4551
4585
4615
4622
4683
4702
4727
4791
4798
4813
4892
4966
4993
4999
5007
5017
5082
5095
5173
5284
5373
5378
5383
5432
5449
5451
5479
5512
5517
5531
5568
5572
5580
5592
5671
5713
5751
5773
5805
5816
5853
5872
5876
5886
5895
5907
5908
5920
5939
5974
5987
5991
5992
6024
6033
6080
6081
6085
6118
6122
6128
6179
6226
6228
6348
6379
6381
6426
6434
6499
6504
6532
6556
6558
6599
6618
6647
6683
6695
6717
6729
6732
6743
6745
6764
6819
6835
6853
6904
6941
6953
6974
6976
7003
7013
7022
7095
7104
7110
7176
7179
7187
7188
7209
7215
7241
7244
7268
7273
7282
7288
7291
7299
7347
7348
7358
7378
7420
7451
7452
7459
7477
7484
7494
7510
7514
7568
7709
7783
7806
7852
7876
7880
7924
7987
8000
8027
8069
8131
8173
8203
8213
8229
8243
8266
8270
8385
8399
8423
8439
8474
8476
8512
8525
8553
8608
8613
8616
8629
8655
8661
8672
8677
8680
8707
8721
8734
8743
8759
8767
8786
8796
8886
8889
8892
8918
8928
8930
8976
9048
9065
9072
9200
9240
9250
9295
9311
9356
9387
9438
9495
9508
9552
9564
9604
9628
9657
9707
9741
9796
9810
9818
9913
9915
9976
9980
-1
