19
53
76
88
127
173
179
227
230
270
275
349
387
425
497
514
549
563
609
617
659
675
678
691
746
750
792
828
835
876
881
930
969
975
997
1019
1035
1048
1051
1081
1211
1231
1243
1282
1294
1415
1517
1542
1556
1569
1574
1607
1609
1627
1655
1659
1673
1685
1727
1749
1781
1793
1847
1869
1893
1923
1931
1984
1987
2014
2042
2048
2049
2053
2059
2097
2171
2199
2230
2250
2314
2331
2347
2382
2383
2400
2442
2454
2461
2495
2500
2512
2514
2546
2559
2581
2611
2648
2655
2659
2672
2676
2679
2693
2707
2719
2736
2761
2806
2819
2828
2834
2862
2864
2874
2878
2930
2940
2945
2947
3020
3038
3051
3112
3129
3133
3176
3186
3190
3211
3213
3229
3233
3246
3256
3261
3286
3287
3325
3346
3386
3480
3523
3533
3540
3611
3707
3711
3729
3765
3816
3817
3887
3890
3909
3928
3940
3971
3988
4010
4066
4097
4138
4142
4154
4158
4171
4185
4198
4210
4212
4217
4283
4287
4335
4343
4354
4368
4370
4467
4486
4487
4525
4551
4595
4606
4630
4641
4692
4697
4718
4724
4730
4761
4858
4883
4891
4896
4909
4952
4978
4993
4995
5015
5060
5070
5078
5093
5095
5105
5198
5280
5309
5314
5319
5326
5354
5361
5371
5373
5393
5427
5441
5554
5566
5599
5601
5610
5634
5705
5762
5764
5800
5810
5833
5843
5880
5921
5929
5942
6086
6095
6098
6099
6176
6267
6274
6287
6305
6306
6346
6372
6394
6495
6513
6558
6568
6614
6625
6643
6657
6719
6765
6766
6778
6822
6825
6828
6849
6856
6889
6895
6896
6988
7006
7020
7029
7080
7114
7166
7248
7254
7257
7269
7296
7303
7380
7396
7402
7440
7449
7482
7485
7527
7537
7543
7546
7611
7616
7624
7630
7649
7655
7679
7684
7694
7698
7709
7764
7788
7818
7849
7907
7932
7945
7970
7975
7995
8003
8011
8019
8032
8086
8123
8169
8231
8255
8256
8259
8261
8270
8283
8301
8314
8350
8357
8359
8374
8399
8419
8431
8438
8527
8567
8723
8730
8745
8775
8782
8831
8869
8919
8947
8981
8982
8998
9035
9058
9066
9118
9136
9210
9219
9220
9224
9225
9312
9346
9347
9393
9396
9497
9500
9513
9521
9550
9554
9609
9617
9620
9640
9664
9667
9676
9680
9748
9750
9756
9770
9791
9814
9833
9835
9884
9897
9931
9941
9956
9968
9979
-1
