16
60
75
84
94
98
106
131
140
188
194
197
214
259
263
371
422
423
457
512
551
613
623
635
640
669
685
693
723
730
747
761
777
823
843
863
944
958
965
977
987
1048
1061
1080
1110
1134
1137
1189
1206
1220
1235
1237
1259
1262
1265
1269
1286
1289
1325
1338
1486
1500
1528
1531
1533
1587
1631
1649
1664
1668
1688
1720
1740
1757
1773
1782
1854
1904
1923
1927
2011
2036
2106
2120
2157
2168
2206
2251
2277
2379
2438
2454
2542
2573
2589
2602
2671
2682
2801
2824
2842
2852
2861
2879
2898
2908
2950
3029
3034
3072
3093
3193
3202
3209
3231
3242
3250
3291
3313
3320
3345
3370
3391
3442
3488
3544
3560
3562
3595
3611
3648
3672
3687
3731
3744
3836
3887
3909
3947
4003
4019
4092
4150
4199
4210
4247
4250
4262
4337
4379
4443
4469
4485
4493
4527
4556
4571
4585
4613
4664
4707
4724
4795
4853
4854
4871
4884
5049
5060
5118
5151
5152
5156
5181
5194
5202
5231
5242
5273
5305
5327
5339
5396
5398
5429
5437
5459
5478
5490
5510
5515
5542
5581
5593
5602
5612
5664
5713
5770
5816
5818
5821
5827
5829
5883
5916
5942
5958
5961
5962
6001
6012
6026
6036
6075
6086
6087
6123
6131
6152
6164
6192
6205
6217
6218
6227
6239
6271
6286
6290
6295
6313
6321
6333
6339
6363
6376
6390
6411
6412
6435
6447
6448
6462
6463
6477
6490
6530
6536
6584
6586
6597
6598
6605
6629
6657
6660
6733
6740
6757
6766
6797
6826
6830
6835
6871
6895
6896
6917
6936
6976
6986
7053
7060
7085
7131
7184
7195
7216
7258
7262
7264
7280
7285
7329
7341
7372
7383
7408
7435
7465
7491
7498
7509
7536
7603
7617
7640
7668
7680
7789
7790
7800
7836
7869
7870
7891
7897
7910
7912
7950
7953
8010
8012
8017
8018
8020
8054
8061
8064
8090
8118
8185
8209
8308
8383
8405
8408
8455
8493
8513
8608
8632
8654
8666
8695
8697
8713
8720
8763
8787
8794
8809
8817
8847
8862
8912
8925
8941
8956
8958
8961
8965
9001
9009
9012
9051
9061
9073
9077
9124
9130
9139
9158
9174
9181
9237
9272
9278
9290
9301
9365
9389
9418
9432
9440
9509
9515
9525
9576
9591
9592
9593
9595
9614
9625
9638
9677
9746
9764
9793
9889
9910
9916
9918
9919
9922
9940
9973
9999
-1
