7
112
121
164
170
224
291
293
295
337
381
447
449
460
463
469
493
511
574
593
624
636
642
643
664
686
726
731
739
780
790
850
865
866
877
907
921
951
971
998
1094
1103
1119
1154
1167
1204
1239
1246
1280
1283
1291
1297
1310
1323
1337
1351
1381
1417
1482
1522
1539
1564
1572
1584
1591
1630
1702
1737
1746
1774
1814
1835
1870
1888
1889
1901
1932
1939
1966
1993
2038
2070
2073
2094
2129
2139
2144
2197
2320
2345
2358
2361
2369
2411
2442
2481
2492
2493
2499
2530
2531
2551
2575
2579
2591
2648
2674
2675
2695
2712
2751
2767
2780
2846
2853
2864
2968
2969
3017
3028
3042
3046
3060
3066
3080
3089
3158
3183
3199
3201
3205
3221
3255
3393
3410
3479
3495
3515
3560
3604
3610
3639
3701
3708
3725
3824
3834
3859
3887
3892
3901
3913
3933
3941
4025
4035
4036
4037
4049
4050
4078
4116
4124
4157
4221
4239
4273
4281
4295
4322
4333
4432
4519
4520
4534
4537
4597
4652
4728
4787
4836
4859
4879
4886
4897
4940
4945
4949
4971
4992
5015
5025
5054
5055
5064
5123
5127
5166
5178
5198
5204
5211
5224
5268
5280
5281
5301
5342
5357
5402
5427
5439
5497
5517
5534
5543
5561
5567
5569
5586
5594
5604
5606
5611
5642
5679
5687
5692
5698
5707
5756
5827
5832
5853
5884
5896
5900
5941
5957
5979
6002
6034
6042
6093
6115
6130
6150
6179
6183
6194
6238
6263
6298
6300
6357
6373
6379
6410
6420
6421
6439
6444
6456
6522
6525
6538
6540
6555
6565
6567
6573
6577
6596
6624
6657
6686
6696
6720
6743
6745
6790
6809
6894
6933
6939
6970
7000
7025
7027
7034
7038
7053
7057
7088
7116
7118
7162
7192
7231
7235
7239
7296
7303
7352
7362
7380
7427
7466
7607
7624
7677
7704
7734
7739
7748
7757
7762
7765
7792
7819
7821
7910
7916
7925
7981
7987
7996
8002
8031
8060
8074
8105
8112
8138
8140
8151
8210
8217
8223
8224
8235
8288
8305
8306
8325
8327
8335
8383
8409
8422
8424
8437
8465
8494
8527
8551
8570
8623
8651
8654
8682
8685
8734
8756
8823
8834
8899
8958
8959
8968
9008
9015
9044
9068
9101
9135
9199
9215
9242
9247
9249
9280
9283
9306
9383
9397
9401
9418
9434
9516
9519
9580
9691
9747
9762
9828
9935
9936
9950
9965
-1
