1
23
25
33
41
119
146
152
182
186
206
212
226
246
280
312
337
347
355
419
420
448
463
465
478
487
503
508
565
601
602
610
611
645
738
740
752
779
801
814
847
858
916
927
965
972
975
1001
1078
1080
1083
1105
1119
1133
1150
1168
1189
1253
1282
1283
1315
1322
1356
1362
1375
1398
1437
1443
1472
1486
1557
1579
1583
1585
1600
1638
1641
1674
1683
1782
1830
1839
1881
1897
1909
1945
1995
2009
2097
2111
2121
2139
2140
2157
2184
2195
2212
2232
2252
2268
2307
2371
2396
2462
2491
2494
2654
2657
2663
2682
2705
2706
2721
2753
2772
2804
2809
2875
2886
2905
2939
2940
2944
2958
2987
2993
2999
3022
3023
3039
3114
3125
3148
3152
3191
3228
3280
3288
3292
3298
3312
3342
3367
3383
3396
3478
3497
3507
3518
3520
3525
3551
3553
3616
3640
3651
3666
3687
3728
3732
3826
3842
3887
3910
3913
3930
3961
3995
4016
4048
4055
4086
4111
4154
4186
4188
4189
4205
4310
4312
4324
4325
4329
4362
4387
4397
4408
4431
4441
4448
4453
4455
4476
4484
4485
4497
4500
4506
4508
4616
4660
4693
4701
4704
4711
4718
4785
4850
4853
4869
4912
4933
4938
4990
4992
5017
5036
5064
5111
5116
5120
5149
5154
5164
5168
5196
5201
5216
5242
5244
5250
5277
5285
5308
5329
5480
5508
5518
5536
5573
5577
5584
5625
5635
5644
5648
5660
5694
5780
5785
5792
5864
5899
5905
5952
5974
6018
6028
6036
6048
6140
6321
6346
6369
6397
6418
6438
6534
6537
6572
6629
6653
6655
6667
6691
6722
6732
6735
6741
6785
6836
6839
6859
6883
6943
6975
6993
7001
7007
7014
7055
7061
7074
7148
7201
7233
7237
7274
7436
7454
7470
7472
7476
7507
7512
7517
7530
7545
7552
7560
7621
7648
7667
7722
7777
7831
7871
7938
7953
7979
8027
8079
8137
8148
8152
8210
8215
8218
8246
8271
8290
8291
8292
8360
8366
8371
8484
8511
8513
8537
8538
8542
8552
8581
8619
8667
8712
8773
8796
8798
8817
8821
8851
8867
8872
8939
8958
8962
8980
9007
9048
9060
9066
9070
9093
9095
9141
9148
9200
9224
9225
9232
9235
9300
9311
9374
9377
9399
9425
9439
9455
9459
9513
9572
9582
9583
9605
9608
9611
9638
9641
9685
9712
9718
9794
9855
9857
9949
9958
9978
-1
