9
72
95
113
134
139
144
185
209
221
231
240
255
266
317
337
365
382
413
422
436
497
516
517
527
556
622
623
656
678
727
757
777
790
805
863
864
911
924
953
956
978
1003
1007
1027
1068
1078
1098
1120
1170
1192
1210
1249
1281
1303
1321
1408
1425
1524
1556
1591
1616
1620
1640
1664
1706
1781
1795
1816
1825
1838
1866
1868
1903
1934
1967
2041
2043
2078
2079
2106
2175
2216
2230
2268
2298
2318
2328
2330
2331
2340
2394
2424
2451
2523
2544
2554
2567
2605
2623
2629
2666
2686
2717
2771
2776
2787
2796
2889
2895
2925
2936
2964
3004
3006
3030
3043
3057
3065
3109
3111
3148
3177
3206
3218
3219
3275
3291
3332
3363
3370
3390
3393
3404
3427
3446
3449
3453
3487
3521
3537
3540
3564
3588
3597
3623
3651
3658
3742
3752
3768
3773
3827
3833
3845
3874
3926
3951
3958
3971
3973
3991
4006
4038
4146
4167
4211
4228
4253
4299
4352
4381
4396
4398
4401
4403
4409
4410
4412
4418
4522
4526
4531
4537
4540
4563
4583
4607
4629
4653
4654
4660
4661
4676
4742
4744
4772
4774
4795
4806
4919
4942
4950
4961
4996
5008
5079
5094
5100
5108
5144
5167
5202
5222
5229
5232
5245
5261
5280
5303
5346
5389
5452
5539
5555
5566
5594
5668
5673
5711
5717
5743
5746
5796
5800
5805
5853
5867
5888
5899
5931
5954
5979
5980
6060
6122
6148
6155
6199
6203
6217
6242
6309
6339
6356
6440
6486
6490
6494
6523
6530
6580
6602
6603
6617
6631
6635
6639
6662
6672
6686
6722
6733
6762
6799
6807
6817
6828
6850
6868
6879
6895
6908
6929
6939
6954
6957
6963
6974
6992
7011
7013
7025
7031
7128
7153
7156
7166
7207
7211
7241
7257
7288
7336
7341
7414
7422
7429
7488
7500
7526
7541
7542
7554
7558
7565
7717
7729
7743
7747
7767
7775
7789
7799
7801
7823
7886
8028
8052
8053
8115
8124
8125
8128
8130
8180
8198
8199
8234
8276
8306
8313
8348
8356
8385
8445
8461
8470
8487
8527
8551
8554
8584
8605
8623
8633
8644
8650
8694
8713
8776
8810
8827
8895
8902
8904
8926
8949
8961
9102
9122
9138
9200
9210
9219
9220
9232
9237
9276
9299
9331
9366
9437
9451
9479
9572
9573
9584
9587
9608
9657
9658
9667
9731
9789
9804
9864
9920
9976
9985
-1
