9
16
22
38
47
92
120
122
126
151
177
197
283
291
298
308
413
423
434
442
446
456
470
471
477
496
500
509
526
533
540
557
569
574
590
617
620
674
698
699
716
727
737
799
807
832
838
852
895
908
943
963
977
981
1016
1031
1064
1084
1093
1098
1131
1151
1166
1230
1318
1336
1378
1386
1387
1403
1413
1415
1488
1534
1583
1590
1607
1637
1642
1656
1706
1713
1741
1813
1828
1833
1838
1890
1912
1972
1990
2041
2176
2189
2190
2191
2204
2222
2248
2277
2292
2334
2342
2360
2376
2394
2409
2433
2468
2476
2525
2560
2585
2617
2640
2675
2711
2723
2750
2760
2781
2783
2786
2800
2811
2829
2842
2856
2897
2900
2919
2925
2954
3000
3011
3053
3066
3070
3078
3084
3122
3156
3189
3195
3196
3221
3288
3313
3340
3346
3353
3361
3370
3380
3401
3430
3434
3444
3458
3487
3502
3547
3578
3615
3620
3623
3633
3636
3664
3685
3714
3721
3801
3824
3873
3929
3932
3939
3946
3965
3985
4008
4010
4030
4076
4143
4158
4326
4337
4370
4433
4505
4533
4541
4547
4571
4596
4642
4647
4658
4659
4695
4716
4732
4742
4804
4817
4822
4823
4836
4850
4896
4913
4938
4946
4990
5050
5151
5157
5183
5188
5209
5230
5290
5298
5342
5377
5381
5460
5529
5532
5533
5542
5574
5603
5607
5636
5688
5741
5792
5826
5847
5870
5922
5923
5927
5965
6027
6058
6065
6071
6125
6155
6194
6266
6276
6282
6315
6322
6343
6346
6440
6442
6453
6473
6483
6484
6562
6578
6603
6618
6635
6651
6662
6688
6705
6751
6761
6765
6772
6777
6880
6886
6901
6907
6921
6922
6987
6996
7056
7060
7064
7114
7126
7155
7157
7176
7183
7233
7258
7314
7352
7358
7382
7394
7403
7404
7441
7483
7511
7520
7527
7531
7540
7572
7595
7628
7641
7713
7736
7756
7781
7803
7828
7839
7850
7880
7901
8013
8022
8044
8059
8084
8093
8095
8138
8163
8183
8208
8213
8216
8226
8321
8322
8441
8454
8461
8468
8481
8494
8518
8529
8558
8605
8707
8784
8789
8808
8818
8838
8853
8881
8897
8973
9045
9065
9101
9118
9136
9152
9162
9177
9206
9239
9255
9283
9308
9332
9367
9383
9402
9443
9467
9482
9488
9640
9706
9743
9760
9762
9767
9810
9827
9834
9843
9848
9851
9876
9933
9969
-1
