6
20
78
91
110
120
124
230
293
305
314
316
337
366
387
411
422
484
530
604
685
694
766
767
780
807
827
859
891
919
936
939
981
986
1002
1058
1065
1091
1166
1175
1177
1182
1188
1190
1205
1248
1275
1314
1357
1380
1385
1408
1471
1528
1533
1548
1577
1578
1592
1609
1626
1651
1699
1712
1794
1867
1874
1878
1885
1915
1916
1926
1968
2015
2085
2090
2138
2159
2189
2193
2232
2247
2283
2288
2299
2300
2304
2314
2328
2335
2342
2370
2377
2395
2429
2464
2465
2473
2476
2485
2587
2599
2603
2653
2661
2693
2696
2767
2812
2822
2886
2887
2938
2959
2997
3033
3042
3050
3068
3077
3110
3113
3129
3149
3151
3157
3185
3250
3304
3318
3319
3363
3396
3445
3456
3484
3489
3533
3535
3553
3568
3608
3614
3684
3724
3762
3765
3840
3847
3848
3857
3863
3869
3883
3885
3973
4013
4019
4043
4044
4048
4083
4099
4110
4137
4222
4241
4253
4282
4286
4287
4299
4327
4336
4337
4366
4394
4404
4456
4497
4509
4527
4532
4575
4611
4612
4632
4667
4676
4685
4707
4740
4747
4788
4801
4814
4835
4847
4849
4851
4920
5037
5066
5191
5209
5213
5246
5270
5283
5290
5307
5311
5315
5330
5345
5383
5389
5391
5392
5404
5441
5476
5491
5505
5514
5520
5548
5586
5592
5604
5641
5648
5750
5830
5836
5837
5846
5924
5984
5985
6001
6010
6011
6023
6038
6066
6077
6110
6187
6205
6273
6294
6302
6314
6337
6371
6386
6425
6442
6449
6468
6500
6519
6559
6594
6598
6620
6639
6686
6721
6743
6746
6749
6837
6852
6903
6933
6946
6981
7019
7020
7041
7044
7054
7055
7070
7075
7093
7095
7173
7232
7240
7286
7302
7304
7317
7335
7387
7414
7452
7460
7467
7489
7505
7510
7601
7642
7668
7692
7737
7778
7781
7804
7806
7870
7873
7876
7938
7980
8024
8117
8159
8170
8199
8205
8232
8301
8306
8346
8375
8376
8383
8466
8482
8490
8532
8564
8575
8613
8619
8629
8649
8665
8722
8792
8833
8850
8857
8900
8943
8946
8973
8978
8985
9004
9083
9099
9108
9132
9136
9142
9148
9162
9166
9186
9187
9196
9232
9239
9258
9280
9299
9342
9354
9355
9382
9403
9444
9448
9452
9457
9464
9479
9487
9549
9557
9664
9679
9700
9775
9789
9806
9808
9822
9826
9843
9858
9912
9923
9935
-1