34
58
67
89
115
176
192
234
252
296
300
350
400
429
456
465
469
510
513
553
580
643
658
729
730
792
805
819
832
837
839
878
913
923
927
930
936
950
972
1002
1013
1083
1165
1181
1191
1192
1254
1261
1281
1316
1323
1383
1391
1397
1433
1451
1569
1579
1587
1593
1606
1678
1681
1687
1705
1749
1766
1820
1855
1860
1878
1910
1949
2039
2069
2076
2099
2101
2124
2130
2143
2193
2206
2239
2271
2297
2309
2321
2397
2436
2495
2601
2615
2633
2660
2676
2705
2716
2807
2827
2855
2880
2904
2914
2938
2943
2948
2975
3039
3042
3068
3071
3072
3079
3086
3110
3134
3152
3170
3214
3262
3282
3306
3311
3323
3338
3372
3386
3400
3442
3467
3497
3501
3540
3542
3545
3550
3558
3576
3589
3622
3626
3629
3657
3694
3765
3801
3817
3819
3919
3927
3934
3981
4036
4090
4112
4155
4163
4242
4283
4286
4295
4310
4320
4330
4344
4453
4459
4479
4483
4496
4510
4535
4560
4581
4595
4597
4630
4653
4697
4777
4779
4784
4865
4866
4875
4890
4915
4929
4957
4989
4998
5006
5043
5046
5077
5097
5104
5149
5161
5188
5288
5291
5294
5302
5320
5326
5333
5335
5346
5383
5390
5431
5433
5459
5491
5499
5501
5557
5574
5602
5652
5657
5734
5741
5767
5796
5849
5865
5876
5892
5896
5900
5931
5992
5999
6060
6070
6075
6080
6098
6101
6117
6146
6150
6198
6229
6260
6261
6331
6339
6341
6345
6357
6412
6442
6467
6500
6514
6537
6565
6591
6651
6652
6659
6686
6708
6734
6740
6752
6754
6760
6785
6808
6830
6870
6876
6988
6993
7077
7093
7115
7125
7133
7137
7142
7180
7195
7212
7224
7235
7294
7302
7332
7336
7384
7391
7425
7428
7431
7454
7534
7562
7609
7612
7636
7647
7684
7726
7796
7811
7815
7854
7859
7872
7873
7912
7935
7938
7946
7948
8007
8022
8032
8052
8064
8072
8089
8105
8110
8222
8260
8308
8359
8375
8382
8387
8403
8452
8471
8521
8527
8536
8590
8617
8622
8642
8669
8695
8699
8707
8741
8755
8762
8784
8819
8915
8933
8988
9023
9044
9091
9094
9096
9102
9117
9171
9185
9201
9206
9230
9263
9358
9364
9390
9401
9467
9476
9511
9530
9535
9564
9567
9604
9639
9698
9724
9730
9749
9756
9759
9783
9794
9884
9896
9897
9927
9939
9987
9998
-1
