7
65
87
90
96
127
140
144
158
172
205
210
213
217
246
253
279
291
325
347
380
390
401
406
445
462
475
528
539
591
605
663
682
698
737
779
853
902
948
958
970
1000
1004
1012
1081
1092
1108
1131
1162
1181
1194
1225
1247
1258
1278
1281
1289
1292
1311
1346
1413
1418
1445
1477
1492
1548
1553
1562
1598
1611
1612
1630
1636
1665
1682
1686
1692
1711
1724
1729
1789
1859
1862
1884
1910
2022
2027
2041
2045
2059
2112
2120
2137
2152
2155
2160
2184
2191
2276
2287
2294
2311
2386
2409
2438
2450
2468
2591
2610
2619
2626
2645
2657
2705
2721
2730
2750
2762
2777
2806
2842
2879
2897
2917
2982
3005
3037
3046
3058
3079
3084
3090
3094
3131
3136
3140
3164
3181
3230
3243
3264
3272
3278
3279
3286
3320
3324
3328
3337
3368
3381
3475
3491
3503
3526
3529
3610
3630
3641
3656
3718
3799
3838
3884
3899
3904
3925
3985
3987
3991
3996
3999
4014
4051
4103
4144
4163
4192
4214
4222
4263
4264
4274
4319
4331
4335
4430
4448
4523
4544
4548
4649
4686
4702
4705
4733
4771
4775
4777
4781
4801
4850
4907
4952
4970
5030
5045
5064
5106
5120
5122
5127
5133
5184
5235
5263
5281
5288
5313
5317
5398
5415
5461
5526
5580
5584
5628
5650
5654
5659
5704
5707
5736
5763
5788
5859
5874
5910
5921
5936
5955
6017
6023
6033
6062
6070
6071
6092
6141
6181
6196
6198
6199
6201
6252
6287
6391
6398
6410
6415
6510
6555
6565
6583
6619
6656
6663
6664
6691
6703
6705
6722
6743
6745
6757
6776
6811
6862
6897
6906
6938
6941
6987
7026
7032
7049
7053
7058
7059
7068
7126
7136
7141
7157
7165
7167
7189
7190
7273
7317
7376
7378
7396
7408
7460
7473
7475
7489
7503
7532
7553
7555
7570
7580
7626
7654
7656
7688
7723
7739
7790
7841
7873
7901
7949
7954
7972
7983
7999
8005
8006
8023
8056
8068
8076
8145
8146
8170
8227
8242
8279
8341
8386
8450
8459
8516
8547
8559
8594
8604
8607
8633
8642
8645
8667
8709
8713
8778
8810
8860
8873
8876
8920
8927
8993
8994
9111
9122
9123
9201
9202
9258
9317
9319
9326
9343
9367
9376
9387
9392
9395
9460
9508
9519
9532
9587
9599
9617
9662
9685
9693
9723
9742
9801
9880
9914
9923
9957
9977
9994
-1
