23
33
39
69
75
85
176
192
206
207
271
373
393
408
421
425
472
498
562
565
609
623
689
698
745
764
774
776
778
868
906
927
933
944
970
987
1034
1066
1073
1120
1165
1167
1179
1196
1223
1237
1250
1259
1331
1332
1366
1378
1413
1415
1438
1441
1452
1456
1461
1515
1535
1557
1577
1600
1613
1615
1646
1687
1691
1746
1767
1770
1911
1926
2006
2013
2031
2046
2076
2112
2202
2246
2247
2286
2293
2304
2305
2308
2345
2347
2503
2521
2612
2632
2633
2677
2684
2732
2746
2769
2773
2810
2864
2869
2934
2981
2994
3008
3048
3077
3115
3139
3186
3216
3228
3327
3328
3375
3376
3384
3402
3404
3431
3441
3463
3465
3495
3571
3652
3661
3669
3686
3715
3724
3757
3774
3785
3808
3831
3835
3858
3889
3890
3901
3904
3928
3930
3939
3947
3984
3997
4015
4025
4046
4142
4180
4195
4219
4221
4243
4250
4282
4315
4335
4379
4381
4398
4445
4463
4476
4522
4526
4530
4549
4554
4559
4585
4593
4657
4679
4694
4746
4790
4793
4866
4875
4882
4892
4893
4894
4908
4931
4934
4935
4945
4955
4966
4967
4974
5024
5032
5096
5099
5157
5165
5195
5209
5268
5275
5297
5308
5363
5370
5371
5401
5439
5515
5541
5543
5563
5566
5600
5621
5646
5678
5712
5718
5725
5731
5804
5865
5893
5903
5941
5967
5973
5974
5979
6060
6116
6187
6188
6190
6195
6254
6264
6269
6280
6306
6353
6384
6391
6403
6448
6478
6507
6514
6552
6563
6580
6583
6586
6591
6609
6617
6632
6671
6704
6713
6742
6769
6797
6815
6832
6851
6863
6877
6888
6889
6915
6928
6945
6956
7011
7060
7068
7103
7140
7150
7167
7176
7195
7253
7266
7269
7288
7302
7311
7313
7316
7323
7349
7387
7396
7397
7465
7490
7500
7530
7563
7637
7673
7689
7706
7735
7748
7760
7811
7848
7905
7923
7953
7956
8014
8019
8037
8061
8070
8084
8110
8119
8130
8165
8171
8197
8199
8203
8210
8222
8302
8303
8320
8334
8353
8356
8370
8418
8422
8462
8500
8526
8531
8553
8633
8684
8691
8733
8751
8764
8783
8813
8847
8850
8880
8937
8996
9020
9053
9064
9079
9116
9159
9167
9169
9209
9242
9280
9286
9319
9350
9359
9373
9407
9441
9453
9493
9511
9552
9553
9617
9651
9665
9698
9782
9791
9801
9818
9843
9870
9880
-1
