31
61
98
100
112
154
171
183
194
234
253
264
268
271
283
336
346
347
361
368
373
382
392
439
455
465
473
489
492
560
564
583
613
619
622
628
631
670
728
739
780
828
861
868
905
956
1018
1037
1067
1082
1084
1087
1119
1137
1161
1167
1175
1213
1221
1336
1409
1426
1429
1441
1444
1445
1462
1483
1485
1514
1528
1541
1542
1559
1567
1635
1673
1732
1776
1778
1793
1812
1933
1954
1985
1994
2010
2044
2130
2235
2272
2296
2326
2332
2339
2348
2354
2355
2374
2397
2445
2474
2508
2511
2593
2623
2679
2702
2704
2710
2726
2745
2814
2940
2949
2950
2999
3053
3138
3145
3158
3208
3259
3262
3268
3269
3305
3308
3332
3333
3353
3395
3397
3399
3410
3430
3482
3502
3592
3593
3597
3636
3647
3656
3693
3698
3710
3735
3759
3779
3785
3799
3807
3853
3857
3867
3872
3882
3892
3915
3951
3985
4066
4127
4154
4180
4201
4217
4279
4290
4294
4297
4307
4331
4351
4383
4387
4388
4392
4432
4439
4479
4480
4493
4524
4574
4587
4592
4595
4606
4607
4623
4644
4654
4674
4707
4808
4819
4829
4857
4871
4882
4893
4899
4952
4983
4989
5006
5025
5074
5127
5164
5168
5190
5196
5198
5199
5211
5243
5261
5281
5326
5330
5374
5464
5465
5487
5496
5526
5531
5547
5571
5601
5604
5610
5641
5643
5654
5658
5676
5680
5715
5716
5723
5738
5744
5767
5782
5800
5858
5907
5970
5978
5982
5992
6057
6061
6140
6152
6160
6225
6269
6275
6390
6432
6440
6483
6489
6496
6499
6603
6627
6630
6635
6656
6693
6749
6785
6836
6840
6842
6896
6935
6962
6979
6997
7052
7059
7061
7069
7070
7072
7099
7138
7189
7200
7203
7234
7245
7275
7277
7284
7298
7303
7311
7349
7404
7434
7439
7448
7510
7515
7548
7568
7592
7615
7634
7642
7657
7663
7672
7709
7719
7720
7772
7781
7785
7791
7825
7854
7855
7861
7909
7915
7954
7988
8006
8018
8036
8075
8082
8165
8178
8208
8237
8248
8250
8268
8309
8331
8395
8450
8483
8497
8507
8539
8568
8589
8623
8714
8761
8829
8859
8896
8920
8924
8945
8991
9021
9053
9073
9076
9121
9181
9223
9268
9316
9360
9363
9378
9400
9439
9462
9471
9487
9527
9562
9599
9615
9725
9742
9758
9776
9820
9821
9826
9843
9975
9981
9994
-1
