36
54
66
81
112
117
139
146
158
159
172
175
182
193
222
239
266
387
456
469
512
534
541
544
567
581
592
658
661
727
735
814
822
852
873
911
922
927
997
1027
1036
1048
1066
1082
1093
1104
1149
1154
1158
1224
1241
1248
1260
1262
1307
1372
1417
1447
1474
1498
1513
1519
1523
1549
1553
1561
1612
1640
1696
1746
1773
1777
1787
1790
1799
1846
1877
1893
1904
1972
1985
1991
1995
2023
2075
2083
2088
2102
2130
2182
2197
2203
2207
2214
2254
2271
2303
2337
2338
2347
2393
2412
2422
2449
2471
2509
2522
2614
2619
2642
2669
2710
2729
2738
2743
2745
2810
2914
2994
3021
3044
3046
3052
3094
3129
3135
3170
3205
3207
3232
3259
3264
3267
3269
3291
3295
3325
3408
3418
3435
3455
3494
3567
3634
3650
3692
3738
3743
3784
3800
3806
3821
3837
3931
3966
3987
3993
4019
4140
4149
4167
4175
4198
4200
4202
4203
4213
4219
4270
4276
4278
4293
4336
4398
4402
4416
4449
4455
4471
4475
4510
4540
4557
4577
4594
4609
4616
4635
4643
4697
4736
4738
4788
4850
4851
4890
4929
4958
4960
4964
4977
4991
4993
4994
5007
5013
5015
5027
5041
5138
5156
5192
5220
5221
5246
5255
5256
5287
5323
5369
5424
5494
5500
5501
5512
5578
5597
5634
5677
5684
5706
5711
5715
5729
5761
5778
5782
5786
5903
5914
5916
5922
5944
5980
5986
6016
6047
6075
6080
6092
6118
6134
6157
6161
6265
6285
6320
6335
6343
6371
6374
6420
6455
6575
6649
6678
6680
6685
6694
6739
6746
6776
6811
6838
6860
6892
6903
6904
6952
6991
7006
7010
7088
7089
7132
7157
7158
7206
7216
7252
7282
7295
7339
7374
7381
7392
7420
7423
7469
7506
7545
7573
7610
7618
7638
7660
7667
7677
7684
7689
7722
7729
7730
7747
7814
7815
7835
7872
7887
7892
7919
7973
7975
8029
8030
8047
8078
8260
8286
8300
8306
8339
8349
8424
8488
8519
8541
8548
8551
8566
8601
8667
8702
8739
8742
8758
8772
8778
8815
8817
8857
8868
8883
8947
8963
8967
8988
9012
9015
9053
9063
9067
9137
9149
9206
9229
9244
9251
9255
9296
9307
9320
9331
9386
9394
9478
9479
9542
9556
9581
9591
9596
9601
9638
9639
9652
9677
9688
9714
9757
9762
9779
9809
9817
9826
9839
9892
9912
9954
9980
-1
