16
29
49
111
133
167
174
185
194
203
205
230
238
239
258
266
272
302
397
400
433
441
489
514
600
648
655
671
680
789
790
803
817
832
843
891
941
974
985
1009
1032
1071
1096
1120
1169
1225
1233
1267
1285
1307
1360
1386
1396
1414
1451
1458
1502
1507
1519
1554
1572
1603
1607
1643
1644
1678
1702
1733
1771
1785
1817
1896
1921
1956
1968
1997
2000
2022
2062
2091
2111
2112
2126
2141
2235
2238
2257
2272
2288
2297
2310
2361
2382
2386
2418
2440
2455
2551
2555
2567
2594
2641
2685
2765
2806
2855
2886
2904
2917
2919
2941
2958
2959
2997
3015
3061
3064
3163
3183
3190
3204
3209
3231
3243
3267
3271
3285
3296
3327
3406
3408
3415
3417
3423
3424
3490
3508
3544
3763
3799
3827
3853
3865
3873
3880
3881
3972
4003
4019
4037
4115
4131
4138
4166
4193
4202
4208
4233
4235
4240
4252
4341
4351
4370
4379
4393
4421
4425
4429
4447
4466
4473
4487
4519
4590
4623
4637
4700
4701
4761
4771
4826
4854
4855
4892
4898
4934
4960
5061
5080
5104
5119
5162
5293
5326
5328
5355
5363
5380
5412
5443
5494
5507
5529
5537
5555
5559
5583
5653
5719
5738
5758
5759
5777
5819
5852
5862
5872
5876
5905
5924
5939
5999
6006
6007
6023
6034
6055
6064
6068
6069
6088
6096
6098
6102
6180
6191
6245
6260
6266
6276
6277
6283
6290
6306
6322
6349
6411
6447
6450
6462
6465
6487
6518
6523
6536
6551
6562
6581
6592
6598
6608
6650
6660
6687
6760
6774
6808
6848
6894
6935
6967
6970
6991
6995
7002
7012
7016
7073
7083
7089
7133
7201
7225
7261
7291
7297
7341
7432
7439
7445
7448
7484
7531
7533
7610
7647
7685
7710
7728
7729
7730
7735
7738
7756
7758
7824
7825
7849
7853
7874
7926
7944
7984
7999
8008
8035
8084
8097
8133
8136
8167
8212
8218
8222
8225
8255
8266
8272
8275
8301
8307
8315
8320
8336
8362
8367
8404
8425
8449
8473
8475
8499
8542
8560
8572
8585
8655
8664
8683
8703
8772
8800
8834
8858
8880
8925
8934
8971
8991
9008
9033
9035
9043
9071
9078
9097
9154
9157
9177
9207
9209
9239
9248
9281
9284
9289
9296
9303
9304
9412
9465
9524
9534
9536
9544
9560
9567
9593
9625
9712
9780
9784
9786
9821
9861
9879
9935
9970
9993
-1
