0
28
59
84
90
104
125
145
269
282
294
303
304
305
311
319
384
396
423
451
456
460
489
508
548
553
569
580
598
650
657
660
662
694
715
730
758
814
822
826
827
831
862
867
874
914
925
932
990
997
1046
1048
1096
1107
1117
1118
1128
1156
1193
1215
1218
1235
1301
1320
1332
1347
1367
1376
1411
1416
1473
1512
1523
1540
1600
1606
1677
1713
1747
1784
1786
1791
1809
1830
1848
1859
1885
1902
1914
1931
1966
2033
2064
2074
2088
2127
2236
2255
2288
2304
2372
2457
2458
2479
2518
2546
2557
2587
2641
2642
2705
2712
2713
2757
2774
2830
2844
2882
2967
3019
3023
3030
3032
3070
3104
3122
3153
3167
3174
3242
3310
3332
3334
3346
3507
3521
3533
3555
3559
3571
3586
3592
3753
3868
3879
3886
3906
3942
3993
4031
4039
4075
4125
4161
4268
4271
4274
4304
4361
4388
4412
4512
4520
4524
4549
4553
4563
4598
4637
4638
4707
4726
4796
4851
4870
4982
5003
5033
5036
5050
5061
5083
5086
5117
5121
5132
5214
5219
5220
5237
5300
5301
5319
5320
5363
5367
5376
5382
5398
5407
5447
5479
5521
5540
5556
5605
5702
5715
5716
5725
5726
5757
5794
5796
5863
5868
5882
5890
5911
5935
5982
5987
6016
6040
6101
6109
6122
6129
6151
6157
6174
6215
6216
6224
6253
6280
6282
6315
6325
6357
6377
6437
6440
6465
6490
6495
6497
6527
6549
6552
6576
6597
6620
6638
6649
6651
6673
6701
6759
6806
6809
6819
6847
6866
6888
6905
6917
6946
6960
6995
7008
7011
7053
7083
7089
7130
7156
7172
7188
7191
7193
7201
7214
7218
7232
7246
7264
7301
7309
7311
7364
7368
7372
7403
7423
7460
7469
7482
7486
7506
7542
7570
7571
7627
7669
7679
7742
7767
7784
7816
7821
7845
7947
7968
8001
8035
8039
8076
8100
8108
8138
8139
8157
8163
8173
8180
8225
8233
8255
8327
8356
8361
8420
8430
8436
8449
8456
8457
8464
8514
8522
8543
8595
8627
8716
8725
8781
8784
8797
8805
8848
8872
8878
8892
8931
8943
8960
8970
8973
8976
9006
9022
9068
9073
9095
9096
9184
9196
9242
9248
9265
9320
9348
9372
9377
9378
9397
9409
9417
9420
9479
9511
9524
9526
9540
9559
9560
9592
9612
9631
9690
9697
9803
9825
9888
9919
9931
9934
9949
9961
-1
