20
71
73
100
128
140
163
175
194
225
238
244
258
303
349
351
355
371
374
376
388
448
470
476
524
540
596
610
628
634
674
676
707
715
718
720
748
767
810
815
820
868
871
885
889
939
940
956
963
975
982
1028
1044
1059
1069
1092
1169
1184
1192
1197
1208
1249
1312
1353
1373
1384
1444
1470
1573
1635
1659
1679
1681
1685
1704
1708
1746
1751
1766
1818
1892
1906
1929
1931
1953
1963
1979
1986
2007
2029
2038
2050
2084
2101
2107
2124
2151
2176
2180
2181
2199
2230
2245
2263
2269
2270
2293
2297
2328
2340
2430
2437
2442
2444
2467
2475
2496
2561
2587
2604
2610
2618
2623
2661
2664
2666
2668
2692
2701
2734
2757
2775
2785
2787
2828
2829
2845
2850
2851
2870
2873
2904
2911
2931
2944
2971
2981
2992
2996
3035
3055
3097
3123
3126
3138
3177
3201
3222
3296
3356
3414
3447
3471
3510
3538
3539
3561
3585
3591
3595
3619
3632
3657
3671
3672
3679
3705
3743
3751
3765
3781
3795
3814
3845
3863
3905
3915
4024
4052
4061
4104
4112
4131
4136
4138
4150
4173
4273
4289
4291
4292
4298
4345
4352
4358
4366
4458
4518
4545
4559
4623
4632
4675
4690
4739
4741
4747
4774
4785
4805
4830
4849
4858
4865
4945
4962
5044
5098
5103
5136
5164
5181
5189
5206
5207
5222
5294
5311
5327
5342
5353
5359
5367
5368
5422
5426
5483
5486
5496
5588
5611
5614
5621
5678
5710
5750
5799
5831
5901
5950
5972
6027
6087
6095
6101
6160
6161
6173
6314
6373
6439
6489
6490
6494
6495
6514
6545
6560
6565
6566
6590
6603
6633
6657
6684
6706
6747
6829
6875
6935
6991
7054
7081
7088
7103
7175
7194
7208
7241
7245
7249
7291
7317
7340
7399
7420
7477
7562
7564
7598
7642
7693
7697
7722
7752
7781
7810
7836
7857
7858
7892
7922
7991
8009
8027
8035
8067
8070
8084
8093
8102
8103
8122
8139
8170
8177
8201
8241
8270
8290
8304
8343
8345
8399
8414
8419
8430
8459
8476
8481
8500
8503
8624
8692
8702
8720
8758
8841
8852
8862
8870
8892
8905
8929
8969
8972
8983
9030
9038
9070
9114
9122
9161
9178
9211
9240
9293
9338
9350
9376
9389
9403
9439
9454
9491
9575
9583
9623
9637
9643
9644
9646
9733
9758
9765
9798
9919
9942
9962
9995
-1
