4
74
108
127
189
223
248
276
278
328
365
368
412
483
484
523
554
558
567
654
687
707
756
763
795
818
856
889
891
929
964
998
1002
1075
1115
1136
1156
1172
1203
1206
1221
1234
1284
1316
1346
1350
1364
1380
1384
1401
1436
1465
1481
1514
1518
1560
1570
1629
1645
1647
1654
1682
1713
1757
1769
1809
1866
1890
1896
1897
1913
1962
1990
1994
2019
2040
2051
2079
2094
2135
2157
2168
2183
2207
2220
2242
2266
2280
2282
2334
2361
2362
2438
2440
2482
2500
2532
2546
2573
2581
2609
2620
2656
2679
2744
2757
2769
2790
2817
2822
2837
2849
2865
2885
2898
3004
3007
3024
3040
3110
3115
3135
3145
3146
3180
3252
3310
3315
3346
3400
3407
3445
3446
3466
3483
3497
3531
3540
3573
3592
3593
3613
3630
3680
3692
3735
3737
3742
3785
3793
3799
3835
3838
3846
3862
3879
3887
3910
3943
3948
3953
3970
4003
4010
4043
4051
4098
4130
4151
4182
4265
4282
4293
4294
4303
4305
4317
4321
4364
4493
4497
4597
4615
4617
4801
4803
4837
4976
4982
4983
5008
5038
5086
5087
5118
5146
5180
5201
5211
5221
5259
5261
5318
5333
5360
5562
5565
5589
5604
5619
5620
5647
5672
5722
5742
5768
5774
5780
5781
5783
5842
5852
5857
5940
5965
5990
5999
6007
6021
6022
6070
6096
6109
6129
6200
6237
6239
6252
6259
6304
6369
6445
6462
6506
6523
6581
6624
6641
6648
6678
6711
6819
6836
6837
6858
6890
6901
6902
6903
6919
6968
6981
6987
7046
7080
7084
7118
7123
7175
7182
7214
7225
7307
7344
7359
7432
7518
7553
7556
7561
7593
7608
7609
7611
7639
7657
7668
7679
7702
7713
7801
7809
7822
7844
7850
7879
7890
7896
7963
7972
7981
8033
8057
8067
8068
8167
8170
8196
8223
8230
8241
8252
8255
8268
8278
8284
8317
8326
8332
8362
8375
8380
8382
8399
8408
8411
8413
8455
8461
8484
8487
8489
8501
8537
8599
8665
8669
8676
8677
8679
8680
8683
8697
8708
8736
8748
8777
8825
8830
8833
8839
8861
8862
8897
8919
8938
8947
8955
8971
8980
8986
9053
9104
9106
9117
9128
9176
9245
9249
9406
9412
9420
9454
9456
9467
9482
9524
9549
9554
9570
9652
9655
9656
9686
9701
9734
9787
9788
9841
9865
9872
9891
9898
9905
9922
9930
9933
9970
9977
9987
-1
