24
59
74
80
86
87
94
101
111
163
193
231
234
241
243
278
332
345
352
402
405
466
483
502
539
546
570
661
662
681
702
721
727
752
761
772
897
915
984
1014
1017
1032
1056
1111
1138
1167
1189
1197
1220
1264
1278
1281
1330
1333
1394
1396
1400
1460
1462
1503
1554
1589
1599
1613
1614
1632
1644
1740
1765
1840
1854
1905
1920
1924
1934
1937
1959
2005
2064
2076
2080
2084
2100
2103
2155
2185
2190
2200
2264
2290
2292
2311
2383
2418
2419
2481
2494
2516
2549
2550
2638
2673
2710
2722
2801
2847
2878
2887
2889
2891
2904
2906
2909
2936
2978
2997
3001
3005
3026
3033
3098
3136
3145
3151
3185
3190
3203
3227
3253
3336
3361
3398
3416
3446
3458
3460
3497
3595
3621
3645
3655
3715
3717
3724
3756
3758
3798
3839
3840
3847
3909
3916
3924
3952
4033
4058
4097
4105
4137
4185
4250
4313
4319
4321
4325
4333
4392
4399
4427
4434
4440
4477
4575
4589
4591
4595
4604
4611
4662
4684
4694
4761
4825
4835
4892
4968
4989
4992
5037
5040
5048
5095
5156
5253
5258
5283
5303
5306
5332
5334
5355
5357
5385
5440
5450
5467
5474
5487
5488
5500
5540
5552
5556
5644
5672
5685
5689
5690
5702
5710
5718
5748
5798
5836
5871
5879
5888
5963
5969
5976
5977
6021
6056
6060
6099
6153
6162
6187
6269
6286
6293
6303
6314
6344
6349
6352
6364
6368
6406
6521
6538
6552
6581
6604
6654
6676
6704
6712
6715
6766
6767
6784
6912
6938
6944
6971
7012
7023
7028
7043
7052
7079
7109
7113
7134
7145
7165
7193
7195
7217
7236
7241
7242
7249
7272
7291
7296
7337
7401
7415
7417
7424
7432
7455
7466
7486
7493
7499
7504
7533
7572
7600
7610
7676
7762
7779
7787
7789
7816
7918
7923
7927
7929
7947
7966
7978
7991
7992
8002
8051
8064
8070
8095
8100
8147
8163
8176
8194
8198
8206
8219
8228
8256
8313
8340
8350
8374
8382
8401
8403
8515
8535
8555
8611
8636
8641
8654
8658
8698
8763
8789
8843
8852
8912
8914
8932
8945
8947
8958
9039
9043
9055
9061
9175
9177
9192
9256
9274
9312
9355
9398
9448
9469
9484
9496
9502
9524
9543
9561
9577
9612
9660
9698
9714
9739
9741
9760
9761
9766
9818
9829
9834
9896
9904
9916
9926
9940
9974
9978
9999
-1
