7
49
90
155
211
212
244
257
316
359
379
398
411
442
449
461
477
502
504
506
517
539
569
585
614
695
773
777
827
873
948
1000
1003
1044
1047
1117
1139
1140
1171
1210
1241
1298
1328
1365
1391
1392
1510
1524
1564
1596
1608
1633
1716
1727
1738
1749
1771
1791
1797
1819
1936
1948
1970
2030
2045
2066
2103
2123
2125
2211
2230
2322
2355
2423
2436
2454
2523
2539
2550
2584
2613
2637
2706
2731
2762
2788
2909
2953
2960
2973
2974
3011
3015
3075
3085
3099
3203
3209
3212
3238
3239
3261
3272
3277
3291
3298
3345
3350
3368
3374
3381
3403
3420
3434
3492
3518
3532
3581
3614
3641
3651
3662
3674
3692
3700
3707
3719
3827
3892
3900
3905
3983
4007
4030
4035
4048
4074
4116
4118
4141
4187
4239
4245
4281
4286
4299
4323
4327
4340
4342
4351
4395
4403
4415
4446
4464
4493
4516
4598
4635
4637
4648
4669
4698
4707
4719
4720
4725
4794
4832
4910
4944
4953
4972
4984
4997
5033
5102
5118
5133
5161
5176
5205
5206
5216
5292
5295
5316
5322
5326
5343
5348
5422
5439
5442
5451
5467
5531
5556
5557
5587
5597
5623
5651
5684
5688
5697
5707
5718
5785
5853
5885
5929
5941
5979
5999
6006
6027
6036
6045
6056
6090
6160
6190
6195
6221
6269
6305
6317
6355
6362
6441
6446
6496
6504
6555
6563
6580
6589
6602
6606
6668
6687
6689
6690
6694
6696
6732
6746
6752
6774
6846
6862
6865
6867
6890
6900
6978
7025
7039
7055
7084
7087
7161
7189
7202
7266
7280
7314
7319
7383
7454
7472
7474
7491
7498
7540
7558
7559
7561
7579
7583
7585
7614
7624
7631
7645
7647
7663
7679
7703
7711
7736
7772
7784
7844
7912
7919
7979
8042
8159
8172
8209
8227
8239
8283
8285
8299
8316
8334
8358
8379
8384
8387
8390
8393
8427
8442
8474
8495
8507
8537
8543
8549
8556
8652
8661
8664
8674
8684
8687
8702
8736
8771
8915
8916
8928
8954
8974
8975
8978
8979
8980
8989
9016
9026
9037
9067
9075
9080
9116
9150
9153
9165
9203
9232
9239
9242
9285
9294
9301
9325
9347
9349
9352
9359
9363
9368
9374
9421
9500
9519
9535
9596
9618
9633
9654
9661
9673
9685
9714
9740
9771
9774
9784
9792
9807
9824
9830
9838
9844
9846
9852
9853
9879
9893
9906
9928
9937
9987
-1
