10
52
89
129
132
145
162
229
247
295
301
367
412
438
463
504
527
531
545
602
648
658
666
695
700
716
744
754
768
774
808
818
834
843
845
853
856
863
884
918
935
984
991
1006
1063
1071
1092
1123
1177
1184
1265
1289
1446
1487
1501
1503
1515
1557
1570
1573
1617
1669
1683
1697
1769
1792
1813
1845
1907
1951
1992
1997
2017
2022
2030
2034
2048
2052
2073
2086
2109
2151
2168
2186
2248
2298
2353
2355
2389
2414
2480
2497
2510
2527
2529
2532
2550
2553
2566
2596
2671
2679
2693
2708
2709
2727
2858
2859
2897
2899
2903
2907
2909
2918
2986
2993
2996
3023
3029
3031
3033
3037
3041
3065
3068
3086
3116
3135
3170
3192
3211
3221
3222
3241
3274
3338
3344
3357
3368
3384
3455
3459
3540
3590
3591
3607
3673
3676
3692
3724
3744
3758
3759
3793
3831
3850
3859
3871
3876
3914
3916
3917
3955
3964
3988
3999
4019
4037
4047
4078
4099
4110
4128
4144
4176
4195
4206
4229
4262
4292
4295
4323
4354
4356
4395
4404
4440
4467
4477
4539
4557
4559
4590
4608
4609
4611
4620
4638
4654
4668
4673
4697
4706
4717
4757
4824
4887
4894
4934
4954
5044
5054
5063
5064
5078
5148
5151
5155
5173
5177
5223
5234
5238
5298
5323
5350
5386
5388
5404
5406
5480
5501
5599
5622
5652
5661
5668
5679
5726
5809
5819
5830
5871
5879
5882
5885
5893
5903
5941
5948
5953
5979
5984
6000
6041
6074
6077
6085
6116
6166
6198
6213
6233
6328
6339
6346
6378
6385
6412
6418
6423
6434
6441
6445
6446
6533
6541
6571
6581
6594
6597
6616
6634
6672
6689
6696
6704
6707
6746
6754
6793
6823
6830
6834
6853
6854
6891
6892
6923
6925
6929
6936
6950
6968
6974
6988
7014
7032
7038
7073
7074
7155
7160
7163
7166
7172
7182
7193
7275
7293
7363
7434
7439
7477
7479
7538
7572
7635
7667
7741
7799
7860
7865
7910
7945
7950
7963
8006
8010
8047
8048
8099
8117
8127
8150
8169
8244
8253
8295
8342
8370
8416
8432
8457
8462
8486
8492
8503
8517
8520
8550
8626
8655
8674
8675
8816
8833
8858
9023
9059
9148
9164
9173
9177
9181
9309
9317
9345
9365
9412
9420
9486
9524
9538
9557
9586
9636
9704
9742
9766
9771
9811
9835
9869
9885
9890
9908
9955
9961
9970
-1
