19
46
65
75
126
136
148
150
197
233
255
259
260
273
274
320
330
351
442
513
524
561
596
653
685
688
710
742
749
755
770
792
834
846
862
884
961
971
976
995
1000
1037
1064
1073
1078
1105
1130
1145
1226
1244
1250
1262
1267
1278
1282
1336
1350
1376
1429
1476
1483
1504
1597
1602
1621
1695
1721
1747
1762
1824
1875
1878
1883
1893
1910
1927
2068
2070
2104
2119
2122
2144
2158
2173
2175
2176
2225
2231
2272
2319
2331
2332
2335
2370
2399
2420
2455
2463
2485
2517
2523
2627
2652
2741
2749
2835
2837
2849
2885
2938
2957
2980
3002
3040
3077
3099
3141
3148
3157
3201
3237
3256
3272
3278
3291
3343
3356
3412
3444
3455
3469
3477
3484
3498
3508
3532
3623
3632
3754
3797
3822
3892
3894
3960
4027
4053
4057
4058
4076
4077
4080
4097
4109
4116
4143
4208
4211
4234
4238
4240
4285
4349
4356
4375
4411
4448
4473
4504
4510
4518
4531
4532
4561
4572
4593
4693
4698
4718
4795
4811
4820
4828
4833
4835
4847
4864
4877
4899
4920
4927
5031
5065
5072
5079
5145
5157
5161
5201
5214
5234
5260
5274
5294
5305
5310
5318
5345
5356
5442
5527
5531
5533
5542
5545
5553
5603
5630
5633
5654
5655
5667
5790
5798
5802
5813
5888
5934
5945
5964
5972
5986
6016
6035
6064
6065
6073
6104
6113
6118
6131
6150
6163
6171
6214
6216
6308
6324
6328
6329
6392
6395
6403
6407
6441
6444
6458
6491
6502
6506
6519
6526
6533
6538
6607
6646
6651
6752
6773
6839
6846
6848
6878
6890
6947
6971
6975
7015
7085
7088
7127
7159
7214
7224
7231
7238
7267
7278
7300
7331
7341
7363
7366
7410
7413
7484
7490
7548
7553
7566
7575
7584
7607
7622
7651
7725
7745
7750
7756
7773
7791
7851
7956
7990
8020
8052
8055
8073
8090
8097
8141
8181
8190
8214
8225
8269
8271
8313
8345
8351
8357
8379
8380
8393
8395
8444
8449
8462
8494
8508
8521
8552
8559
8602
8612
8678
8712
8725
8749
8756
8772
8773
8783
8798
8814
8828
8871
8873
8895
8909
8951
8999
9004
9042
9052
9060
9082
9105
9111
9146
9238
9250
9312
9336
9337
9339
9361
9362
9400
9476
9485
9502
9538
9554
9562
9606
9628
9634
9642
9658
9676
9690
9706
9715
9750
9761
9842
9853
9896
9958
9999
-1
