4
43
45
91
97
102
107
159
237
247
249
280
302
308
318
322
328
329
330
339
343
382
386
393
404
416
436
437
463
480
549
559
565
568
601
609
621
641
675
676
687
694
703
725
747
788
792
810
824
825
898
915
935
969
1002
1054
1109
1140
1153
1166
1180
1231
1255
1292
1320
1349
1362
1434
1436
1441
1447
1469
1471
1498
1508
1529
1530
1575
1627
1636
1660
1712
1745
1754
1758
1815
1832
1835
1839
1882
1941
1951
1954
1982
1996
1999
2041
2055
2089
2131
2225
2237
2286
2296
2306
2337
2348
2349
2359
2368
2396
2398
2402
2426
2431
2471
2495
2497
2523
2524
2543
2614
2628
2647
2681
2709
2729
2743
2756
2761
2886
2949
2960
3033
3070
3084
3117
3120
3128
3139
3145
3210
3229
3256
3306
3321
3397
3444
3468
3473
3486
3520
3558
3668
3672
3695
3736
3761
3769
3788
3796
3827
3858
3873
3918
3929
3959
3976
4001
4085
4119
4121
4133
4148
4162
4186
4191
4192
4196
4238
4245
4293
4303
4390
4399
4495
4497
4499
4503
4504
4505
4506
4512
4567
4573
4624
4633
4654
4708
4728
4764
4812
4820
4838
4880
4909
4911
4940
4948
4971
4974
5016
5030
5056
5065
5071
5124
5130
5142
5150
5158
5171
5188
5231
5260
5270
5290
5324
5329
5401
5409
5431
5487
5506
5530
5548
5558
5587
5594
5606
5636
5673
5675
5685
5690
5716
5729
5731
5743
5783
5810
5821
5888
5946
5948
5966
5970
5996
6000
6009
6025
6076
6117
6122
6136
6178
6217
6242
6280
6290
6308
6310
6312
6348
6351
6394
6416
6459
6492
6531
6546
6563
6616
6617
6645
6652
6658
6659
6672
6686
6694
6785
6788
6842
6855
6949
6989
7048
7095
7097
7162
7173
7208
7219
7220
7228
7250
7279
7283
7313
7314
7321
7323
7326
7335
7349
7368
7376
7412
7439
7476
7501
7552
7562
7595
7695
7699
7725
7743
7754
7829
7875
7919
7944
7952
7989
8006
8008
8020
8061
8213
8222
8248
8314
8422
8436
8460
8537
8541
8577
8585
8595
8612
8695
8792
8820
8868
8897
8904
8952
8994
9002
9024
9059
9076
9096
9133
9264
9268
9294
9295
9359
9379
9388
9395
9418
9452
9469
9502
9507
9512
9520
9539
9542
9629
9678
9711
9743
9746
9795
9801
9824
9880
9884
9888
9914
9927
9942
9963
9969
-1
