41
75
117
121
129
144
173
194
204
216
220
223
225
242
252
295
296
313
331
336
387
403
427
479
590
657
701
714
718
778
779
828
838
870
881
905
958
988
991
1005
1027
1032
1035
1040
1073
1087
1212
1243
1257
1276
1278
1316
1323
1327
1340
1373
1401
1420
1586
1604
1626
1632
1652
1666
1677
1707
1710
1757
1882
1932
1967
2016
2052
2066
2165
2174
2217
2323
2336
2349
2418
2461
2517
2558
2576
2588
2604
2621
2625
2661
2675
2713
2716
2826
2836
2874
2910
2916
2939
2945
3039
3050
3066
3098
3105
3136
3139
3142
3146
3168
3201
3237
3277
3284
3317
3333
3336
3358
3360
3373
3384
3404
3430
3476
3479
3514
3603
3618
3640
3666
3677
3710
3715
3723
3781
3788
3796
3805
3816
3854
3962
3994
4011
4014
4016
4017
4050
4057
4076
4108
4134
4157
4168
4176
4191
4238
4242
4286
4300
4336
4388
4443
4445
4532
4539
4595
4611
4627
4652
4668
4712
4716
4733
4751
4759
4808
4881
4971
4976
5014
5020
5026
5029
5042
5054
5073
5092
5132
5135
5136
5173
5231
5233
5340
5348
5364
5368
5434
5443
5490
5539
5554
5587
5596
5618
5622
5635
5644
5655
5666
5674
5723
5787
5793
5796
5855
5871
5885
5914
5927
5955
5968
5971
5994
5996
6029
6067
6084
6085
6165
6233
6243
6254
6255
6277
6318
6325
6337
6363
6364
6395
6447
6511
6524
6569
6594
6631
6632
6645
6649
6800
6881
6882
6917
6996
6999
7010
7030
7054
7067
7074
7098
7106
7160
7171
7187
7202
7215
7225
7233
7257
7262
7333
7338
7365
7395
7411
7413
7506
7509
7534
7550
7563
7608
7674
7708
7711
7718
7725
7744
7754
7778
7800
7835
7838
7839
7842
7860
7874
7898
7914
7930
7943
7952
7963
7974
8008
8035
8049
8054
8073
8080
8100
8117
8151
8157
8178
8186
8225
8231
8275
8326
8340
8343
8345
8357
8361
8394
8421
8443
8475
8522
8580
8584
8591
8594
8627
8662
8739
8749
8757
8769
8792
8840
8856
8880
8918
8936
8968
8981
9032
9036
9039
9056
9103
9108
9221
9252
9260
9297
9308
9331
9338
9341
9366
9390
9397
9427
9442
9470
9479
9484
9491
9544
9606
9614
9693
9701
9718
9726
9741
9758
9759
9776
9805
9830
9864
9865
9870
9891
9893
9908
9910
9922
9935
9939
9942
9971
9997
9998
-1
