9
56
89
91
170
190
209
235
250
263
265
308
316
339
422
445
522
540
550
560
582
593
635
655
669
687
703
722
749
782
794
807
810
816
825
915
930
968
975
1012
1087
1101
1104
1112
1115
1122
1127
1135
1168
1172
1207
1213
1220
1248
1253
1257
1261
1291
1340
1386
1404
1415
1433
1450
1468
1475
1514
1515
1521
1524
1527
1563
1565
1683
1687
1727
1791
1812
1824
1836
1912
1914
1930
1969
1978
2016
2024
2025
2026
2069
2092
2129
2131
2161
2168
2210
2213
2310
2315
2316
2317
2360
2367
2455
2469
2471
2483
2521
2523
2558
2564
2636
2643
2647
2654
2709
2761
2782
2791
2855
2879
2902
2930
2966
2969
2988
3013
3014
3030
3041
3060
3082
3116
3122
3124
3132
3142
3148
3154
3171
3191
3199
3225
3231
3235
3239
3297
3394
3442
3473
3492
3543
3569
3608
3621
3641
3649
3720
3753
3763
3770
3788
3796
3801
3816
3841
3851
3860
3868
3941
3952
3964
3967
3978
4017
4032
4052
4085
4170
4178
4194
4249
4251
4255
4282
4287
4292
4294
4358
4371
4388
4429
4431
4436
4441
4505
4522
4541
4542
4571
4583
4586
4721
4726
4776
4788
4792
4805
4850
4864
4910
4939
4948
4969
4975
4977
4986
4994
5006
5007
5022
5099
5118
5181
5182
5186
5218
5300
5305
5307
5312
5320
5332
5363
5390
5394
5434
5440
5506
5568
5667
5680
5764
5802
5807
5837
5893
5896
5901
5915
5919
5940
5986
6028
6127
6156
6202
6235
6292
6313
6333
6345
6353
6373
6376
6403
6412
6443
6471
6527
6530
6539
6558
6561
6566
6596
6615
6642
6714
6768
6836
6856
6866
6908
6930
6959
7008
7063
7122
7133
7146
7161
7176
7190
7243
7272
7313
7342
7348
7358
7380
7392
7400
7442
7455
7489
7497
7501
7549
7578
7588
7675
7698
7751
7790
7877
7911
7913
7937
7956
7977
7980
7983
8014
8016
8050
8070
8073
8101
8105
8119
8165
8188
8202
8204
8216
8225
8242
8250
8289
8360
8427
8458
8480
8486
8627
8640
8701
8704
8705
8749
8777
8780
8804
8824
8851
8857
8959
8977
8987
9056
9066
9156
9192
9256
9270
9275
9287
9308
9322
9348
9363
9368
9373
9391
9392
9396
9449
9462
9463
9486
9542
9545
9580
9594
9604
9618
9633
9653
9697
9750
9767
9771
9809
9845
9868
9894
9907
9934
9987
-1
