1
55
95
110
116
166
186
227
253
321
341
353
379
380
388
425
428
475
476
508
544
546
622
660
700
786
805
829
838
854
864
876
890
925
933
947
966
974
991
1020
1044
1070
1090
1158
1170
1208
1217
1220
1226
1230
1299
1328
1336
1341
1391
1396
1397
1400
1413
1414
1442
1453
1454
1478
1493
1557
1594
1601
1644
1705
1718
1739
1762
1847
1875
1906
1987
1993
2055
2056
2060
2095
2129
2143
2150
2156
2161
2183
2306
2322
2327
2365
2389
2402
2411
2417
2459
2464
2499
2527
2531
2552
2557
2569
2623
2694
2699
2723
2787
2789
2816
2849
2868
2884
2909
2916
2938
2986
3010
3049
3072
3075
3082
3116
3127
3130
3135
3177
3194
3213
3218
3299
3300
3309
3312
3323
3325
3373
3396
3449
3467
3515
3540
3569
3595
3625
3632
3639
3669
3671
3694
3778
3822
3851
3882
3913
3934
3969
3989
3993
4087
4130
4187
4197
4206
4209
4242
4256
4271
4288
4305
4319
4323
4348
4405
4416
4417
4460
4461
4470
4502
4598
4619
4623
4638
4668
4719
4737
4835
4856
4879
4883
4917
4920
4923
4956
4962
4963
4969
4992
5020
5033
5042
5059
5084
5098
5113
5133
5150
5168
5177
5194
5257
5319
5380
5405
5455
5459
5461
5468
5499
5526
5532
5586
5605
5608
5630
5679
5685
5696
5736
5738
5744
5753
5755
5809
5816
5818
5820
5899
5954
5957
5992
6027
6050
6052
6062
6095
6128
6142
6153
6188
6250
6268
6288
6305
6322
6341
6381
6405
6417
6455
6542
6574
6631
6646
6656
6704
6781
6790
6811
6822
6857
6895
6975
6983
7035
7106
7110
7121
7127
7135
7147
7175
7205
7234
7250
7283
7350
7404
7425
7442
7447
7500
7518
7528
7532
7543
7546
7596
7625
7634
7641
7675
7687
7718
7742
7744
7784
7823
7829
7862
7922
7923
7930
7982
7994
8016
8028
8079
8118
8164
8199
8227
8253
8334
8350
8372
8409
8449
8450
8485
8507
8583
8593
8601
8615
8668
8699
8716
8721
8768
8782
8803
8811
8829
8843
8849
8853
8877
8913
8939
8953
9021
9025
9033
9039
9041
9057
9105
9135
9138
9140
9167
9173
9194
9247
9258
9276
9309
9310
9322
9349
9425
9426
9437
9477
9496
9521
9544
9561
9573
9580
9606
9636
9667
9681
9689
9749
9753
9760
9782
9794
9797
9814
9815
9870
9883
9906
9933
-1
