74
96
106
147
168
181
234
238
247
293
367
369
433
438
453
482
606
611
618
625
664
666
691
712
719
763
782
791
795
803
808
838
863
869
891
915
921
968
998
1013
1047
1086
1091
1126
1150
1157
1164
1192
1201
1272
1283
1328
1365
1465
1468
1508
1522
1549
1562
1609
1613
1618
1649
1672
1819
1830
1882
1927
1987
1997
2029
2048
2054
2070
2073
2087
2119
2147
2149
2159
2167
2227
2237
2246
2264
2284
2320
2345
2396
2405
2413
2445
2461
2477
2548
2549
2568
2583
2605
2658
2659
2671
2684
2688
2691
2730
2732
2800
2801
2820
2830
2856
2883
2928
2930
2936
3020
3053
3064
3087
3123
3136
3137
3218
3253
3290
3304
3316
3367
3422
3432
3439
3453
3514
3531
3547
3566
3673
3701
3721
3751
3757
3776
3816
3835
3871
3928
4000
4035
4048
4085
4088
4123
4147
4149
4186
4213
4238
4259
4278
4305
4316
4374
4378
4382
4390
4400
4467
4489
4491
4500
4514
4578
4617
4625
4644
4679
4681
4708
4762
4775
4792
4809
4810
4840
4922
4924
4933
4942
4965
4986
5022
5031
5044
5046
5059
5065
5080
5110
5174
5179
5184
5269
5288
5300
5304
5313
5339
5340
5354
5361
5402
5428
5431
5503
5515
5548
5617
5641
5644
5666
5678
5698
5704
5752
5771
5785
5835
5836
5841
5867
5874
5893
5920
5969
5995
6004
6018
6050
6092
6107
6109
6118
6221
6237
6270
6282
6311
6334
6343
6352
6367
6370
6373
6376
6404
6471
6483
6490
6530
6538
6547
6575
6791
6827
6855
6879
6913
6927
6930
6989
7005
7060
7069
7076
7081
7087
7111
7134
7162
7178
7182
7190
7195
7228
7232
7241
7337
7346
7385
7390
7400
7491
7495
7531
7691
7709
7714
7741
7742
7756
7806
7822
7849
7877
7884
7889
7924
7943
7985
8001
8015
8024
8127
8142
8155
8157
8200
8228
8248
8253
8266
8355
8401
8402
8446
8469
8493
8496
8529
8532
8544
8562
8595
8597
8606
8616
8621
8646
8662
8664
8720
8721
8748
8760
8831
8847
8856
8878
8901
8907
8911
8926
8941
8980
8988
9001
9002
9004
9043
9067
9087
9091
9185
9201
9212
9220
9296
9315
9318
9347
9354
9365
9393
9414
9441
9463
9507
9549
9552
9556
9561
9568
9581
9591
9626
9631
9633
9641
9667
9683
9686
9705
9768
9772
9799
9841
9861
9950
9966
-1
