22
26
31
38
92
102
103
116
129
134
135
164
226
235
257
279
331
332
352
358
394
401
430
471
472
475
520
537
565
584
597
610
652
657
676
752
778
810
822
838
847
857
903
908
913
914
951
1016
1066
1073
1088
1101
1108
1122
1150
1159
1227
1249
1327
1355
1368
1369
1373
1383
1439
1454
1523
1531
1535
1568
1585
1592
1686
1691
1701
1707
1720
1721
1730
1740
1773
1811
1826
1832
1839
1846
1885
1896
1897
1932
1975
2022
2081
2111
2178
2182
2190
2196
2202
2215
2251
2267
2288
2292
2311
2368
2406
2407
2433
2462
2480
2510
2597
2599
2601
2639
2671
2769
2858
2877
2896
2901
2926
2980
3030
3054
3077
3079
3130
3131
3167
3188
3196
3200
3218
3296
3320
3374
3378
3386
3390
3418
3421
3427
3429
3442
3453
3474
3509
3547
3553
3576
3594
3625
3659
3705
3706
3707
3789
3801
3814
3844
3874
3928
3930
3955
3964
3979
4037
4039
4068
4091
4111
4113
4158
4175
4209
4215
4239
4241
4266
4318
4368
4376
4393
4451
4492
4523
4533
4536
4548
4552
4579
4595
4632
4663
4682
4774
4797
4813
4827
4832
4864
4943
5007
5029
5095
5124
5157
5161
5191
5192
5199
5245
5339
5340
5396
5400
5404
5445
5448
5472
5482
5501
5547
5628
5692
5756
5763
5770
5858
5896
6035
6045
6093
6109
6128
6166
6202
6262
6275
6281
6294
6309
6312
6367
6374
6420
6440
6551
6559
6576
6577
6620
6629
6646
6650
6652
6677
6753
6781
6802
6808
6817
6822
6824
6841
6853
6858
6886
6903
6932
6952
7012
7025
7075
7113
7127
7154
7175
7196
7233
7234
7278
7318
7343
7364
7400
7416
7424
7438
7447
7478
7484
7513
7550
7570
7613
7629
7655
7672
7685
7700
7741
7747
7802
7833
7856
7864
7885
7886
7911
7912
7924
7927
7937
7953
7998
8010
8031
8040
8061
8096
8104
8124
8127
8179
8229
8269
8275
8320
8322
8384
8404
8412
8424
8474
8488
8569
8578
8600
8602
8610
8709
8763
8871
8940
8965
8966
8977
8983
9000
9031
9037
9097
9113
9129
9146
9148
9153
9157
9162
9253
9258
9272
9296
9310
9315
9316
9318
9324
9343
9360
9379
9403
9408
9436
9452
9497
9524
9531
9539
9546
9604
9654
9715
9729
9758
9769
9777
9797
9818
9823
9861
9901
9920
9923
9932
9961
9972
-1
