22
112
153
165
191
229
246
263
269
282
288
340
345
362
366
439
477
503
544
570
594
598
603
616
676
707
713
731
732
741
749
753
776
831
863
864
871
937
941
1009
1015
1042
1065
1066
1099
1113
1130
1145
1156
1173
1177
1197
1244
1250
1270
1282
1321
1375
1376
1384
1391
1397
1407
1415
1421
1432
1438
1460
1485
1497
1514
1547
1623
1665
1695
1707
1711
1722
1738
1749
1770
1812
1816
1870
1897
1917
1933
1935
1952
1975
2012
2052
2125
2135
2180
2223
2260
2342
2405
2408
2444
2464
2491
2503
2509
2528
2579
2599
2615
2616
2639
2734
2739
2753
2797
2800
2834
2840
2841
2883
2893
2942
2948
2990
3025
3044
3070
3074
3091
3116
3266
3282
3295
3306
3347
3353
3362
3394
3424
3435
3576
3579
3584
3599
3612
3660
3719
3810
3829
3837
3901
3941
3975
4023
4028
4057
4107
4150
4161
4174
4194
4199
4246
4276
4316
4319
4341
4361
4368
4456
4460
4485
4489
4516
4518
4536
4582
4601
4612
4621
4764
4789
4811
4831
4833
4899
4900
4903
4934
4972
5001
5004
5006
5027
5036
5065
5090
5158
5192
5198
5307
5315
5319
5349
5376
5397
5417
5442
5468
5477
5533
5534
5574
5596
5663
5709
5774
5815
5826
5827
5853
5907
5912
5946
5980
6011
6033
6047
6055
6074
6119
6138
6189
6227
6268
6313
6318
6375
6388
6410
6434
6453
6472
6486
6490
6493
6496
6511
6524
6537
6546
6571
6598
6611
6618
6637
6644
6666
6758
6762
6779
6826
6864
6878
6882
6886
6900
7011
7019
7046
7082
7107
7123
7136
7155
7170
7174
7177
7205
7218
7221
7228
7337
7344
7353
7375
7382
7412
7413
7422
7432
7474
7483
7489
7542
7544
7566
7601
7620
7623
7635
7672
7677
7695
7729
7754
7801
7816
7852
7902
7947
7958
7969
7983
7984
8012
8021
8042
8060
8097
8120
8123
8127
8131
8135
8142
8183
8193
8214
8228
8239
8255
8267
8291
8293
8310
8338
8345
8446
8479
8489
8551
8571
8612
8624
8641
8668
8698
8706
8709
8711
8718
8733
8755
8774
8809
8833
8874
8880
8906
8957
9011
9018
9044
9072
9080
9142
9170
9191
9215
9223
9246
9268
9286
9291
9337
9446
9479
9514
9519
9558
9643
9661
9666
9683
9702
9730
9741
9755
9756
9797
9817
9823
9824
9888
9895
9918
9931
9947
9979
-1
