33
44
70
85
120
158
192
193
195
201
217
251
294
313
316
318
323
413
448
484
488
516
538
551
585
621
646
666
682
683
696
728
747
768
772
924
950
972
996
1074
1090
1099
1125
1157
1166
1181
1194
1201
1206
1234
1247
1303
1367
1369
1375
1378
1380
1426
1464
1566
1591
1679
1682
1711
1717
1721
1767
1812
1817
1828
1846
1847
1875
1886
1891
1894
1944
1953
1966
1987
2018
2022
2076
2097
2104
2167
2168
2169
2180
2207
2244
2253
2255
2269
2274
2306
2320
2322
2360
2379
2399
2448
2456
2466
2503
2523
2562
2572
2587
2594
2608
2619
2650
2656
2676
2678
2699
2705
2711
2790
2793
2795
2830
2831
2849
2860
2863
2879
2887
2898
2902
2930
3051
3055
3066
3073
3092
3099
3114
3121
3141
3204
3234
3251
3285
3306
3345
3380
3384
3386
3441
3448
3473
3482
3538
3559
3586
3610
3669
3748
3782
3790
3811
3815
3819
3857
3863
3890
3914
3990
4011
4024
4027
4046
4087
4114
4134
4139
4220
4224
4245
4259
4278
4291
4325
4332
4367
4403
4419
4429
4431
4471
4551
4566
4618
4673
4694
4709
4724
4729
4743
4755
4757
4762
4788
4812
4873
4973
4982
4996
5040
5070
5127
5194
5315
5327
5353
5366
5414
5432
5436
5451
5468
5483
5504
5555
5568
5571
5580
5583
5637
5648
5658
5678
5695
5697
5698
5715
5767
5861
5863
5875
5892
5914
5931
5979
5982
6038
6043
6049
6053
6090
6095
6105
6107
6108
6115
6138
6174
6186
6229
6239
6244
6264
6296
6333
6341
6357
6363
6406
6443
6469
6471
6508
6554
6561
6575
6616
6626
6637
6674
6679
6692
6738
6746
6766
6782
6820
6878
6900
6902
6904
6928
6939
6941
6957
6961
7020
7031
7067
7098
7109
7250
7284
7298
7333
7338
7364
7380
7381
7416
7427
7435
7453
7462
7478
7491
7538
7638
7665
7687
7693
7701
7715
7737
7738
7794
7805
7827
7840
7862
7889
7907
7968
7979
8004
8020
8046
8074
8125
8200
8255
8332
8423
8447
8589
8620
8664
8677
8696
8697
8727
8760
8769
8795
8800
8809
8815
8857
8864
8866
8915
9024
9028
9031
9124
9127
9134
9135
9142
9205
9218
9299
9315
9321
9367
9395
9407
9431
9443
9445
9479
9481
9517
9524
9552
9553
9611
9654
9678
9691
9699
9745
9746
9759
9760
9774
9786
9811
9925
-1
