75
106
131
133
138
172
176
191
192
207
217
234
250
270
276
285
294
304
368
387
429
432
465
503
538
554
580
610
623
638
639
640
660
681
721
728
747
766
792
845
865
933
946
1050
1055
1093
1097
1107
1266
1279
1295
1317
1390
1392
1404
1422
1439
1462
1468
1512
1547
1618
1661
1682
1695
1710
1729
1780
1804
1809
1819
1866
1980
1988
2059
2140
2203
2217
2242
2328
2348
2418
2483
2555
2636
2685
2695
2738
2749
2753
2755
2801
2816
2855
2938
2981
3000
3018
3040
3091
3094
3158
3166
3178
3199
3209
3241
3297
3305
3315
3322
3336
3342
3399
3400
3403
3409
3429
3464
3471
3495
3497
3529
3559
3577
3578
3607
3609
3612
3615
3626
3719
3720
3736
3744
3768
3862
3905
3909
3942
3949
3977
3979
3983
4000
4008
4026
4037
4073
4079
4104
4131
4135
4151
4198
4202
4240
4248
4254
4281
4307
4329
4336
4399
4415
4477
4526
4528
4542
4554
4611
4614
4653
4671
4695
4700
4710
4725
4732
4734
4779
4831
4864
4881
4883
4884
4938
5020
5084
5109
5130
5142
5146
5160
5168
5169
5232
5255
5262
5272
5280
5285
5356
5386
5387
5404
5411
5413
5443
5450
5481
5493
5510
5548
5641
5655
5657
5673
5736
5768
5776
5850
5887
5926
5941
5970
5972
5997
6014
6016
6027
6039
6048
6104
6120
6135
6139
6180
6226
6239
6309
6332
6394
6411
6412
6417
6491
6498
6506
6524
6529
6531
6584
6622
6642
6664
6670
6705
6715
6731
6747
6784
6788
6805
6835
6844
6850
6916
6917
6956
6957
6999
7001
7017
7021
7088
7130
7143
7158
7167
7183
7188
7207
7253
7286
7298
7372
7395
7424
7488
7529
7542
7552
7594
7615
7664
7719
7733
7793
7827
7837
7929
7937
7951
7952
7960
7962
8015
8026
8035
8059
8067
8079
8087
8092
8191
8207
8232
8286
8321
8356
8369
8397
8399
8420
8424
8428
8448
8450
8531
8544
8562
8565
8593
8599
8612
8627
8652
8672
8690
8753
8795
8804
8826
8837
8854
8857
8882
8887
8892
8901
8908
8921
8965
8997
9005
9039
9080
9099
9123
9129
9147
9179
9182
9197
9198
9199
9270
9274
9292
9293
9308
9322
9327
9368
9402
9413
9414
9472
9486
9529
9535
9568
9570
9591
9616
9630
9667
9689
9738
9741
9782
9830
9836
9858
9873
9891
9907
9975
9978
-1