49
136
152
258
271
305
333
367
379
400
406
416
417
424
457
462
537
541
544
549
557
579
600
652
714
716
722
737
838
968
977
984
995
1005
1015
1031
1048
1063
1067
1080
1093
1119
1150
1152
1162
1183
1188
1210
1228
1271
1302
1311
1321
1385
1391
1394
1400
1425
1453
1455
1483
1520
1534
1560
1596
1600
1607
1728
1738
1745
1781
1796
1808
1845
1861
1876
1936
1949
2008
2014
2019
2051
2084
2109
2116
2191
2213
2215
2244
2253
2271
2279
2297
2304
2331
2371
2434
2447
2459
2468
2596
2631
2671
2710
2795
2888
2900
2959
2986
3010
3018
3035
3068
3084
3098
3175
3182
3225
3255
3269
3286
3350
3364
3435
3475
3493
3497
3519
3529
3539
3572
3581
3584
3587
3645
3653
3686
3689
3725
3742
3754
3830
3850
3887
3940
3972
4002
4037
4046
4055
4110
4190
4192
4199
4216
4244
4319
4368
4461
4468
4492
4503
4516
4538
4549
4608
4654
4739
4745
4792
4812
4827
4834
4841
4849
4857
4858
4865
4867
4875
4903
4919
4927
4985
5024
5063
5104
5110
5116
5122
5131
5153
5159
5185
5210
5214
5230
5289
5299
5322
5330
5334
5337
5341
5372
5396
5406
5412
5423
5425
5439
5480
5541
5658
5661
5684
5696
5698
5704
5751
5790
5824
5839
5848
5869
5913
5965
5979
5983
6001
6023
6027
6040
6110
6113
6119
6140
6173
6217
6260
6273
6274
6332
6335
6343
6365
6394
6401
6421
6450
6456
6472
6524
6599
6658
6697
6726
6747
6809
6815
6817
6875
6901
6903
6923
6937
6966
6988
6997
6999
7030
7052
7060
7078
7109
7110
7133
7181
7190
7194
7200
7264
7271
7277
7286
7297
7299
7322
7416
7429
7469
7484
7502
7508
7518
7554
7588
7591
7611
7612
7633
7658
7697
7703
7738
7765
7811
7837
7877
7894
7913
7919
7939
7960
7988
8003
8045
8066
8096
8156
8162
8208
8214
8293
8323
8333
8358
8360
8385
8388
8435
8482
8504
8532
8568
8591
8595
8615
8618
8630
8656
8686
8712
8782
8791
8831
8904
8911
8954
8962
9032
9060
9083
9105
9144
9145
9147
9149
9193
9195
9196
9200
9207
9220
9227
9271
9306
9308
9312
9332
9341
9351
9352
9393
9463
9473
9495
9505
9570
9586
9621
9622
9668
9671
9680
9709
9734
9736
9741
9799
9838
9856
9859
9860
9897
9899
9901
9936
9954
9988
-1
