6
32
62
69
75
102
113
137
138
209
289
343
408
411
477
498
518
531
580
639
719
764
953
963
990
1013
1057
1089
1100
1111
1112
1117
1150
1192
1239
1257
1346
1347
1355
1390
1394
1433
1439
1484
1525
1546
1632
1668
1682
1742
1774
1830
1834
1837
1858
1890
1905
1942
1943
1970
1998
2015
2033
2062
2091
2101
2129
2140
2193
2247
2250
2293
2294
2309
2373
2397
2414
2418
2457
2536
2545
2550
2555
2575
2613
2683
2721
2741
2760
2787
2865
2874
2917
2919
2945
2969
2989
3005
3029
3036
3038
3077
3082
3113
3154
3189
3210
3211
3232
3249
3260
3272
3328
3331
3335
3402
3437
3461
3472
3496
3501
3503
3506
3545
3570
3577
3584
3591
3607
3635
3638
3654
3660
3672
3688
3711
3721
3776
3791
3793
3829
3844
3900
3978
4012
4024
4034
4041
4100
4107
4114
4165
4176
4194
4228
4232
4242
4294
4355
4359
4379
4380
4408
4430
4431
4467
4543
4563
4575
4581
4613
4709
4712
4744
4786
4824
4843
4883
4888
4900
4909
4912
4948
4952
4997
5019
5027
5031
5064
5065
5099
5127
5139
5147
5154
5182
5188
5189
5219
5248
5252
5277
5322
5358
5376
5390
5419
5421
5470
5480
5515
5545
5561
5594
5711
5725
5740
5754
5757
5763
5796
5815
5860
5885
5916
5940
5961
5965
5984
6022
6031
6035
6088
6100
6108
6141
6194
6211
6233
6253
6260
6317
6363
6371
6396
6397
6419
6437
6456
6519
6520
6529
6581
6592
6633
6634
6652
6687
6728
6734
6745
6756
6757
6795
6877
6902
6914
6919
6947
6955
6964
6971
7077
7080
7082
7095
7118
7142
7173
7175
7223
7270
7282
7290
7312
7325
7440
7452
7454
7467
7473
7511
7547
7583
7629
7631
7675
7682
7757
7761
7783
7794
7881
7890
7915
8000
8003
8031
8112
8129
8181
8199
8201
8212
8234
8236
8251
8257
8276
8304
8305
8359
8411
8421
8432
8456
8471
8482
8494
8509
8515
8526
8545
8584
8590
8640
8651
8663
8674
8682
8689
8717
8720
8756
8765
8787
8788
8800
8850
8859
8863
8943
8958
8969
8982
9002
9026
9038
9092
9096
9149
9151
9153
9179
9182
9187
9228
9230
9250
9263
9267
9278
9287
9323
9324
9328
9341
9359
9403
9457
9481
9482
9489
9501
9521
9605
9620
9628
9643
9667
9673
9705
9786
9794
9814
9827
9831
9845
9882
9901
-1
