9
34
37
61
70
100
128
146
172
178
192
206
250
251
304
352
413
417
457
462
465
471
474
543
572
634
636
691
706
731
775
798
817
863
905
944
998
1001
1087
1089
1108
1109
1114
1130
1149
1152
1168
1174
1213
1290
1300
1306
1313
1338
1368
1400
1416
1457
1473
1483
1517
1555
1576
1605
1634
1648
1665
1679
1726
1729
1751
1760
1767
1850
1969
1978
2000
2025
2026
2036
2038
2048
2070
2097
2109
2139
2163
2185
2214
2238
2247
2279
2290
2335
2383
2392
2415
2428
2430
2483
2488
2490
2498
2506
2517
2584
2613
2649
2661
2680
2706
2745
2756
2761
2793
2801
2819
2821
2825
2838
2850
2853
2858
2928
2966
3082
3088
3101
3117
3123
3132
3152
3219
3228
3236
3265
3286
3289
3343
3421
3427
3436
3577
3582
3626
3628
3655
3684
3739
3757
3774
3776
3789
3792
3795
3822
3832
3878
3892
3911
3919
3936
3949
3963
3982
4015
4017
4052
4072
4093
4101
4266
4281
4305
4307
4311
4359
4408
4448
4462
4510
4541
4547
4550
4553
4573
4592
4595
4620
4630
4641
4658
4694
4721
4764
4799
4851
4854
4914
4967
5068
5110
5118
5147
5168
5173
5230
5233
5235
5240
5273
5293
5331
5371
5379
5475
5484
5487
5498
5510
5511
5521
5536
5540
5545
5555
5557
5579
5595
5615
5624
5664
5679
5746
5766
5800
5845
5861
5863
5877
5900
5925
5962
5965
5980
6048
6052
6068
6078
6095
6100
6123
6124
6125
6151
6185
6289
6305
6331
6365
6367
6369
6387
6414
6417
6457
6463
6525
6558
6609
6619
6648
6649
6653
6682
6738
6755
6763
6774
6790
6889
6912
6947
7005
7039
7065
7074
7098
7117
7130
7147
7162
7174
7237
7249
7304
7312
7337
7343
7347
7411
7458
7533
7585
7618
7624
7659
7663
7715
7755
7784
7866
7875
7878
7883
7972
7988
8029
8051
8071
8075
8140
8163
8176
8214
8260
8264
8268
8354
8392
8408
8448
8465
8485
8486
8488
8513
8575
8581
8611
8619
8644
8674
8726
8730
8742
8832
8857
8862
8870
8896
8899
8907
8920
8986
9035
9042
9075
9133
9148
9154
9179
9198
9205
9223
9224
9226
9233
9260
9261
9297
9319
9330
9333
9352
9375
9389
9425
9433
9442
9445
9447
9468
9581
9602
9713
9714
9716
9729
9790
9845
9854
9878
9909
9915
9922
9942
9971
9989
9993
-1
