17
47
53
74
96
103
116
126
177
183
211
233
254
279
315
320
325
327
349
353
435
484
587
631
639
693
700
705
710
760
766
791
819
859
874
901
917
922
954
970
1016
1036
1149
1198
1232
1236
1240
1261
1268
1279
1306
1379
1388
1547
1562
1570
1578
1604
1659
1665
1680
1690
1692
1696
1735
1776
1782
1801
1865
1916
1929
1934
1935
1970
1975
1990
1993
2000
2027
2063
2128
2140
2152
2183
2194
2210
2217
2233
2244
2263
2267
2278
2291
2355
2377
2421
2461
2530
2544
2561
2564
2566
2579
2588
2591
2592
2620
2684
2687
2729
2753
2757
2776
2780
2792
2797
2815
2816
2823
2884
2907
2932
2935
2937
2948
2968
2997
3039
3044
3088
3107
3181
3218
3260
3294
3313
3340
3355
3367
3392
3423
3430
3456
3477
3534
3587
3594
3619
3721
3774
3781
3839
4008
4026
4108
4121
4124
4140
4179
4229
4234
4255
4284
4304
4314
4333
4346
4365
4368
4438
4441
4492
4494
4518
4524
4532
4547
4553
4595
4653
4672
4692
4702
4797
4805
4809
4810
4847
4865
4878
4880
4889
4928
4951
4954
4956
4968
4984
5015
5036
5127
5140
5147
5148
5169
5206
5240
5257
5269
5301
5318
5332
5356
5367
5375
5397
5472
5475
5495
5502
5553
5567
5576
5582
5604
5632
5706
5735
5758
5762
5790
5795
5853
5942
5973
5982
5996
6022
6065
6128
6130
6133
6135
6233
6286
6290
6313
6343
6353
6369
6380
6398
6472
6499
6554
6589
6595
6613
6621
6697
6711
6731
6733
6759
6769
6781
6803
6869
6888
6906
6916
6954
6978
6986
6990
7001
7022
7036
7042
7043
7044
7092
7111
7169
7181
7191
7195
7208
7227
7244
7261
7292
7295
7313
7329
7348
7349
7428
7471
7472
7476
7518
7520
7526
7528
7547
7590
7603
7616
7636
7637
7642
7643
7711
7719
7744
7745
7759
7761
7763
7771
7775
7847
7875
7890
7898
7930
8009
8014
8037
8045
8063
8127
8129
8145
8148
8154
8162
8247
8317
8342
8363
8390
8423
8427
8465
8497
8521
8525
8580
8586
8638
8649
8668
8694
8829
8848
8885
8896
8917
8931
8982
9016
9065
9073
9111
9114
9118
9121
9126
9142
9148
9153
9173
9221
9248
9337
9349
9385
9394
9396
9421
9429
9443
9498
9509
9518
9534
9606
9629
9658
9668
9724
9764
9840
9846
9847
9889
9907
9974
-1
