9
62
68
135
276
279
299
302
345
359
414
421
430
438
468
469
475
505
548
552
559
613
626
647
656
684
699
707
729
745
812
848
916
923
940
961
993
1035
1080
1129
1153
1189
1191
1201
1236
1257
1263
1315
1328
1332
1349
1350
1363
1385
1440
1460
1464
1502
1515
1522
1527
1560
1589
1620
1677
1679
1688
1725
1764
1897
1899
1903
1937
1971
2021
2036
2071
2080
2092
2111
2114
2116
2137
2160
2173
2203
2246
2362
2396
2442
2455
2458
2489
2517
2590
2608
2753
2799
2816
2942
2945
2975
3109
3181
3183
3231
3255
3262
3266
3280
3297
3348
3371
3373
3386
3387
3403
3412
3427
3568
3586
3631
3633
3663
3695
3698
3781
3804
3839
3840
3844
3861
3880
3911
3935
3945
3978
4021
4039
4047
4065
4067
4088
4113
4132
4313
4340
4377
4390
4393
4414
4445
4455
4465
4505
4509
4523
4537
4601
4638
4691
4695
4729
4763
4764
4779
4782
4797
4799
4824
4828
4854
4862
4880
4912
4921
4922
4931
4992
4993
5051
5057
5062
5081
5092
5104
5125
5143
5179
5182
5187
5313
5325
5337
5363
5376
5427
5428
5434
5435
5440
5455
5504
5522
5527
5530
5590
5621
5638
5696
5772
5810
5831
5875
5877
5898
5901
5919
5944
5952
5956
5961
5966
5989
6003
6060
6124
6151
6160
6210
6215
6232
6240
6245
6252
6257
6261
6274
6300
6315
6332
6343
6376
6422
6429
6449
6462
6469
6478
6482
6515
6526
6534
6536
6543
6545
6573
6591
6681
6685
6702
6709
6820
6862
6872
6878
6913
6918
6927
6928
6943
6961
6980
6992
6996
7000
7014
7025
7046
7069
7091
7145
7189
7209
7226
7240
7269
7285
7290
7299
7326
7344
7379
7412
7432
7456
7460
7462
7477
7494
7500
7501
7524
7535
7588
7649
7688
7691
7692
7704
7746
7775
7781
7845
7888
7889
7907
7926
7970
7983
8022
8026
8035
8050
8116
8125
8165
8167
8181
8224
8237
8245
8249
8268
8294
8299
8325
8339
8341
8342
8349
8372
8389
8416
8450
8550
8565
8579
8586
8612
8650
8652
8707
8785
8842
8846
8895
8904
8905
8910
8912
8922
8927
8931
8983
8985
9007
9021
9022
9117
9151
9168
9197
9226
9241
9257
9264
9394
9415
9423
9455
9528
9554
9559
9570
9596
9597
9647
9655
9659
9677
9703
9730
9785
9800
9841
9897
9899
9934
9942
-1
