77
145
154
191
209
277
291
310
315
320
333
346
361
404
488
501
524
559
562
587
594
625
687
705
717
734
751
756
820
823
871
875
890
919
956
1036
1074
1090
1110
1141
1148
1159
1174
1180
1214
1221
1267
1271
1289
1305
1367
1399
1405
1431
1463
1468
1475
1532
1583
1664
1667
1683
1687
1689
1740
1865
1869
1883
1885
1890
1895
1926
1989
2008
2041
2080
2095
2097
2112
2118
2128
2189
2208
2246
2307
2310
2341
2354
2357
2358
2364
2380
2447
2476
2498
2543
2552
2600
2626
2645
2664
2731
2735
2750
2759
2790
2801
2803
2827
2848
2892
2896
2898
2901
2943
3017
3026
3094
3168
3172
3176
3220
3236
3254
3260
3283
3342
3369
3456
3459
3491
3505
3530
3545
3554
3597
3613
3641
3656
3662
3745
3754
3775
3783
3784
3803
3807
3810
3854
3858
3863
3865
3960
3965
3968
3979
4042
4077
4089
4109
4133
4159
4181
4187
4188
4195
4232
4239
4263
4284
4285
4296
4300
4303
4341
4359
4377
4390
4395
4409
4421
4450
4452
4466
4495
4510
4546
4570
4575
4580
4620
4658
4759
4764
4778
4827
4829
4843
4861
4876
4920
4931
4954
4998
5016
5048
5066
5072
5093
5097
5156
5250
5260
5284
5324
5389
5403
5406
5417
5418
5469
5474
5510
5555
5572
5595
5597
5657
5666
5668
5674
5705
5712
5731
5743
5757
5768
5773
5794
5821
5845
5854
5862
5903
5932
5945
5950
5965
5995
6016
6034
6040
6056
6061
6100
6139
6140
6184
6186
6217
6253
6307
6321
6365
6371
6373
6386
6397
6437
6491
6511
6512
6517
6547
6560
6645
6651
6683
6700
6754
6759
6811
6873
6875
6882
6891
6946
6953
6962
6966
7023
7039
7073
7091
7123
7169
7183
7204
7242
7243
7276
7341
7353
7369
7384
7387
7424
7472
7553
7555
7556
7572
7574
7656
7657
7676
7697
7717
7761
7768
7771
7820
7857
7894
7919
7931
7943
7950
7964
8009
8029
8046
8078
8110
8112
8124
8186
8232
8233
8245
8276
8351
8355
8412
8415
8428
8451
8464
8466
8469
8486
8555
8656
8786
8794
8817
8833
8920
8958
8968
9045
9053
9082
9093
9099
9103
9168
9177
9210
9223
9247
9321
9326
9338
9346
9365
9380
9386
9468
9504
9506
9533
9578
9597
9599
9612
9613
9648
9678
9680
9686
9688
9751
9754
9755
9792
9808
9849
9851
9892
-1
