37
52
86
101
115
116
122
168
180
189
306
346
360
366
390
396
400
455
469
480
485
565
575
576
579
597
679
689
705
758
807
880
919
986
1062
1067
1068
1096
1106
1110
1129
1136
1149
1153
1160
1174
1218
1228
1230
1283
1285
1298
1355
1398
1403
1414
1435
1436
1460
1481
1488
1526
1539
1554
1578
1638
1648
1691
1747
1748
1783
1853
1881
1889
1901
1921
1925
1966
1970
2020
2067
2078
2117
2131
2132
2133
2138
2143
2181
2182
2183
2205
2217
2224
2256
2368
2372
2393
2430
2474
2498
2512
2514
2541
2550
2583
2600
2603
2628
2650
2657
2661
2672
2673
2680
2699
2725
2759
2786
2795
2873
2879
2916
2921
2943
2948
2994
3011
3026
3037
3070
3075
3078
3097
3122
3127
3142
3201
3202
3216
3230
3241
3307
3328
3399
3453
3473
3510
3544
3550
3604
3614
3634
3644
3653
3683
3699
3738
3760
3783
3810
3837
3861
3878
3929
3946
3970
3971
3975
3978
3980
3998
3999
4025
4095
4106
4108
4113
4121
4161
4200
4251
4256
4259
4275
4279
4283
4286
4295
4400
4435
4505
4539
4579
4591
4600
4647
4661
4674
4825
4828
4835
4845
4856
4868
4870
4873
4888
4899
4923
4936
4999
5007
5051
5058
5059
5129
5134
5176
5209
5214
5257
5283
5293
5334
5351
5352
5458
5462
5483
5506
5513
5558
5617
5653
5676
5704
5814
5836
5846
5886
5907
5930
5948
5965
5985
5988
6048
6062
6077
6081
6103
6178
6181
6194
6196
6232
6245
6297
6325
6340
6377
6394
6441
6455
6490
6508
6518
6551
6561
6586
6600
6604
6650
6670
6685
6710
6741
6752
6764
6765
6840
6874
6901
6918
6922
6963
7003
7045
7050
7104
7137
7186
7205
7234
7253
7328
7419
7433
7441
7449
7452
7481
7506
7532
7578
7593
7645
7661
7675
7676
7788
7833
7897
7908
7925
7941
7962
7982
7996
8009
8018
8080
8132
8139
8208
8227
8228
8287
8324
8343
8364
8368
8435
8456
8462
8465
8467
8475
8493
8518
8542
8566
8598
8602
8624
8691
8730
8737
8748
8765
8769
8860
8908
8925
8951
8961
8985
8989
9002
9004
9057
9094
9115
9136
9156
9170
9220
9251
9262
9281
9313
9331
9346
9393
9399
9428
9456
9460
9477
9481
9489
9520
9540
9556
9638
9644
9668
9679
9680
9711
9718
9726
9759
9833
9875
9902
9941
9957
9963
-1
