26
37
84
101
118
127
143
176
204
208
257
303
328
355
399
400
429
466
498
501
505
510
524
533
542
580
586
598
613
623
642
652
656
660
661
669
679
702
704
710
752
772
792
799
810
831
839
865
938
1060
1084
1149
1154
1172
1205
1267
1272
1307
1334
1353
1464
1499
1505
1519
1531
1533
1549
1552
1568
1611
1684
1702
1793
1801
1809
1822
1831
1834
1837
1876
1879
1912
2110
2124
2144
2191
2199
2203
2206
2218
2231
2276
2313
2319
2338
2355
2461
2477
2520
2534
2563
2625
2679
2692
2706
2708
2710
2744
2804
2808
2853
2859
2871
2920
2952
2953
3030
3077
3105
3119
3123
3147
3157
3158
3183
3247
3263
3292
3356
3368
3378
3441
3495
3507
3513
3547
3589
3656
3663
3687
3775
3825
3833
3841
3854
3855
3884
3892
3927
3952
4033
4046
4069
4070
4089
4098
4105
4106
4116
4150
4187
4212
4255
4275
4311
4361
4363
4386
4392
4395
4417
4423
4428
4451
4518
4557
4598
4615
4622
4636
4693
4709
4722
4738
4741
4750
4757
4773
4806
4815
4853
4858
4865
5035
5085
5086
5094
5159
5179
5274
5343
5386
5390
5419
5430
5475
5480
5518
5553
5564
5577
5586
5621
5665
5684
5731
5745
5753
5838
5883
5899
5905
5928
5954
5958
6018
6024
6025
6035
6059
6097
6112
6153
6159
6168
6204
6269
6433
6469
6479
6483
6520
6550
6579
6590
6657
6660
6664
6684
6722
6771
6783
6793
6798
6829
6852
6857
6888
6898
6914
6923
6966
6990
6997
7027
7046
7058
7079
7083
7092
7097
7137
7141
7143
7183
7207
7235
7244
7277
7298
7307
7330
7353
7379
7437
7460
7463
7490
7509
7532
7563
7564
7573
7586
7603
7606
7620
7627
7659
7681
7716
7746
7814
7817
7842
7846
7852
7887
7908
7936
7943
7951
7955
7963
8005
8016
8030
8052
8155
8157
8175
8176
8185
8189
8227
8283
8307
8317
8376
8406
8409
8449
8453
8482
8499
8501
8546
8602
8620
8648
8726
8740
8747
8757
8763
8779
8791
8821
8852
8871
8891
8894
8946
8971
8986
8995
9031
9084
9133
9150
9155
9206
9223
9244
9247
9350
9396
9401
9414
9436
9459
9498
9527
9539
9540
9550
9551
9576
9655
9660
9669
9678
9684
9695
9705
9707
9710
9730
9812
9817
9822
9839
9848
9863
9871
9873
9874
9956
9983
9997
-1
