4
17
22
41
48
67
79
98
144
171
292
335
377
436
456
477
537
542
585
588
608
616
637
665
711
715
725
793
804
806
812
860
861
939
971
973
988
1031
1050
1056
1058
1061
1068
1091
1092
1135
1152
1172
1175
1185
1224
1263
1267
1334
1355
1356
1375
1458
1463
1483
1502
1541
1654
1671
1722
1761
1772
1787
1817
1823
1868
1880
1928
1984
2038
2054
2079
2097
2130
2147
2193
2194
2228
2229
2234
2311
2313
2365
2368
2395
2416
2448
2479
2492
2501
2542
2551
2599
2602
2620
2621
2622
2664
2691
2694
2696
2701
2712
2764
2778
2801
2802
2859
2867
2932
2939
2958
2976
2980
3007
3036
3067
3080
3081
3112
3116
3169
3199
3213
3226
3256
3257
3279
3287
3294
3338
3354
3362
3366
3463
3468
3491
3541
3561
3566
3582
3596
3646
3721
3760
3806
3820
3848
3854
3861
3864
3939
3954
3955
3960
3973
4005
4046
4102
4148
4166
4211
4233
4253
4254
4314
4398
4410
4426
4446
4472
4492
4531
4610
4617
4621
4654
4657
4659
4666
4694
4718
4726
4772
4866
4937
4973
4982
5012
5027
5043
5048
5070
5108
5156
5168
5177
5180
5196
5209
5215
5249
5250
5251
5255
5259
5363
5365
5372
5402
5453
5472
5491
5516
5523
5524
5525
5532
5568
5603
5665
5709
5716
5721
5772
5776
5838
5868
5886
5892
5944
5989
6009
6027
6061
6067
6105
6149
6167
6168
6219
6242
6245
6258
6289
6319
6324
6325
6327
6332
6338
6366
6376
6377
6426
6430
6445
6458
6504
6524
6584
6609
6620
6638
6649
6651
6709
6738
6749
6760
6777
6793
6820
6843
6858
6868
6877
6888
6923
6955
6989
6999
7002
7023
7041
7114
7122
7158
7179
7246
7370
7401
7467
7508
7542
7595
7625
7670
7686
7717
7727
7820
7950
7953
7958
7966
7969
7973
7976
8024
8083
8084
8085
8132
8133
8142
8162
8207
8224
8241
8260
8267
8271
8280
8282
8295
8372
8421
8482
8509
8568
8615
8626
8667
8668
8684
8697
8721
8744
8781
8816
8818
8824
8833
8913
8916
8960
8979
8984
8987
8996
9051
9074
9104
9123
9131
9139
9153
9154
9162
9193
9242
9264
9274
9287
9301
9345
9356
9393
9404
9432
9599
9602
9608
9671
9675
9690
9691
9750
9751
9768
9781
9788
9817
9823
9848
9855
9892
9921
9958
9969
9978
9980
9987
9993
-1
