0
25
36
83
137
145
188
202
206
227
240
260
300
319
335
361
375
404
450
456
489
491
581
632
636
638
663
665
674
679
687
691
752
773
793
867
890
892
898
901
952
957
968
976
983
986
1024
1071
1093
1108
1111
1124
1130
1153
1301
1325
1350
1355
1359
1380
1394
1402
1423
1439
1455
1473
1526
1548
1584
1585
1587
1596
1667
1680
1701
1715
1746
1766
1773
1794
1801
1875
1921
2036
2054
2104
2138
2170
2197
2221
2223
2284
2315
2321
2322
2341
2349
2372
2384
2397
2407
2417
2420
2449
2578
2580
2598
2605
2617
2688
2696
2721
2782
2791
2793
2813
2823
2841
2871
2890
2934
2945
3027
3055
3057
3066
3183
3262
3349
3357
3378
3382
3386
3459
3509
3536
3574
3626
3665
3715
3718
3727
3806
3830
3868
3904
3932
3937
3961
4059
4086
4099
4122
4133
4141
4174
4210
4215
4315
4322
4378
4407
4417
4424
4456
4469
4474
4489
4503
4600
4647
4648
4666
4686
4702
4724
4741
4744
4760
4809
4844
4848
4849
4867
4879
4947
4973
4985
4991
4994
5000
5017
5025
5038
5063
5094
5105
5119
5148
5157
5188
5219
5267
5281
5290
5403
5475
5490
5503
5518
5525
5534
5543
5579
5634
5637
5644
5647
5652
5666
5678
5690
5725
5741
5751
5753
5756
5819
5846
5850
5872
5876
5921
5922
5941
5949
5969
5998
6000
6038
6039
6097
6119
6120
6136
6143
6221
6237
6248
6257
6280
6289
6326
6448
6459
6470
6503
6533
6536
6552
6582
6584
6585
6606
6619
6630
6656
6670
6674
6720
6731
6737
6759
6780
6799
6803
6816
6841
6842
6852
6882
6896
6945
6960
6969
6973
6989
7016
7079
7099
7113
7170
7179
7183
7236
7247
7259
7357
7379
7399
7431
7446
7459
7478
7480
7487
7571
7592
7597
7601
7602
7603
7640
7665
7683
7698
7709
7758
7773
7779
7785
7846
7848
7883
7890
7901
7910
7932
7965
8010
8064
8066
8080
8149
8159
8164
8178
8187
8199
8203
8235
8248
8297
8312
8340
8351
8402
8404
8418
8425
8467
8490
8494
8502
8504
8555
8564
8634
8760
8783
8809
8996
9010
9048
9118
9142
9149
9208
9221
9255
9260
9261
9289
9291
9356
9360
9369
9449
9492
9507
9534
9565
9571
9573
9607
9634
9639
9680
9699
9795
9821
9860
9881
9899
9940
9943
9949
9961
9979
9993
-1
