64
70
95
100
104
139
150
152
155
162
166
172
183
291
295
310
372
386
430
431
468
473
495
497
553
560
586
619
634
640
641
661
689
720
759
776
786
816
820
837
842
876
893
900
901
904
920
1003
1008
1023
1094
1102
1103
1149
1158
1224
1230
1352
1387
1398
1480
1529
1606
1646
1651
1654
1742
1792
1809
1898
1955
1972
1993
1996
2005
2042
2046
2089
2112
2122
2128
2148
2200
2211
2239
2253
2263
2268
2290
2328
2348
2349
2360
2372
2375
2392
2398
2412
2482
2584
2607
2620
2630
2633
2661
2726
2784
2813
2834
2844
2864
2878
2919
2932
2969
3044
3053
3070
3081
3085
3089
3192
3207
3209
3228
3288
3304
3329
3335
3336
3356
3361
3369
3387
3394
3426
3440
3459
3464
3476
3481
3489
3499
3515
3549
3565
3570
3574
3617
3661
3664
3675
3713
3727
3729
3730
3739
3752
3776
3783
3834
3882
3887
3949
3963
3965
3969
3985
4013
4043
4108
4116
4183
4290
4314
4349
4360
4415
4428
4479
4484
4512
4542
4604
4607
4612
4631
4662
4724
4767
4770
4806
4820
4821
4839
4887
4909
4918
4926
4927
4963
4969
4989
5002
5019
5051
5090
5153
5162
5163
5181
5219
5239
5312
5353
5369
5371
5374
5384
5531
5534
5585
5629
5659
5710
5720
5741
5743
5776
5795
5802
5803
5820
5876
5939
5993
6009
6087
6092
6146
6151
6175
6182
6187
6211
6224
6317
6326
6336
6355
6361
6393
6426
6432
6452
6469
6474
6494
6526
6548
6553
6562
6583
6651
6663
6729
6743
6813
6867
6879
6904
6913
6947
6981
6989
7007
7016
7022
7058
7067
7071
7138
7219
7261
7338
7353
7365
7405
7415
7425
7464
7465
7483
7510
7528
7552
7644
7648
7657
7666
7692
7710
7726
7759
7841
7872
7880
7912
7926
7961
7997
8023
8035
8039
8048
8051
8055
8079
8091
8102
8104
8197
8205
8268
8275
8284
8312
8349
8353
8381
8427
8431
8466
8508
8514
8541
8543
8573
8577
8627
8643
8653
8716
8766
8776
8825
8876
8890
8906
8924
8933
8965
8998
9012
9023
9026
9053
9054
9075
9087
9140
9216
9225
9235
9252
9261
9290
9298
9328
9329
9355
9358
9364
9385
9433
9440
9445
9447
9452
9471
9490
9498
9584
9593
9601
9620
9623
9640
9644
9667
9723
9729
9739
9753
9817
9828
9853
9890
9905
9980
-1
