27
67
71
93
112
165
184
193
222
230
236
241
246
267
273
315
322
336
351
405
461
519
530
564
580
597
604
614
658
691
749
808
811
845
851
898
958
965
976
1022
1078
1106
1119
1133
1226
1238
1267
1305
1323
1352
1362
1398
1401
1425
1461
1496
1510
1513
1530
1532
1544
1545
1555
1562
1567
1627
1645
1647
1664
1683
1702
1731
1733
1764
1766
1780
1784
1790
1799
1805
1809
1818
1819
1845
1858
1920
1931
1938
2003
2044
2050
2053
2097
2113
2128
2181
2192
2321
2344
2382
2385
2398
2413
2446
2454
2475
2500
2514
2515
2533
2619
2663
2668
2670
2682
2697
2716
2727
2749
2753
2754
2756
2784
2789
2800
2818
2819
2886
2900
2901
2920
2960
3036
3065
3085
3092
3102
3133
3159
3182
3183
3213
3285
3315
3320
3340
3347
3386
3404
3418
3434
3453
3467
3504
3515
3534
3587
3602
3623
3644
3659
3663
3719
3747
3758
3852
3869
3886
3903
3904
3923
3933
3971
3975
3982
3986
4028
4043
4068
4116
4149
4174
4202
4235
4254
4292
4359
4375
4394
4406
4426
4451
4452
4496
4520
4528
4534
4554
4566
4612
4632
4665
4671
4707
4708
4736
4742
4753
4771
4790
4803
4835
4854
4950
4956
5010
5074
5081
5100
5136
5157
5249
5340
5414
5416
5453
5455
5521
5530
5622
5625
5630
5638
5666
5684
5742
5760
5779
5847
5924
5962
6013
6068
6110
6112
6122
6147
6175
6199
6222
6223
6253
6269
6283
6295
6305
6335
6338
6347
6404
6419
6452
6458
6464
6492
6501
6509
6519
6530
6548
6583
6590
6592
6608
6672
6705
6768
6822
6829
6866
6871
6883
6965
7014
7073
7121
7129
7130
7170
7214
7226
7233
7261
7264
7288
7298
7303
7311
7321
7353
7360
7362
7387
7396
7403
7450
7472
7503
7548
7551
7553
7583
7603
7627
7665
7668
7683
7706
7776
7803
7823
7837
7849
7904
7912
7919
7972
7990
7993
8053
8054
8085
8122
8140
8158
8177
8192
8252
8343
8348
8364
8417
8427
8445
8480
8484
8517
8518
8519
8531
8564
8566
8583
8611
8618
8621
8688
8713
8804
8814
8820
8911
8920
8924
8981
9015
9023
9048
9077
9078
9081
9086
9104
9175
9219
9269
9283
9285
9310
9358
9377
9386
9414
9439
9460
9484
9551
9563
9570
9678
9714
9724
9728
9805
9890
9897
9962
9980
9985
9990
-1
