54
100
112
134
150
162
170
203
236
275
292
326
343
377
389
454
486
493
499
520
534
535
542
586
604
635
644
715
717
725
828
847
860
877
887
951
976
987
1024
1050
1070
1087
1167
1178
1233
1247
1280
1319
1340
1351
1510
1588
1604
1617
1653
1661
1673
1706
1708
1737
1738
1789
1798
1810
1818
1823
1833
1840
1847
1894
1907
1961
2002
2042
2121
2123
2151
2153
2157
2162
2181
2228
2244
2257
2258
2266
2301
2314
2320
2329
2375
2386
2431
2492
2510
2532
2547
2561
2627
2667
2682
2688
2723
2740
2768
2769
2772
2822
2838
2853
2868
2892
2903
2924
2930
2992
2995
3090
3095
3123
3172
3174
3181
3193
3212
3215
3227
3231
3288
3340
3377
3397
3398
3421
3457
3505
3534
3561
3592
3601
3649
3673
3718
3745
3755
3762
3797
3821
3841
3842
3849
3895
3937
4007
4082
4115
4123
4146
4179
4219
4246
4249
4251
4276
4284
4300
4321
4352
4379
4416
4418
4460
4605
4628
4690
4726
4736
4739
4784
4838
4852
4857
4859
4878
4885
4893
4915
4961
4986
4996
5007
5010
5012
5019
5132
5178
5181
5186
5202
5205
5234
5244
5246
5306
5333
5360
5402
5463
5491
5510
5565
5626
5628
5632
5640
5648
5661
5700
5715
5740
5789
5791
5822
5831
5838
5855
5867
5908
5915
5934
5950
5959
5986
6055
6074
6078
6099
6122
6161
6221
6230
6235
6236
6274
6277
6334
6370
6392
6394
6464
6480
6489
6491
6560
6586
6598
6605
6711
6729
6732
6735
6746
6760
6766
6787
6801
6824
6844
6877
6890
6915
6954
6976
6986
7013
7082
7093
7122
7153
7167
7206
7217
7233
7238
7243
7295
7301
7304
7322
7332
7381
7414
7423
7425
7445
7468
7503
7565
7572
7582
7591
7594
7611
7621
7771
7797
7863
7871
7877
7884
7895
7945
7966
8012
8025
8026
8034
8111
8115
8125
8132
8142
8176
8201
8209
8212
8309
8338
8361
8425
8430
8434
8446
8447
8466
8467
8474
8486
8517
8528
8530
8554
8593
8597
8614
8645
8757
8759
8767
8793
8823
8832
8863
8880
8912
8916
8918
8926
8965
8991
8994
9004
9014
9015
9068
9094
9128
9145
9162
9167
9226
9232
9234
9235
9244
9291
9300
9352
9353
9399
9425
9546
9574
9577
9625
9632
9722
9754
9772
9790
9796
9847
9891
9911
9915
9959
9968
9971
9972
9976
-1
