7
23
28
31
89
99
114
117
135
146
187
211
216
220
236
349
394
409
412
453
505
540
545
561
572
582
600
604
625
626
736
760
784
790
820
843
883
889
902
913
922
933
967
1012
1026
1033
1041
1067
1076
1083
1101
1115
1130
1136
1160
1182
1246
1296
1356
1400
1420
1491
1536
1545
1576
1617
1636
1641
1655
1813
1855
1920
1954
1955
1956
1959
1971
2007
2028
2050
2085
2092
2125
2130
2146
2150
2157
2159
2273
2306
2323
2332
2338
2353
2414
2417
2461
2469
2473
2478
2482
2581
2587
2616
2618
2704
2721
2766
2780
2803
2934
2937
3001
3010
3069
3072
3101
3131
3155
3197
3202
3205
3227
3231
3265
3291
3310
3319
3385
3399
3433
3436
3471
3507
3560
3610
3622
3629
3633
3652
3669
3677
3728
3749
3750
3856
3859
3864
3908
3909
3923
3945
3974
3975
3991
4007
4120
4129
4154
4182
4195
4219
4235
4239
4288
4379
4381
4400
4411
4429
4444
4461
4503
4511
4611
4756
4764
4793
4802
4811
4860
4893
4916
4947
4950
4954
4964
5007
5070
5072
5081
5122
5124
5126
5166
5183
5190
5211
5278
5371
5414
5427
5443
5446
5468
5493
5502
5508
5513
5545
5597
5613
5616
5738
5742
5781
5787
5791
5806
5841
5843
5851
5872
5908
5921
5944
5975
5983
6001
6004
6035
6047
6050
6083
6084
6094
6108
6115
6139
6140
6167
6172
6178
6185
6207
6229
6246
6248
6263
6290
6302
6337
6407
6541
6544
6583
6610
6623
6641
6642
6715
6782
6864
6877
6885
6900
6940
6945
6958
6965
6983
7051
7074
7090
7096
7103
7104
7122
7140
7185
7191
7208
7241
7242
7248
7251
7266
7269
7273
7276
7295
7324
7343
7361
7382
7404
7460
7462
7471
7510
7532
7558
7602
7641
7658
7691
7742
7743
7758
7791
7800
7801
7830
7863
7884
7919
7929
7935
7982
7998
8001
8038
8046
8071
8082
8091
8097
8112
8130
8132
8151
8246
8248
8317
8361
8424
8433
8437
8513
8538
8602
8723
8740
8755
8794
8854
8924
8964
8991
8997
9044
9056
9078
9083
9140
9151
9159
9192
9230
9257
9262
9285
9291
9302
9306
9309
9351
9354
9375
9385
9391
9403
9424
9447
9464
9509
9523
9545
9572
9575
9612
9621
9624
9651
9655
9682
9689
9702
9705
9768
9797
9806
9822
9833
9881
9939
9949
9951
9979
9989
-1
