11
12
14
22
30
61
67
93
134
135
178
222
263
268
284
288
290
296
310
315
367
369
372
374
416
427
443
445
449
460
489
498
506
533
541
542
549
556
569
600
614
625
629
648
649
653
683
691
706
707
717
796
816
845
859
862
875
881
892
896
897
908
921
933
951
966
972
1011
1020
1034
1035
1037
1042
1049
1056
1062
1094
1098
1100
1167
1187
1219
1265
1267
1291
1349
1381
1392
1393
1416
1460
1463
1501
1502
1512
1516
1517
1533
1542
1544
1564
1589
1615
1616
1619
1663
1673
1685
1688
1706
1710
1723
1733
1805
1820
1822
1832
1845
1857
1877
1905
1911
1933
1935
1937
1944
1954
1958
1962
1970
1978
1981
1987
2044
2045
2097
2099
2118
2119
2123
2124
2128
2142
2148
2175
2187
2212
2258
2260
2264
2294
2332
2340
2353
2380
2382
2401
2411
2424
2430
2448
2530
2533
2537
2543
2561
2568
2573
2588
2590
2619
2638
2645
2651
2664
2724
2731
2737
2823
2859
2884
2909
2927
2991
3018
3020
3022
3030
3045
3061
3063
3075
3076
3114
3139
3169
3184
3188
3202
3207
3250
3269
3274
3278
3302
3316
3330
3346
3347
3350
3357
3383
3398
3400
3401
3424
3437
3525
3552
3569
3587
3612
3614
3621
3682
3705
3711
3745
3779
3784
3789
3793
3799
3804
3888
3954
3964
3988
4003
4028
4038
4096
4102
4110
4128
4143
4156
4159
4168
4182
4189
4195
4230
4244
4251
4268
4278
4283
4302
4323
4333
4348
4352
4378
4404
4406
4425
4451
4457
4467
4472
4474
4502
4512
4526
4544
4547
4549
4589
4611
4623
4628
4632
4634
4638
4667
4705
4708
4713
4734
4748
4791
4821
4836
4844
4847
4862
4887
4889
4924
4931
4950
4956
4959
4968
4988
4989
5023
5026
5029
5047
5061
5083
5095
5099
5121
5125
5127
5134
5144
5195
5210
5221
5224
5225
5232
5253
5264
5305
5312
5334
5337
5362
5398
5401
5406
5431
5458
5495
5500
5504
5546
5608
5609
5624
5647
5651
5669
5672
5710
5716
5718
5779
5780
5792
5817
5823
5832
5838
5846
5848
5849
5855
5866
5871
5882
5904
5907
5932
5977
5980
5985
5997
6013
6016
6019
6055
6083
6094
6113
6147
6150
6152
6156
6162
6169
6179
6229
6245
6271
6273
6322
6326
6351
6365
6392
6411
6414
6418
6456
6497
6553
6603
6617
6641
6668
6686
6704
6717
6720
6721
6723
6751
6775
6810
6812
6824
6860
6865
6881
6895
6922
6923
6986
7002
7038
7039
7060
7075
7082
7084
7085
7093
7098
7158
7221
7225
7232
7240
7241
7242
7255
7315
7338
7344
7369
7383
7384
7391
7401
7409
7437
7452
7467
7469
7472
7485
7507
7545
7546
7557
7567
7610
7614
7625
7629
7646
7658
7678
7687
7700
7704
7723
7729
7764
7776
7781
7830
7841
7856
7882
7889
7906
7926
7939
7942
7943
7945
7981
7983
7985
8001
8074
8110
8120
8126
8136
8137
8139
8150
8211
8216
8256
8257
8267
8303
8304
8320
8335
8377
8388
8397
8406
8435
8444
8458
8477
8479
8489
8501
8535
8560
8564
8568
8577
8643
8648
8658
8661
8708
8740
8752
8852
8869
8896
8902
8903
8958
8967
8996
9013
9029
9042
9046
9058
9090
9103
9159
9174
9177
9215
9266
9305
9334
9336
9346
9359
9387
9395
9410
9433
9436
9454
9470
9471
9518
9519
9521
9561
9567
9569
9592
9593
9612
9623
9630
9633
9652
9661
9682
9685
9708
9710
9711
9750
9768
9795
9818
9846
9847
9864
9876
9885
9893
9912
9914
9918
9950
9954
9979
-1
