3
5
20
25
30
48
58
92
100
121
137
141
171
223
236
253
256
257
260
266
283
295
343
365
370
378
386
422
438
444
447
462
499
527
533
537
540
544
545
546
547
586
592
608
668
714
718
722
726
740
760
767
770
781
784
798
829
844
855
859
869
871
880
898
946
952
990
1017
1048
1063
1071
1086
1091
1097
1114
1121
1159
1176
1212
1230
1283
1288
1306
1313
1320
1339
1347
1350
1359
1368
1386
1392
1397
1425
1433
1456
1483
1486
1510
1521
1590
1608
1617
1625
1658
1666
1669
1678
1680
1681
1689
1703
1729
1766
1773
1783
1800
1811
1813
1844
1877
1893
1907
1913
1939
1943
1953
1960
1966
1974
1979
1989
1997
1999
2003
2019
2042
2066
2077
2091
2111
2125
2140
2161
2194
2207
2221
2229
2234
2238
2254
2260
2282
2314
2319
2330
2366
2372
2376
2388
2395
2468
2469
2481
2498
2513
2515
2542
2544
2555
2557
2563
2582
2589
2597
2619
2646
2682
2692
2733
2761
2767
2770
2774
2795
2798
2799
2808
2811
2838
2852
2912
2920
2921
2934
2941
2966
2973
3067
3071
3104
3107
3193
3196
3206
3253
3279
3285
3299
3319
3345
3356
3360
3386
3481
3495
3501
3515
3522
3546
3559
3563
3591
3593
3604
3627
3637
3696
3710
3770
3771
3796
3826
3840
3847
3852
3868
3875
3903
3907
3915
3918
3930
3949
3961
4002
4008
4020
4035
4039
4041
4048
4054
4058
4072
4090
4101
4114
4154
4162
4163
4202
4219
4236
4249
4254
4259
4262
4282
4299
4305
4309
4321
4322
4363
4364
4368
4403
4416
4423
4425
4465
4475
4482
4514
4516
4559
4562
4568
4587
4590
4597
4604
4606
4624
4634
4638
4677
4685
4689
4706
4718
4737
4738
4744
4753
4757
4785
4824
4855
4900
4955
4961
4967
4990
5017
5020
5044
5077
5103
5108
5118
5133
5145
5160
5162
5178
5186
5235
5240
5251
5273
5303
5358
5385
5408
5450
5486
5507
5550
5553
5560
5570
5589
5602
5604
5610
5631
5634
5644
5649
5654
5703
5719
5724
5739
5749
5751
5754
5762
5766
5779
5783
5818
5850
5857
5866
5902
5921
5955
5983
6007
6017
6053
6072
6076
6088
6124
6146
6170
6186
6198
6227
6232
6243
6247
6249
6296
6300
6323
6331
6359
6385
6443
6493
6500
6525
6533
6536
6537
6555
6566
6577
6600
6611
6659
6683
6701
6702
6778
6806
6845
6871
6886
6911
6924
6929
6970
6972
6974
6979
6986
6987
7022
7025
7077
7079
7142
7144
7171
7174
7198
7209
7229
7230
7248
7264
7281
7293
7299
7316
7319
7320
7322
7332
7378
7395
7405
7409
7413
7429
7440
7452
7500
7566
7597
7608
7636
7677
7688
7713
7716
7735
7746
7764
7780
7809
7825
7834
7855
7860
7864
7871
7877
7885
7896
7918
7925
7928
7943
7946
7949
7957
7963
7969
7990
8001
8023
8031
8032
8048
8054
8066
8075
8076
8082
8101
8102
8103
8104
8111
8127
8128
8164
8206
8232
8270
8281
8296
8311
8327
8346
8365
8367
8387
8426
8432
8468
8475
8506
8511
8526
8527
8543
8554
8563
8567
8574
8592
8610
8627
8632
8633
8693
8702
8706
8722
8735
8746
8806
8816
8836
8846
8866
8878
8907
8953
8983
8993
8994
9024
9043
9051
9059
9065
9068
9086
9094
9097
9100
9111
9116
9146
9160
9222
9255
9260
9332
9341
9382
9398
9405
9465
9468
9475
9481
9545
9608
9639
9660
9705
9708
9737
9763
9775
9790
9817
9849
9871
9886
9887
9894
9901
9934
9937
9938
9945
9953
9966
9970
-1
