22
35
62
96
114
117
127
142
153
170
181
193
230
233
258
264
311
359
399
404
411
418
445
455
463
506
511
523
543
547
562
568
573
579
609
618
621
634
675
725
728
743
749
758
783
825
855
886
902
932
1000
1001
1027
1028
1050
1051
1085
1100
1111
1144
1147
1153
1168
1189
1197
1219
1261
1278
1279
1304
1314
1328
1360
1366
1372
1386
1397
1408
1420
1421
1429
1472
1502
1537
1545
1554
1560
1569
1576
1605
1610
1631
1646
1658
1669
1697
1699
1716
1738
1742
1754
1783
1800
1824
1827
1842
1898
1903
1905
1908
1914
1934
1964
1995
1997
2070
2085
2099
2114
2157
2160
2166
2168
2186
2241
2261
2278
2286
2288
2324
2338
2343
2366
2387
2419
2441
2447
2460
2461
2486
2516
2517
2592
2594
2616
2628
2630
2649
2672
2677
2678
2712
2717
2723
2724
2759
2772
2779
2786
2813
2831
2854
2856
2858
2883
2895
2898
2916
2920
2922
2979
2985
2990
3021
3032
3070
3078
3098
3123
3129
3180
3217
3219
3232
3241
3246
3295
3315
3319
3357
3361
3375
3404
3448
3454
3474
3480
3491
3496
3501
3524
3641
3673
3698
3711
3746
3761
3795
3804
3862
3885
3889
3919
3926
3932
3943
3967
3990
4009
4033
4064
4081
4090
4091
4092
4180
4205
4223
4241
4252
4260
4331
4344
4366
4391
4419
4421
4422
4437
4508
4519
4522
4524
4548
4563
4610
4623
4636
4649
4651
4751
4752
4757
4795
4801
4832
4853
4867
4911
5001
5008
5030
5033
5049
5109
5155
5210
5229
5236
5256
5259
5272
5278
5282
5312
5317
5319
5322
5329
5334
5338
5375
5377
5398
5401
5402
5413
5435
5448
5460
5461
5486
5507
5518
5528
5537
5549
5589
5595
5602
5615
5622
5623
5629
5635
5641
5650
5671
5681
5682
5684
5687
5708
5712
5764
5765
5810
5820
5829
5851
5858
5903
5921
5932
5934
5988
5995
6008
6028
6030
6033
6042
6044
6055
6064
6107
6109
6133
6142
6169
6181
6186
6199
6206
6229
6241
6250
6263
6273
6281
6287
6308
6320
6324
6330
6340
6367
6408
6429
6481
6495
6498
6542
6555
6578
6608
6612
6617
6625
6632
6640
6655
6666
6673
6680
6687
6694
6702
6706
6709
6711
6715
6736
6740
6743
6819
6826
6828
6841
6842
6847
6852
6866
6887
6894
6908
6932
6954
6964
7080
7125
7154
7192
7195
7201
7212
7224
7226
7239
7245
7251
7274
7284
7286
7310
7340
7366
7375
7377
7409
7423
7433
7434
7445
7449
7450
7470
7483
7492
7496
7507
7518
7520
7522
7581
7587
7593
7607
7662
7663
7679
7683
7696
7736
7759
7769
7770
7804
7833
7849
7861
7873
7874
7881
7882
7883
7927
7943
7944
7945
7948
7957
7990
8021
8049
8093
8105
8128
8145
8165
8173
8216
8234
8235
8242
8256
8265
8267
8275
8292
8336
8347
8352
8357
8374
8384
8410
8418
8426
8440
8467
8477
8481
8494
8514
8520
8554
8562
8573
8586
8605
8610
8619
8625
8647
8658
8669
8675
8683
8687
8721
8730
8731
8733
8752
8782
8786
8788
8809
8887
8894
8912
8913
8914
8932
8975
8978
8979
8983
8985
9013
9027
9033
9038
9042
9044
9058
9073
9099
9117
9140
9181
9224
9237
9260
9269
9278
9285
9296
9319
9365
9368
9374
9389
9401
9408
9426
9428
9432
9450
9460
9463
9496
9509
9510
9514
9525
9563
9613
9614
9628
9645
9658
9673
9676
9718
9724
9740
9758
9774
9780
9800
9804
9811
9835
9857
9859
9860
9867
9880
9891
9903
9920
9921
9931
9933
9935
9941
9959
9970
-1
