37
75
82
99
109
136
140
154
186
216
256
257
297
313
326
331
334
365
395
413
426
440
444
459
460
494
515
535
556
560
562
577
586
590
607
619
635
643
646
647
664
669
684
707
722
739
745
746
751
786
788
819
825
827
869
872
903
917
930
971
984
990
997
1012
1015
1026
1027
1049
1067
1078
1091
1097
1122
1140
1144
1148
1185
1193
1222
1224
1240
1256
1279
1280
1314
1318
1341
1352
1356
1367
1375
1423
1469
1474
1486
1509
1511
1536
1537
1558
1575
1584
1602
1605
1612
1617
1628
1676
1731
1737
1773
1786
1788
1800
1807
1844
1867
1884
1897
1928
1938
1979
1995
2010
2012
2013
2015
2020
2060
2064
2109
2115
2124
2151
2169
2170
2176
2185
2191
2206
2237
2239
2251
2252
2298
2301
2360
2396
2422
2428
2443
2460
2478
2520
2541
2542
2549
2564
2608
2614
2624
2634
2635
2636
2637
2654
2677
2680
2703
2740
2746
2774
2786
2787
2803
2839
2847
2853
2884
2913
2926
2937
2942
2970
2975
2985
2986
2990
3030
3038
3058
3061
3068
3080
3089
3095
3132
3140
3146
3148
3150
3154
3172
3176
3185
3189
3201
3203
3223
3233
3239
3257
3268
3320
3377
3414
3417
3450
3506
3508
3522
3527
3541
3544
3570
3576
3583
3617
3621
3630
3665
3672
3695
3707
3728
3737
3752
3764
3795
3808
3815
3851
3868
3877
3882
3886
3894
3915
3924
3974
3979
4001
4012
4070
4071
4078
4100
4106
4133
4157
4187
4194
4230
4258
4273
4314
4317
4318
4328
4341
4404
4419
4423
4432
4475
4494
4496
4512
4519
4524
4538
4563
4577
4579
4595
4602
4609
4616
4645
4666
4672
4678
4714
4720
4728
4741
4794
4797
4801
4804
4810
4841
4886
4889
4913
4923
4943
4970
4972
4996
5002
5032
5038
5044
5078
5080
5085
5088
5096
5119
5128
5162
5170
5224
5228
5239
5249
5256
5268
5273
5274
5276
5294
5350
5351
5363
5379
5384
5440
5469
5474
5489
5519
5542
5545
5546
5554
5556
5562
5569
5570
5577
5580
5584
5587
5610
5624
5646
5665
5693
5700
5725
5731
5761
5766
5772
5783
5796
5818
5827
5870
5874
5899
5914
5949
5979
5981
5988
5999
6001
6046
6049
6065
6067
6075
6100
6110
6135
6136
6141
6144
6150
6166
6229
6236
6271
6311
6312
6316
6333
6340
6341
6371
6390
6416
6429
6434
6447
6471
6523
6535
6538
6561
6604
6608
6609
6623
6625
6661
6675
6703
6777
6785
6792
6842
6869
6895
6918
6942
6976
6991
6992
7053
7085
7100
7111
7139
7189
7192
7227
7241
7255
7264
7266
7314
7322
7339
7361
7368
7401
7404
7405
7437
7438
7444
7445
7449
7463
7494
7497
7498
7532
7553
7556
7557
7583
7588
7594
7606
7631
7643
7681
7693
7694
7743
7745
7776
7805
7828
7841
7872
7901
7917
7966
7972
8005
8006
8022
8026
8035
8045
8097
8117
8125
8127
8128
8138
8139
8142
8165
8182
8226
8229
8235
8265
8273
8293
8329
8333
8335
8379
8396
8399
8424
8435
8440
8462
8464
8476
8509
8528
8543
8551
8569
8602
8637
8655
8675
8704
8707
8734
8772
8783
8793
8820
8863
8864
8865
8902
8968
8971
9001
9004
9027
9038
9067
9071
9094
9117
9127
9173
9175
9189
9214
9232
9247
9257
9263
9296
9394
9418
9425
9431
9442
9453
9455
9481
9490
9493
9499
9542
9573
9574
9601
9605
9616
9619
9650
9688
9702
9731
9738
9741
9780
9784
9800
9806
9814
9825
9832
9841
9853
9901
9915
9949
9969
9984
9991
9993
9997
-1
