5
41
46
51
64
77
84
96
108
128
129
145
162
173
182
183
184
186
194
222
224
256
267
276
284
295
303
322
354
355
377
392
397
417
455
485
501
514
524
526
534
535
553
561
588
605
612
616
624
630
668
678
683
687
698
715
731
737
754
755
785
798
809
848
856
867
885
929
941
949
953
1012
1052
1055
1063
1087
1112
1120
1141
1148
1156
1169
1197
1209
1210
1228
1239
1243
1245
1265
1296
1305
1343
1345
1355
1371
1375
1385
1391
1393
1405
1408
1423
1425
1440
1441
1460
1475
1498
1515
1527
1529
1588
1600
1607
1617
1622
1649
1669
1670
1671
1676
1696
1712
1716
1723
1727
1728
1741
1746
1781
1785
1790
1800
1865
1881
1944
1951
1983
2019
2039
2040
2059
2107
2114
2163
2171
2227
2237
2238
2243
2250
2285
2327
2367
2403
2424
2450
2476
2480
2501
2502
2509
2517
2609
2632
2672
2673
2716
2732
2735
2749
2751
2765
2775
2787
2808
2847
2850
2852
2859
2862
2866
2871
2886
2889
2908
3016
3061
3072
3084
3108
3113
3134
3158
3163
3164
3233
3234
3277
3282
3298
3332
3334
3339
3344
3352
3362
3375
3404
3432
3437
3450
3489
3497
3510
3512
3513
3520
3521
3534
3593
3602
3618
3643
3656
3661
3666
3676
3693
3734
3766
3790
3804
3805
3823
3880
3890
3901
3905
3931
3954
3966
3979
3985
4013
4020
4027
4030
4039
4080
4105
4122
4123
4132
4136
4140
4172
4177
4182
4206
4224
4234
4279
4281
4346
4351
4353
4362
4367
4380
4381
4408
4451
4463
4489
4511
4516
4531
4534
4570
4585
4616
4621
4640
4665
4666
4672
4694
4740
4790
4811
4831
4832
4839
4854
4894
4909
4913
4932
4938
4957
4963
4987
5001
5003
5005
5018
5049
5063
5103
5114
5144
5145
5148
5164
5165
5208
5258
5279
5313
5330
5335
5350
5376
5377
5384
5428
5432
5448
5464
5466
5475
5487
5494
5519
5557
5563
5564
5590
5612
5666
5677
5695
5698
5738
5773
5783
5794
5798
5842
5867
5889
5913
5922
5941
5960
5976
5986
6060
6104
6140
6179
6193
6214
6216
6217
6243
6267
6270
6282
6319
6330
6335
6338
6358
6374
6376
6393
6417
6462
6464
6468
6475
6479
6489
6505
6514
6522
6548
6553
6565
6615
6617
6618
6626
6628
6652
6672
6693
6701
6704
6712
6715
6723
6728
6743
6780
6792
6807
6808
6835
6842
6846
6897
6909
6917
6933
6939
6979
6993
6998
7011
7012
7017
7020
7044
7054
7057
7060
7066
7081
7110
7133
7178
7204
7205
7213
7217
7251
7311
7320
7384
7385
7394
7399
7401
7414
7419
7424
7431
7446
7456
7523
7526
7530
7536
7552
7563
7567
7587
7595
7598
7654
7680
7702
7733
7801
7804
7813
7817
7825
7854
7895
7916
7948
7958
7993
8015
8029
8031
8044
8051
8098
8118
8150
8151
8157
8167
8176
8177
8178
8181
8196
8222
8235
8245
8249
8252
8253
8286
8295
8313
8338
8350
8358
8363
8396
8430
8472
8520
8521
8533
8561
8562
8565
8568
8586
8604
8610
8612
8624
8633
8634
8695
8704
8708
8712
8716
8761
8775
8780
8816
8825
8830
8842
8853
8856
8873
8895
8905
8927
8932
8935
8974
9041
9047
9096
9097
9120
9123
9158
9169
9205
9217
9221
9222
9223
9247
9254
9271
9352
9384
9460
9475
9516
9522
9529
9545
9561
9575
9576
9578
9586
9596
9608
9638
9645
9663
9665
9669
9698
9726
9785
9790
9816
9821
9833
9890
9906
9913
9915
9922
9938
9946
9951
9952
9974
9976
9994
-1
