14
27
41
42
58
102
118
130
153
172
175
230
240
252
285
334
341
365
370
417
420
459
465
467
495
510
538
549
555
568
582
606
612
616
626
637
650
655
667
701
727
742
752
794
810
872
875
895
908
927
941
992
997
1013
1014
1076
1078
1085
1115
1151
1153
1166
1183
1191
1192
1200
1226
1239
1294
1298
1303
1319
1323
1330
1340
1372
1404
1419
1436
1438
1453
1504
1507
1514
1517
1576
1577
1580
1585
1590
1591
1596
1627
1635
1637
1646
1659
1666
1680
1694
1701
1705
1707
1723
1731
1767
1775
1806
1824
1843
1861
1864
1891
1908
1930
1935
1946
1961
1976
1985
1990
2025
2069
2071
2082
2093
2108
2119
2130
2137
2168
2180
2202
2204
2237
2249
2254
2270
2292
2335
2384
2436
2451
2467
2470
2504
2511
2535
2540
2545
2592
2606
2631
2658
2680
2749
2751
2758
2769
2777
2797
2807
2827
2846
2847
2866
2886
2887
2960
2996
3004
3025
3046
3060
3080
3082
3091
3097
3118
3125
3165
3167
3182
3190
3192
3198
3213
3223
3255
3276
3364
3400
3437
3444
3459
3489
3527
3544
3570
3573
3607
3613
3629
3642
3647
3655
3664
3669
3671
3707
3720
3724
3732
3735
3755
3757
3772
3778
3818
3837
3869
3893
3912
3919
3921
3923
3934
3937
3950
3979
3986
3990
4023
4024
4027
4028
4033
4040
4115
4119
4149
4150
4151
4175
4176
4178
4188
4223
4237
4248
4269
4270
4281
4308
4359
4386
4391
4421
4437
4484
4493
4498
4526
4531
4535
4537
4544
4576
4582
4583
4612
4635
4636
4637
4679
4690
4694
4699
4744
4756
4763
4775
4790
4791
4822
4830
4837
4850
4852
4857
4868
4871
4881
4913
4938
4947
4970
4977
5005
5023
5032
5045
5050
5084
5118
5171
5194
5202
5221
5304
5328
5339
5353
5367
5370
5376
5380
5390
5408
5422
5433
5448
5453
5454
5459
5469
5488
5514
5580
5581
5594
5620
5639
5659
5663
5673
5698
5716
5736
5752
5816
5821
5841
5853
5872
5899
5930
6028
6031
6057
6102
6118
6130
6148
6159
6167
6169
6171
6201
6217
6221
6246
6248
6253
6254
6260
6264
6295
6303
6311
6322
6325
6339
6383
6386
6413
6414
6416
6433
6434
6440
6441
6444
6448
6457
6467
6510
6524
6526
6534
6537
6549
6590
6608
6611
6628
6637
6663
6676
6683
6690
6703
6761
6762
6773
6820
6823
6832
6865
6884
6896
6916
6921
6927
6929
6936
6945
6972
7001
7036
7045
7047
7052
7066
7075
7123
7148
7152
7157
7192
7197
7229
7230
7231
7235
7255
7285
7290
7297
7340
7367
7368
7395
7398
7410
7412
7416
7428
7433
7435
7442
7468
7511
7513
7536
7592
7595
7640
7662
7671
7735
7774
7793
7796
7798
7814
7826
7830
7840
7859
7901
7955
8002
8003
8060
8062
8064
8065
8109
8121
8123
8148
8150
8152
8198
8223
8241
8243
8263
8277
8297
8301
8313
8314
8350
8363
8364
8411
8419
8425
8454
8459
8482
8484
8503
8504
8521
8534
8538
8580
8582
8589
8607
8642
8647
8695
8705
8745
8761
8767
8791
8794
8832
8836
8858
8867
8872
8880
8919
8927
8936
8938
8943
8960
8982
9018
9024
9038
9044
9071
9072
9079
9101
9120
9132
9153
9186
9189
9195
9198
9206
9209
9213
9222
9226
9240
9255
9256
9279
9304
9324
9328
9410
9435
9463
9465
9490
9533
9564
9573
9581
9586
9598
9600
9609
9618
9631
9636
9642
9667
9687
9693
9773
9808
9813
9827
9833
9859
9861
9872
9876
9885
9900
9928
9930
9949
9961
9965
9979
9984
-1
