11
12
26
54
79
82
88
95
103
123
127
130
139
141
144
179
186
192
195
207
226
257
264
277
286
319
342
346
364
365
375
400
404
438
463
473
474
477
488
540
557
581
647
661
678
684
702
733
739
745
755
773
777
806
816
823
834
839
842
856
857
861
887
902
903
906
912
913
926
959
968
990
1001
1014
1056
1067
1100
1119
1124
1141
1153
1161
1164
1168
1195
1200
1213
1221
1234
1245
1249
1256
1280
1306
1312
1324
1357
1384
1390
1403
1407
1408
1417
1424
1427
1432
1442
1452
1454
1463
1464
1500
1508
1518
1533
1543
1547
1554
1578
1597
1599
1615
1634
1644
1683
1691
1707
1711
1729
1788
1789
1812
1863
1894
1899
1940
1953
1956
1963
1999
2007
2047
2050
2072
2078
2096
2111
2140
2152
2159
2166
2169
2191
2199
2245
2252
2264
2294
2329
2347
2385
2394
2404
2430
2445
2459
2463
2465
2514
2520
2525
2530
2538
2552
2576
2597
2608
2666
2675
2708
2737
2757
2758
2762
2772
2794
2803
2833
2836
2941
2944
2970
2999
3026
3050
3086
3152
3158
3163
3165
3170
3174
3180
3200
3249
3264
3267
3276
3306
3307
3313
3316
3335
3374
3454
3480
3506
3515
3539
3541
3549
3557
3564
3573
3578
3614
3647
3662
3667
3699
3717
3743
3773
3791
3805
3824
3846
3865
3868
3884
3893
3901
3948
4027
4047
4065
4068
4072
4077
4092
4105
4134
4137
4140
4149
4151
4160
4188
4190
4199
4201
4204
4217
4256
4263
4280
4288
4309
4339
4362
4365
4403
4418
4422
4428
4442
4508
4530
4539
4566
4584
4609
4677
4685
4687
4691
4698
4728
4742
4773
4795
4816
4833
4856
4866
4870
4875
4913
4916
4939
4948
5003
5007
5009
5014
5059
5062
5070
5086
5093
5094
5097
5110
5114
5131
5155
5177
5182
5189
5203
5217
5265
5298
5303
5328
5336
5353
5354
5355
5362
5368
5415
5419
5425
5430
5435
5504
5510
5520
5533
5536
5555
5556
5574
5581
5592
5601
5622
5630
5666
5680
5705
5706
5722
5731
5781
5794
5797
5798
5803
5817
5842
5872
5875
5897
5898
5922
5926
5931
5935
5968
6008
6019
6027
6030
6057
6086
6107
6116
6126
6170
6181
6197
6226
6259
6280
6294
6300
6301
6304
6309
6332
6336
6404
6410
6422
6440
6486
6487
6494
6495
6518
6523
6543
6560
6577
6585
6673
6740
6744
6746
6764
6788
6798
6800
6832
6881
6885
6929
6943
6959
6977
6984
6998
7006
7039
7041
7044
7086
7099
7109
7112
7159
7175
7179
7214
7215
7223
7227
7248
7266
7287
7294
7307
7333
7341
7375
7383
7393
7397
7441
7490
7514
7553
7594
7599
7605
7656
7663
7676
7682
7700
7711
7718
7725
7746
7757
7836
7849
7869
7893
7901
7911
7919
7942
7990
7991
7993
8017
8025
8037
8063
8074
8080
8085
8107
8118
8124
8150
8156
8166
8169
8194
8210
8234
8263
8276
8278
8291
8305
8308
8339
8377
8396
8411
8437
8442
8444
8449
8473
8500
8501
8521
8523
8524
8528
8544
8561
8573
8616
8638
8682
8695
8726
8770
8791
8863
8869
8879
8891
8934
8970
8973
8989
8991
8996
9012
9027
9056
9065
9092
9108
9112
9134
9172
9182
9185
9208
9214
9234
9238
9244
9247
9259
9283
9302
9318
9319
9359
9382
9393
9414
9416
9436
9457
9481
9485
9493
9495
9499
9501
9575
9581
9584
9619
9621
9635
9656
9682
9701
9705
9713
9742
9744
9750
9751
9757
9788
9794
9802
9826
9830
9848
9871
9890
9904
9925
9946
9953
9962
-1
