4
5
21
36
82
91
105
119
125
127
146
219
315
317
335
353
358
403
419
428
447
448
450
453
454
456
459
474
505
539
546
558
572
593
622
628
645
675
684
687
704
709
712
720
721
723
745
753
779
795
796
837
851
891
897
932
936
937
942
967
1014
1035
1038
1057
1062
1071
1083
1094
1136
1137
1151
1179
1190
1202
1247
1250
1255
1256
1270
1281
1286
1288
1303
1315
1323
1331
1338
1352
1379
1384
1388
1392
1433
1444
1449
1481
1495
1509
1538
1540
1542
1557
1571
1579
1593
1608
1621
1624
1625
1633
1638
1644
1646
1649
1657
1700
1708
1725
1746
1778
1787
1809
1819
1823
1849
1888
1914
1916
1929
1945
1972
1980
1990
2026
2045
2071
2082
2090
2095
2133
2146
2165
2172
2174
2188
2200
2210
2219
2235
2258
2262
2279
2282
2283
2386
2390
2403
2406
2410
2428
2434
2503
2555
2558
2559
2616
2638
2673
2703
2708
2716
2721
2726
2737
2753
2756
2847
2849
2857
2870
2882
2886
2946
2953
2983
2987
2993
3015
3022
3058
3156
3161
3163
3227
3245
3246
3249
3253
3270
3313
3350
3363
3428
3439
3444
3447
3465
3468
3503
3509
3515
3523
3544
3555
3556
3563
3594
3603
3630
3648
3652
3661
3680
3700
3707
3726
3738
3741
3762
3779
3791
3792
3801
3833
3852
3856
3859
3863
3875
3893
3910
3916
3928
3955
3976
3984
3992
3999
4021
4039
4062
4084
4093
4113
4152
4178
4201
4209
4219
4224
4244
4256
4276
4286
4306
4315
4354
4377
4383
4384
4399
4406
4411
4414
4415
4422
4443
4455
4460
4486
4494
4512
4521
4527
4533
4551
4571
4580
4593
4626
4634
4644
4657
4672
4685
4686
4723
4726
4732
4745
4747
4780
4784
4801
4810
4843
4849
4852
4867
4878
4880
4889
4920
4991
5019
5033
5045
5054
5074
5083
5109
5120
5126
5163
5204
5205
5223
5235
5260
5292
5301
5319
5325
5369
5377
5401
5414
5419
5456
5459
5480
5506
5538
5553
5558
5561
5571
5575
5579
5580
5587
5645
5662
5678
5750
5765
5766
5776
5793
5804
5809
5810
5819
5837
5883
5884
5918
5920
5944
5947
5992
6029
6032
6033
6045
6149
6175
6220
6223
6246
6282
6297
6313
6326
6329
6342
6351
6364
6389
6417
6434
6488
6509
6522
6545
6564
6569
6592
6603
6645
6685
6698
6712
6761
6774
6776
6795
6904
6961
6984
6985
6990
7090
7122
7123
7130
7141
7166
7171
7173
7180
7181
7214
7225
7234
7250
7256
7265
7275
7287
7291
7319
7364
7415
7420
7471
7477
7496
7542
7567
7574
7580
7591
7599
7612
7629
7635
7702
7704
7746
7748
7753
7778
7797
7800
7845
7847
7857
7860
7870
7895
7904
7956
7964
7969
8003
8014
8019
8023
8058
8059
8063
8070
8073
8096
8120
8123
8152
8166
8197
8204
8207
8210
8216
8225
8240
8279
8308
8328
8340
8353
8364
8373
8382
8383
8417
8456
8463
8483
8508
8529
8532
8537
8577
8589
8610
8621
8643
8666
8674
8692
8699
8732
8740
8748
8750
8764
8775
8778
8807
8811
8821
8822
8857
8868
8894
8898
8906
8933
8940
8943
8945
8950
8951
8962
8977
8987
8991
9001
9019
9021
9033
9085
9121
9124
9135
9139
9151
9152
9156
9158
9164
9179
9192
9206
9218
9227
9228
9233
9235
9237
9262
9300
9312
9324
9331
9342
9406
9413
9459
9462
9484
9539
9573
9576
9593
9610
9630
9658
9686
9699
9704
9736
9739
9824
9838
9845
9847
9852
9857
9868
9877
9908
9917
9945
9953
9978
9979
9984
9989
-1
