12
32
49
52
56
77
103
108
122
138
141
160
216
225
291
337
340
406
407
439
482
519
560
565
589
623
635
643
660
664
682
710
712
766
779
780
788
801
803
808
826
831
853
859
871
880
881
913
920
937
954
981
985
994
995
1015
1042
1070
1085
1099
1105
1137
1146
1151
1175
1187
1194
1199
1204
1207
1229
1265
1267
1268
1270
1280
1283
1332
1345
1350
1360
1376
1414
1416
1429
1446
1461
1472
1476
1492
1527
1539
1545
1564
1577
1603
1605
1619
1620
1626
1665
1667
1674
1704
1709
1731
1749
1773
1775
1782
1813
1818
1823
1853
1882
1891
1906
1940
1968
1998
2001
2005
2020
2022
2026
2030
2034
2038
2046
2063
2071
2074
2108
2113
2167
2180
2195
2200
2232
2233
2284
2341
2355
2360
2367
2397
2413
2433
2447
2460
2477
2502
2520
2533
2592
2596
2608
2659
2666
2719
2763
2768
2780
2813
2835
2868
2876
2914
2916
2928
2944
2948
2949
2961
2975
2985
2996
3006
3008
3010
3034
3036
3105
3111
3118
3129
3153
3159
3163
3164
3204
3230
3233
3261
3277
3305
3320
3326
3327
3331
3354
3404
3408
3420
3450
3461
3466
3483
3486
3517
3527
3531
3534
3583
3589
3621
3633
3636
3656
3674
3696
3698
3765
3766
3773
3774
3780
3808
3861
3899
3907
3995
4033
4036
4063
4132
4144
4155
4166
4176
4183
4191
4194
4207
4228
4239
4241
4266
4284
4299
4323
4343
4350
4378
4411
4441
4470
4474
4486
4495
4500
4502
4504
4520
4525
4531
4553
4560
4564
4592
4611
4624
4652
4681
4688
4692
4705
4706
4721
4723
4749
4750
4778
4799
4800
4811
4818
4821
4922
4925
4935
4937
4993
5012
5015
5035
5063
5085
5088
5100
5110
5111
5148
5154
5184
5199
5222
5223
5232
5234
5259
5264
5276
5295
5315
5318
5329
5337
5341
5372
5380
5392
5411
5418
5460
5486
5497
5499
5530
5533
5566
5596
5616
5623
5658
5669
5672
5675
5716
5763
5781
5789
5791
5837
5854
5857
5862
5875
5886
5895
5897
5945
5962
5982
5994
6020
6027
6045
6073
6087
6090
6100
6103
6105
6109
6122
6142
6146
6155
6192
6216
6239
6244
6258
6259
6264
6277
6289
6315
6317
6345
6347
6401
6413
6442
6503
6550
6562
6570
6579
6582
6594
6599
6610
6617
6649
6661
6701
6724
6734
6738
6765
6811
6827
6838
6841
6901
6923
6929
6935
6938
6955
6972
6983
6992
6999
7001
7018
7019
7023
7040
7041
7043
7072
7109
7115
7133
7184
7195
7247
7251
7263
7294
7308
7312
7313
7342
7355
7360
7386
7472
7487
7516
7518
7547
7549
7558
7569
7580
7602
7611
7626
7627
7634
7648
7668
7675
7681
7706
7715
7732
7743
7759
7776
7785
7786
7799
7850
7884
7899
7919
7921
7967
7987
8061
8065
8077
8088
8096
8110
8118
8120
8129
8178
8197
8215
8218
8224
8249
8264
8286
8317
8321
8355
8360
8369
8377
8385
8386
8409
8418
8448
8461
8462
8464
8480
8503
8504
8512
8514
8515
8524
8566
8572
8583
8591
8611
8629
8631
8639
8651
8665
8676
8700
8703
8713
8745
8766
8776
8799
8803
8806
8815
8819
8843
8851
8864
8875
8878
8901
8921
8955
8965
8981
8994
8995
8998
9002
9026
9034
9041
9049
9103
9105
9114
9128
9133
9136
9157
9159
9189
9193
9195
9228
9254
9266
9267
9272
9303
9329
9355
9397
9405
9430
9475
9478
9483
9512
9525
9533
9540
9551
9557
9583
9593
9612
9615
9641
9683
9691
9695
9731
9752
9758
9795
9818
9861
9887
9890
9975
-1
