2
8
9
19
32
34
40
43
59
65
69
82
93
108
183
193
222
240
241
244
249
258
273
296
305
316
323
346
369
370
376
379
500
518
529
531
546
563
591
594
622
623
658
683
698
701
706
709
717
719
724
726
760
768
799
810
820
833
906
915
917
929
933
944
949
963
977
1020
1036
1043
1062
1081
1097
1099
1125
1129
1132
1161
1182
1202
1204
1210
1226
1227
1251
1254
1255
1271
1292
1295
1337
1344
1353
1370
1381
1386
1387
1389
1417
1419
1485
1510
1512
1533
1552
1557
1590
1652
1674
1678
1704
1759
1774
1777
1789
1811
1813
1830
1837
1847
1862
1866
1877
1882
1886
1895
1913
1917
1928
1936
1950
2002
2011
2015
2041
2064
2075
2080
2114
2124
2127
2133
2140
2200
2208
2211
2235
2244
2257
2289
2323
2329
2341
2353
2357
2372
2384
2412
2415
2423
2444
2448
2454
2465
2474
2514
2516
2520
2523
2547
2556
2570
2612
2647
2651
2663
2667
2670
2691
2697
2698
2761
2778
2780
2790
2793
2804
2844
2855
2869
2870
2899
2935
2952
2974
3049
3053
3056
3076
3106
3112
3145
3159
3162
3166
3195
3211
3215
3232
3267
3271
3289
3313
3317
3335
3342
3403
3434
3485
3487
3493
3532
3537
3553
3610
3619
3643
3647
3670
3693
3695
3699
3700
3735
3747
3767
3797
3808
3810
3824
3828
3833
3866
3874
3878
3889
3895
3919
3923
3926
3946
3957
3972
3976
3994
3999
4012
4017
4022
4095
4122
4123
4165
4174
4195
4251
4269
4325
4344
4347
4370
4388
4430
4440
4445
4450
4454
4456
4466
4495
4498
4504
4534
4551
4594
4605
4608
4629
4637
4649
4697
4704
4710
4726
4792
4812
4835
4846
4874
4876
4889
4893
4899
4903
4909
4913
4927
4982
4996
5004
5007
5019
5037
5077
5084
5098
5104
5122
5123
5124
5132
5141
5156
5159
5166
5168
5197
5204
5208
5241
5243
5251
5266
5304
5317
5332
5337
5346
5351
5365
5367
5368
5396
5398
5419
5437
5445
5463
5470
5485
5496
5501
5502
5536
5546
5559
5560
5563
5589
5592
5608
5614
5615
5616
5640
5678
5690
5706
5727
5738
5743
5750
5766
5829
5844
5904
5923
5931
5940
5941
5947
5951
5975
6024
6067
6095
6120
6133
6167
6170
6179
6245
6282
6322
6362
6367
6368
6372
6399
6437
6440
6458
6461
6487
6494
6500
6506
6517
6553
6566
6575
6612
6630
6639
6657
6748
6758
6761
6776
6804
6815
6816
6828
6835
6849
6952
6977
6981
7000
7006
7010
7011
7015
7030
7032
7043
7052
7063
7065
7098
7121
7165
7167
7168
7184
7205
7208
7224
7251
7272
7307
7321
7339
7355
7359
7372
7387
7393
7394
7429
7430
7437
7441
7442
7456
7459
7467
7489
7498
7519
7537
7562
7585
7597
7604
7623
7637
7678
7723
7726
7739
7741
7752
7772
7785
7792
7821
7828
7830
7839
7842
7863
7877
7892
7904
7918
7933
7952
8007
8072
8075
8085
8113
8116
8140
8159
8195
8211
8241
8271
8289
8310
8311
8320
8324
8330
8376
8389
8402
8430
8433
8437
8456
8474
8488
8513
8517
8530
8556
8565
8589
8597
8600
8607
8608
8616
8625
8633
8676
8707
8708
8766
8774
8830
8851
8855
8879
8914
8950
9045
9056
9059
9066
9069
9097
9100
9142
9176
9196
9205
9218
9311
9331
9335
9345
9355
9366
9370
9419
9429
9443
9444
9451
9460
9471
9477
9482
9495
9645
9653
9673
9674
9681
9692
9704
9718
9733
9759
9778
9814
9820
9853
9868
9870
9899
9937
9973
9983
9985
9986
-1
