23
29
61
68
85
115
139
151
158
171
180
194
195
200
216
222
237
265
332
340
342
347
360
377
397
398
407
420
422
441
461
484
485
492
500
505
509
527
528
550
552
557
588
642
651
706
707
711
740
745
789
803
827
832
841
872
893
919
929
946
950
951
958
962
984
1005
1007
1010
1015
1053
1072
1097
1103
1115
1156
1159
1168
1179
1201
1202
1227
1243
1263
1265
1281
1296
1316
1321
1331
1346
1360
1367
1373
1381
1385
1425
1445
1452
1469
1471
1479
1489
1506
1515
1525
1541
1576
1580
1583
1598
1612
1638
1648
1650
1690
1705
1709
1729
1735
1764
1778
1796
1805
1825
1846
1857
1890
1904
1921
1932
1988
1989
2001
2035
2054
2059
2114
2141
2194
2211
2216
2247
2285
2299
2301
2314
2320
2343
2362
2363
2386
2409
2437
2457
2465
2473
2474
2499
2505
2517
2521
2569
2612
2613
2616
2622
2634
2680
2685
2702
2722
2733
2736
2737
2791
2805
2814
2838
2850
2863
2866
2876
2889
2904
2920
2942
2963
2968
2977
3018
3030
3041
3047
3052
3059
3090
3092
3114
3115
3117
3153
3160
3162
3163
3168
3178
3181
3184
3242
3246
3322
3337
3379
3390
3401
3451
3457
3459
3466
3491
3554
3565
3584
3592
3618
3619
3627
3631
3651
3668
3690
3691
3693
3701
3718
3726
3731
3737
3739
3742
3772
3787
3795
3799
3800
3806
3814
3828
3861
3867
3878
3896
3914
3940
3954
4015
4019
4056
4057
4067
4073
4085
4087
4090
4092
4094
4097
4098
4099
4140
4148
4167
4176
4179
4185
4213
4232
4264
4267
4276
4277
4279
4285
4291
4295
4316
4333
4339
4372
4416
4422
4448
4450
4451
4476
4502
4504
4505
4511
4517
4523
4554
4609
4616
4638
4675
4686
4690
4691
4712
4714
4723
4724
4731
4752
4769
4772
4786
4807
4817
4831
4841
4845
4888
4896
4902
4915
4967
4998
5004
5013
5021
5023
5026
5033
5035
5084
5127
5137
5138
5190
5193
5228
5232
5236
5277
5363
5367
5392
5401
5419
5437
5451
5470
5471
5518
5534
5580
5585
5621
5638
5645
5662
5675
5686
5693
5724
5734
5759
5808
5815
5847
5855
5872
5874
5888
5895
5957
5975
5981
6037
6087
6091
6151
6158
6172
6190
6193
6213
6214
6216
6240
6241
6243
6250
6257
6263
6284
6313
6327
6336
6339
6349
6364
6367
6372
6411
6418
6425
6444
6470
6564
6566
6573
6591
6617
6619
6624
6641
6662
6668
6679
6680
6693
6712
6716
6745
6757
6760
6766
6808
6812
6816
6853
6888
6900
6903
6910
6919
6947
6975
7005
7017
7053
7054
7062
7104
7125
7137
7140
7155
7165
7174
7235
7259
7263
7264
7281
7317
7327
7334
7337
7355
7376
7379
7383
7387
7407
7408
7411
7439
7441
7469
7476
7481
7507
7509
7517
7530
7556
7565
7591
7620
7650
7671
7674
7675
7686
7759
7760
7772
7778
7785
7850
7868
7897
7916
7924
7988
8004
8014
8024
8040
8045
8065
8070
8101
8135
8140
8142
8156
8166
8185
8201
8208
8240
8247
8332
8341
8366
8394
8417
8440
8504
8512
8515
8543
8549
8567
8639
8652
8656
8658
8677
8681
8685
8692
8712
8760
8765
8768
8791
8833
8865
8868
8893
8902
8929
8931
8933
8944
8988
9109
9117
9142
9145
9168
9172
9174
9183
9219
9244
9259
9283
9321
9327
9336
9350
9354
9398
9402
9455
9477
9513
9529
9531
9532
9561
9587
9606
9668
9680
9715
9722
9753
9782
9784
9820
9821
9838
9848
9850
9856
9874
9931
9938
9942
9954
9963
9968
-1
