10
21
37
49
82
100
102
176
178
179
183
195
223
232
237
244
261
268
274
276
277
310
340
364
369
371
387
428
480
491
500
537
540
594
670
678
701
723
727
730
731
736
737
738
742
743
747
786
790
808
819
834
841
846
854
857
880
926
936
943
944
952
967
972
987
1023
1024
1034
1035
1064
1093
1110
1171
1255
1258
1265
1278
1319
1321
1334
1338
1392
1432
1465
1477
1479
1481
1482
1509
1538
1564
1570
1591
1594
1598
1619
1676
1685
1693
1699
1718
1720
1759
1783
1803
1810
1822
1876
1916
1932
1952
1975
1982
1983
1994
2013
2017
2044
2048
2105
2107
2121
2127
2129
2142
2147
2152
2176
2190
2195
2219
2227
2228
2275
2279
2280
2297
2311
2320
2335
2363
2391
2407
2436
2437
2442
2445
2452
2515
2556
2584
2594
2597
2612
2659
2663
2666
2667
2673
2675
2677
2687
2740
2753
2763
2777
2795
2800
2807
2834
2854
2863
2867
2900
2929
2969
2975
2997
3042
3049
3051
3053
3081
3152
3154
3159
3172
3174
3189
3204
3216
3251
3279
3303
3318
3333
3344
3348
3350
3376
3378
3392
3396
3429
3431
3436
3439
3441
3471
3476
3485
3530
3549
3565
3572
3605
3686
3707
3721
3764
3779
3808
3829
3843
3845
3883
3890
3898
3912
3922
3928
3943
3944
3957
3969
3971
3980
3982
3984
3988
3999
4001
4017
4046
4057
4090
4097
4098
4104
4112
4124
4184
4189
4190
4207
4232
4237
4284
4287
4312
4405
4497
4512
4521
4562
4563
4588
4614
4617
4632
4658
4686
4721
4723
4733
4744
4761
4783
4793
4803
4804
4831
4873
4876
4881
4903
4921
4941
4956
4960
4970
4971
4982
4985
5001
5004
5030
5047
5093
5096
5113
5117
5142
5165
5201
5231
5242
5270
5275
5296
5307
5322
5323
5354
5438
5457
5472
5476
5477
5490
5512
5513
5532
5552
5555
5563
5567
5569
5577
5599
5642
5648
5663
5666
5673
5674
5675
5681
5682
5683
5691
5713
5715
5747
5757
5770
5803
5838
5841
5847
5865
5874
5932
5946
5958
5961
5971
5983
5986
5998
6002
6031
6035
6047
6050
6071
6084
6099
6111
6154
6165
6208
6220
6242
6249
6273
6326
6367
6384
6391
6416
6425
6454
6506
6521
6522
6568
6571
6574
6594
6608
6637
6648
6651
6652
6664
6720
6737
6791
6834
6842
6875
6909
6913
6921
6928
6933
6981
6983
6991
7039
7044
7072
7086
7128
7131
7134
7144
7148
7162
7174
7181
7194
7203
7229
7236
7244
7262
7271
7272
7279
7295
7316
7332
7351
7399
7415
7434
7447
7456
7473
7484
7493
7497
7519
7573
7576
7585
7589
7598
7647
7652
7656
7671
7675
7686
7687
7749
7750
7756
7764
7778
7779
7781
7806
7813
7851
7879
7881
7901
7925
7940
7951
7953
7966
7994
8011
8013
8021
8029
8037
8039
8041
8061
8073
8081
8092
8104
8128
8131
8133
8179
8181
8190
8196
8225
8255
8308
8331
8340
8349
8398
8399
8409
8420
8458
8474
8487
8493
8519
8522
8523
8564
8611
8617
8634
8645
8700
8716
8721
8722
8760
8785
8798
8804
8826
8841
8889
8900
8908
8910
8951
8979
9020
9028
9036
9100
9128
9132
9141
9157
9192
9198
9259
9275
9281
9284
9288
9291
9295
9303
9306
9321
9333
9363
9383
9395
9398
9413
9418
9419
9440
9462
9478
9481
9489
9500
9503
9513
9521
9535
9563
9564
9586
9615
9619
9638
9652
9659
9673
9674
9683
9718
9729
9740
9747
9757
9812
9818
9825
9826
9842
9846
9909
9937
9944
9956
9973
9981
9990
-1
