24
58
76
80
121
139
140
182
187
188
190
194
217
242
254
256
272
281
305
331
354
388
425
437
448
465
507
513
520
540
554
571
583
593
604
606
620
626
628
635
649
660
664
692
695
711
738
743
756
776
779
784
798
800
827
838
855
863
868
888
891
898
905
948
949
962
1003
1034
1052
1053
1055
1059
1084
1098
1131
1141
1143
1144
1149
1167
1182
1201
1251
1271
1272
1274
1289
1298
1334
1406
1408
1448
1459
1478
1499
1501
1522
1541
1572
1575
1585
1616
1624
1646
1658
1666
1674
1688
1741
1743
1773
1791
1799
1851
1865
1880
1889
1897
1899
1910
1923
1938
1959
1975
1981
2013
2016
2072
2088
2130
2142
2175
2176
2187
2209
2226
2229
2242
2251
2280
2308
2316
2333
2374
2377
2399
2480
2518
2521
2555
2570
2591
2604
2605
2631
2634
2649
2653
2724
2741
2746
2749
2804
2817
2830
2841
2848
2849
2891
2892
2907
2934
3026
3053
3066
3069
3075
3079
3150
3162
3173
3177
3187
3188
3199
3222
3244
3245
3268
3275
3289
3304
3345
3346
3350
3372
3381
3383
3391
3450
3490
3495
3553
3557
3576
3607
3608
3633
3634
3651
3653
3674
3734
3798
3805
3826
3834
3845
3849
3902
3912
3917
3935
3958
3962
3975
3978
4003
4005
4053
4055
4078
4118
4161
4172
4227
4239
4245
4254
4258
4288
4298
4303
4312
4313
4321
4326
4338
4398
4407
4425
4429
4471
4493
4496
4502
4506
4515
4525
4528
4536
4546
4551
4569
4577
4579
4592
4630
4707
4748
4757
4763
4765
4767
4788
4798
4812
4865
4890
4938
4942
5028
5047
5055
5069
5099
5105
5142
5159
5168
5175
5178
5189
5201
5204
5218
5222
5225
5234
5236
5246
5336
5340
5345
5352
5373
5430
5438
5463
5467
5476
5497
5502
5526
5527
5548
5551
5590
5594
5598
5619
5626
5629
5635
5680
5716
5732
5740
5741
5779
5791
5845
5854
5864
5871
5884
5907
5927
5946
5951
5968
5997
6003
6004
6015
6054
6055
6056
6071
6081
6115
6123
6128
6150
6174
6193
6206
6217
6226
6231
6236
6237
6243
6259
6280
6293
6317
6329
6339
6368
6397
6402
6414
6428
6432
6483
6513
6523
6530
6539
6549
6555
6568
6654
6657
6682
6690
6700
6730
6735
6743
6759
6767
6768
6788
6791
6800
6811
6824
6838
6839
6854
6861
6867
6876
6898
6905
6917
6940
6961
7009
7014
7020
7039
7066
7085
7120
7164
7167
7204
7218
7241
7250
7261
7294
7304
7327
7342
7346
7357
7376
7384
7394
7412
7414
7447
7460
7469
7472
7474
7488
7492
7548
7579
7582
7598
7632
7650
7677
7678
7686
7696
7736
7745
7760
7769
7783
7799
7803
7831
7878
7896
7899
7918
7922
7941
7955
7959
7972
7974
8000
8004
8101
8123
8172
8177
8188
8190
8226
8246
8271
8294
8311
8331
8341
8369
8398
8402
8411
8417
8425
8429
8463
8472
8495
8496
8504
8506
8537
8579
8604
8613
8633
8640
8657
8663
8671
8673
8680
8734
8740
8745
8757
8766
8785
8797
8811
8819
8836
8839
8840
8844
8870
8871
8874
8888
8903
8918
8957
8991
9008
9011
9018
9025
9030
9041
9055
9057
9058
9092
9099
9105
9122
9153
9158
9160
9162
9163
9168
9171
9172
9174
9183
9202
9208
9232
9234
9235
9256
9267
9316
9356
9368
9377
9394
9418
9429
9433
9455
9493
9494
9534
9592
9602
9605
9611
9627
9648
9712
9726
9755
9773
9807
9832
9841
9850
9851
9857
9860
9878
9892
9921
9927
9936
9951
9963
9967
9969
9972
9982
-1
