0
27
39
44
63
81
148
166
180
237
249
250
252
272
283
289
291
313
326
362
365
374
393
415
416
437
464
500
507
516
517
525
535
541
547
560
565
589
613
614
634
639
658
659
662
664
681
721
740
741
749
753
775
800
805
823
826
831
856
868
886
937
960
969
997
1004
1005
1025
1095
1098
1161
1166
1176
1185
1205
1206
1209
1253
1265
1275
1279
1311
1315
1319
1373
1374
1376
1394
1444
1445
1478
1483
1492
1507
1522
1567
1589
1609
1623
1631
1636
1649
1668
1669
1675
1677
1684
1758
1771
1789
1822
1834
1847
1849
1853
1862
1896
1919
1956
1966
1973
1976
2011
2034
2044
2050
2052
2053
2061
2068
2075
2106
2116
2117
2118
2144
2164
2187
2188
2226
2260
2278
2287
2288
2299
2311
2314
2337
2338
2348
2366
2405
2447
2468
2489
2530
2543
2565
2587
2594
2604
2607
2636
2655
2691
2700
2706
2733
2790
2806
2827
2859
2860
2862
2866
2872
2928
2934
2957
2977
3026
3029
3031
3064
3075
3121
3125
3144
3178
3277
3290
3295
3392
3422
3431
3432
3436
3456
3476
3496
3517
3587
3618
3627
3628
3634
3649
3654
3655
3656
3689
3701
3717
3718
3737
3822
3826
3828
3851
3902
3916
3919
3930
3938
3942
3949
3993
3997
4007
4012
4014
4015
4035
4041
4047
4072
4079
4094
4106
4113
4120
4122
4125
4168
4215
4233
4241
4250
4265
4269
4311
4315
4350
4360
4374
4376
4416
4422
4426
4442
4450
4476
4503
4532
4533
4537
4558
4560
4572
4573
4577
4584
4636
4644
4661
4664
4672
4674
4689
4692
4719
4749
4756
4798
4803
4816
4817
4821
4822
4853
4879
4897
4921
4933
4989
4995
5009
5018
5024
5045
5081
5101
5127
5166
5176
5192
5193
5241
5255
5266
5270
5323
5328
5331
5341
5353
5362
5375
5396
5403
5424
5450
5467
5475
5548
5562
5580
5588
5628
5629
5657
5678
5719
5734
5749
5754
5814
5820
5914
5923
5932
5954
5961
5974
5990
6000
6023
6031
6086
6087
6095
6137
6158
6168
6206
6210
6222
6248
6250
6287
6327
6355
6369
6401
6411
6449
6458
6459
6482
6488
6494
6506
6507
6524
6554
6571
6582
6590
6594
6596
6609
6638
6642
6645
6648
6668
6681
6700
6735
6739
6745
6752
6753
6760
6771
6772
6810
6819
6833
6837
6855
6868
6882
6887
6889
6891
6905
6927
6930
6934
6950
7016
7026
7029
7055
7056
7082
7092
7106
7184
7196
7207
7220
7225
7262
7271
7299
7304
7359
7360
7364
7365
7375
7404
7408
7435
7452
7454
7481
7515
7520
7521
7574
7586
7589
7604
7607
7622
7638
7711
7721
7726
7729
7738
7765
7783
7790
7813
7822
7849
7862
7916
7932
7938
7943
7948
7991
7996
8012
8023
8025
8076
8091
8106
8134
8138
8148
8149
8152
8153
8160
8165
8191
8213
8228
8234
8235
8268
8270
8271
8279
8286
8306
8315
8319
8333
8338
8341
8373
8416
8421
8447
8471
8492
8521
8551
8563
8574
8593
8597
8633
8658
8671
8676
8693
8697
8700
8744
8749
8797
8832
8838
8839
8841
8846
8859
8923
8924
8934
8946
8950
8951
8956
8960
8983
8995
9003
9021
9034
9051
9079
9084
9088
9091
9093
9101
9132
9151
9194
9196
9215
9223
9229
9246
9252
9265
9278
9281
9294
9334
9354
9359
9368
9374
9385
9392
9400
9425
9440
9466
9467
9490
9492
9504
9517
9523
9597
9628
9638
9683
9698
9729
9794
9807
9810
9816
9826
9847
9865
9868
9869
9884
9909
9910
9944
9954
9960
9966
9983
9987
-1
