22
39
45
57
67
124
128
135
138
164
202
204
216
218
222
262
282
302
306
310
346
357
390
405
435
463
480
494
518
522
565
584
589
595
619
621
633
648
660
679
682
711
753
771
792
819
826
851
866
877
883
901
905
917
929
933
951
952
958
962
970
978
983
985
994
1016
1036
1054
1068
1102
1123
1130
1134
1142
1173
1183
1191
1200
1232
1272
1284
1290
1291
1295
1303
1312
1327
1365
1375
1412
1466
1486
1493
1533
1543
1556
1568
1570
1579
1594
1612
1618
1676
1745
1759
1812
1848
1871
1889
1898
1905
1927
1962
1981
1983
2008
2010
2042
2053
2060
2073
2084
2087
2093
2159
2178
2189
2193
2242
2276
2288
2292
2304
2342
2349
2355
2386
2392
2407
2409
2431
2445
2466
2473
2478
2497
2518
2534
2546
2548
2555
2561
2580
2590
2601
2644
2645
2665
2666
2675
2685
2700
2772
2795
2811
2831
2835
2858
2890
2893
2902
2905
2909
2919
2924
2925
2939
2988
3012
3026
3032
3036
3085
3122
3141
3164
3167
3233
3276
3290
3291
3307
3335
3339
3345
3356
3368
3377
3389
3390
3395
3424
3427
3432
3444
3474
3491
3504
3532
3534
3541
3543
3554
3595
3601
3606
3613
3687
3723
3734
3740
3744
3748
3754
3757
3767
3773
3777
3781
3782
3787
3810
3822
3836
3861
3862
3863
3921
3924
3927
3939
3946
3955
3958
3961
3981
4009
4020
4027
4051
4073
4120
4172
4179
4195
4241
4251
4253
4268
4274
4286
4299
4318
4352
4406
4409
4444
4451
4456
4465
4504
4513
4516
4519
4523
4583
4591
4609
4630
4637
4641
4648
4673
4716
4726
4728
4741
4749
4773
4795
4823
4869
4888
4903
4936
4942
4975
5025
5027
5044
5062
5063
5073
5075
5093
5118
5130
5158
5159
5162
5168
5178
5185
5204
5205
5236
5240
5244
5245
5278
5287
5291
5297
5316
5374
5387
5390
5397
5433
5477
5503
5529
5561
5562
5570
5588
5594
5604
5609
5636
5637
5664
5687
5727
5768
5774
5776
5816
5866
5880
5898
5908
5922
5929
5938
5941
5942
5950
5970
5981
5982
6032
6034
6039
6075
6090
6112
6149
6151
6174
6175
6194
6199
6214
6250
6258
6268
6308
6337
6341
6369
6370
6380
6399
6418
6437
6439
6441
6464
6469
6504
6511
6528
6565
6571
6600
6623
6626
6627
6635
6647
6655
6670
6675
6694
6708
6715
6742
6761
6777
6784
6792
6796
6848
6890
6900
6903
6904
6953
6959
6976
6984
7060
7067
7077
7081
7085
7104
7105
7118
7122
7143
7153
7158
7163
7177
7224
7226
7230
7231
7248
7249
7275
7308
7339
7360
7361
7373
7377
7392
7437
7452
7475
7496
7510
7521
7527
7528
7595
7599
7600
7606
7649
7666
7674
7697
7708
7711
7715
7726
7727
7745
7770
7778
7802
7831
7835
7840
7850
7885
7909
7911
7954
7965
7974
7975
7981
7993
7994
8009
8028
8032
8048
8080
8100
8101
8105
8109
8114
8145
8176
8197
8210
8217
8266
8277
8296
8310
8320
8346
8359
8363
8377
8390
8398
8400
8417
8439
8449
8461
8467
8493
8543
8547
8563
8589
8591
8684
8688
8700
8715
8730
8828
8836
8863
8868
8878
8881
8896
8902
8907
8940
8952
8974
8978
8995
9007
9034
9072
9096
9097
9115
9204
9206
9224
9226
9228
9229
9249
9268
9274
9285
9354
9373
9374
9401
9421
9449
9460
9492
9494
9505
9553
9565
9588
9591
9601
9604
9612
9627
9628
9666
9679
9690
9699
9713
9715
9721
9737
9768
9775
9823
9826
9862
9889
9922
9925
9966
9980
9999
-1
