1
14
29
36
44
56
66
95
107
118
147
151
155
165
183
192
228
241
243
256
283
284
308
324
351
358
359
401
405
418
425
448
486
490
508
516
527
530
533
545
582
588
655
674
699
706
711
715
724
746
755
789
874
887
912
919
920
933
934
945
953
968
980
1016
1025
1033
1048
1076
1090
1121
1135
1150
1154
1235
1262
1279
1288
1306
1324
1328
1347
1367
1417
1431
1437
1452
1453
1458
1467
1493
1501
1508
1520
1589
1592
1614
1651
1681
1683
1685
1690
1697
1746
1778
1790
1818
1836
1858
1859
1869
1895
1907
1921
1944
1950
1959
1979
1985
1989
2012
2017
2031
2035
2036
2038
2049
2050
2054
2058
2076
2093
2099
2107
2108
2109
2117
2120
2150
2170
2197
2203
2232
2252
2275
2276
2338
2354
2364
2377
2392
2393
2407
2425
2428
2429
2431
2461
2485
2498
2520
2526
2552
2573
2607
2612
2624
2632
2651
2653
2696
2697
2715
2719
2725
2767
2780
2815
2828
2841
2850
2881
2901
2908
2915
2924
2934
2948
2969
2974
2984
2987
3032
3064
3084
3112
3113
3145
3159
3165
3193
3209
3216
3222
3242
3251
3253
3266
3267
3320
3324
3330
3380
3383
3433
3463
3501
3510
3522
3525
3558
3562
3566
3572
3597
3614
3618
3666
3680
3698
3718
3721
3722
3742
3757
3764
3769
3775
3782
3788
3820
3841
3851
3896
3915
3971
3980
4005
4011
4038
4086
4089
4117
4123
4149
4183
4213
4267
4268
4280
4281
4284
4327
4332
4333
4339
4370
4388
4394
4425
4438
4475
4491
4493
4503
4552
4566
4568
4582
4592
4600
4601
4615
4627
4638
4685
4686
4714
4744
4747
4769
4787
4792
4796
4819
4826
4843
4863
4866
4869
4876
4887
4889
4911
4930
4946
5007
5023
5034
5133
5145
5204
5205
5209
5222
5241
5245
5263
5264
5274
5299
5318
5330
5346
5352
5359
5360
5367
5415
5416
5428
5431
5448
5469
5473
5483
5494
5508
5509
5521
5524
5546
5573
5580
5613
5644
5657
5658
5662
5672
5704
5733
5741
5790
5807
5827
5840
5844
5854
5880
5912
5926
5938
5956
5981
6009
6012
6021
6028
6044
6099
6106
6131
6159
6163
6192
6249
6282
6283
6322
6379
6398
6402
6420
6430
6442
6450
6468
6507
6515
6525
6547
6557
6559
6587
6605
6622
6624
6659
6662
6666
6675
6724
6725
6728
6732
6764
6777
6784
6786
6805
6807
6826
6839
6861
6899
6933
6982
6984
6988
6992
7013
7062
7066
7072
7073
7082
7084
7087
7144
7148
7150
7172
7186
7197
7205
7228
7233
7254
7266
7310
7319
7330
7336
7350
7392
7406
7412
7427
7447
7462
7506
7533
7537
7590
7613
7616
7639
7653
7671
7727
7730
7738
7744
7749
7766
7771
7773
7776
7787
7800
7807
7835
7852
7858
7887
7893
7911
7918
7930
7933
7940
7962
7972
7977
7985
7994
8018
8030
8065
8096
8098
8112
8127
8158
8188
8208
8213
8239
8254
8339
8343
8364
8372
8379
8386
8408
8425
8444
8446
8471
8475
8481
8531
8533
8549
8600
8635
8646
8648
8650
8653
8705
8708
8735
8738
8746
8750
8769
8788
8799
8855
8876
8884
8902
8904
8913
8914
8919
8964
8965
8987
8996
9033
9052
9064
9066
9078
9087
9097
9102
9136
9155
9161
9229
9245
9248
9262
9276
9375
9392
9397
9405
9414
9423
9443
9449
9450
9473
9474
9484
9486
9495
9499
9546
9562
9569
9590
9598
9611
9653
9674
9678
9684
9688
9694
9797
9799
9824
9827
9828
9829
9900
9912
9918
9922
9926
9932
9952
9979
9995
-1
