3
33
51
68
88
114
121
137
162
175
176
201
217
225
240
259
300
301
315
355
364
376
379
399
400
420
437
464
471
488
564
573
610
638
642
654
655
657
663
683
703
743
770
812
816
823
829
833
847
873
923
957
999
1005
1019
1022
1031
1073
1082
1128
1145
1169
1178
1179
1194
1208
1245
1252
1261
1276
1281
1292
1343
1344
1392
1396
1420
1430
1454
1476
1509
1533
1540
1543
1552
1562
1607
1611
1630
1654
1656
1747
1771
1774
1788
1792
1793
1796
1799
1824
1840
1845
1863
1885
1893
1909
1911
1921
1962
1968
1983
1993
2019
2032
2034
2038
2047
2063
2084
2090
2099
2105
2171
2176
2183
2184
2219
2242
2265
2318
2369
2374
2377
2380
2388
2392
2402
2412
2435
2436
2452
2464
2477
2530
2543
2546
2572
2592
2614
2623
2630
2657
2660
2686
2709
2725
2764
2790
2809
2835
2847
2928
2933
2935
2946
3002
3005
3006
3014
3015
3072
3105
3116
3126
3135
3160
3182
3191
3205
3218
3225
3247
3253
3275
3277
3286
3306
3320
3326
3334
3335
3356
3360
3380
3401
3412
3423
3443
3449
3457
3485
3492
3514
3525
3554
3555
3595
3603
3619
3620
3688
3704
3710
3727
3736
3748
3758
3774
3778
3782
3794
3816
3838
3843
3852
3876
3960
3983
4013
4025
4045
4071
4117
4123
4147
4158
4181
4192
4213
4218
4224
4235
4263
4361
4372
4394
4397
4401
4406
4413
4423
4427
4496
4499
4509
4523
4574
4575
4583
4587
4598
4600
4603
4625
4672
4680
4691
4703
4714
4750
4780
4785
4786
4802
4805
4807
4828
4834
4857
4862
4866
4894
4922
4933
4936
4937
4942
4953
4982
5001
5012
5014
5025
5035
5036
5047
5048
5054
5066
5067
5070
5073
5084
5086
5132
5150
5182
5189
5201
5251
5263
5289
5331
5341
5377
5383
5394
5401
5406
5418
5434
5436
5462
5477
5508
5529
5551
5553
5559
5585
5592
5607
5625
5627
5630
5641
5659
5676
5677
5689
5696
5731
5754
5779
5782
5799
5811
5826
5836
5844
5849
5857
5859
5860
5919
5923
5936
5939
5943
5959
5979
5980
5985
5993
5996
6012
6021
6039
6056
6061
6074
6086
6109
6121
6134
6141
6146
6151
6208
6252
6271
6280
6305
6326
6340
6344
6354
6356
6431
6437
6446
6461
6470
6480
6483
6536
6538
6576
6630
6666
6677
6684
6714
6719
6729
6778
6787
6834
6886
6895
6908
6914
6955
6963
6965
6976
7009
7050
7055
7060
7103
7109
7115
7184
7194
7196
7211
7236
7292
7295
7330
7338
7376
7389
7421
7425
7429
7441
7443
7462
7489
7493
7497
7498
7499
7509
7552
7560
7570
7574
7576
7579
7580
7586
7594
7642
7660
7667
7734
7736
7751
7757
7759
7778
7797
7822
7835
7864
7869
7911
7915
7936
7960
7968
7977
7981
7996
8003
8004
8021
8024
8046
8064
8089
8093
8095
8122
8128
8177
8202
8250
8254
8265
8315
8346
8365
8422
8442
8444
8447
8452
8462
8464
8476
8519
8530
8541
8553
8554
8566
8570
8571
8606
8621
8648
8669
8699
8710
8754
8789
8791
8797
8799
8801
8821
8835
8845
8850
8860
8893
8902
8969
8989
9021
9027
9029
9045
9063
9101
9111
9145
9152
9180
9186
9195
9253
9270
9274
9281
9316
9325
9326
9343
9347
9356
9369
9377
9381
9400
9423
9430
9439
9441
9442
9472
9476
9483
9507
9514
9567
9575
9622
9633
9645
9646
9653
9654
9666
9685
9716
9722
9723
9741
9744
9772
9797
9805
9810
9828
9835
9850
9852
9856
9869
9871
9885
9907
9924
9931
9989
-1
