16
66
72
77
90
99
102
126
132
189
244
249
258
265
277
305
312
313
327
333
337
358
388
406
424
452
458
475
484
489
515
525
547
553
561
576
589
598
613
614
615
635
636
661
664
667
707
714
715
733
734
775
797
816
822
829
833
854
858
884
885
886
887
888
895
913
944
955
976
992
998
1010
1029
1042
1052
1061
1075
1083
1085
1087
1091
1094
1124
1132
1167
1235
1252
1264
1284
1291
1333
1360
1387
1388
1428
1431
1485
1503
1520
1541
1577
1583
1643
1646
1694
1735
1741
1756
1777
1807
1818
1829
1838
1846
1861
1870
1910
1911
1922
1940
1963
1964
1965
1978
2029
2072
2101
2133
2139
2176
2179
2203
2254
2256
2269
2298
2307
2324
2345
2385
2411
2428
2430
2450
2488
2511
2515
2529
2537
2563
2570
2571
2582
2601
2656
2670
2697
2712
2714
2724
2732
2753
2760
2809
2817
2833
2839
2840
2895
2901
2922
2929
2940
2947
2980
2983
3010
3017
3018
3028
3046
3047
3049
3056
3062
3080
3116
3127
3136
3154
3200
3223
3256
3258
3264
3266
3284
3302
3304
3310
3416
3437
3453
3460
3463
3473
3475
3500
3503
3512
3514
3535
3566
3608
3611
3618
3624
3632
3666
3711
3719
3724
3734
3747
3779
3782
3793
3798
3821
3926
3952
3967
4014
4022
4033
4036
4098
4105
4136
4145
4187
4215
4228
4229
4262
4290
4308
4350
4355
4364
4366
4371
4378
4389
4391
4420
4425
4433
4445
4460
4498
4502
4511
4542
4553
4564
4566
4580
4604
4605
4610
4617
4627
4633
4638
4657
4666
4672
4682
4691
4722
4793
4806
4822
4875
4904
4916
4921
4943
4952
4957
4977
4991
4998
5062
5067
5073
5076
5096
5100
5103
5144
5145
5173
5174
5179
5214
5250
5266
5267
5334
5344
5351
5356
5362
5394
5419
5434
5463
5465
5487
5509
5527
5546
5566
5576
5590
5611
5654
5659
5667
5728
5739
5741
5748
5767
5788
5805
5833
5837
5880
5903
5921
5923
5940
5943
5944
5947
5957
5963
5972
5999
6039
6045
6051
6107
6118
6120
6121
6124
6138
6169
6172
6212
6217
6240
6260
6271
6272
6299
6331
6345
6350
6395
6437
6440
6458
6480
6484
6487
6489
6522
6527
6552
6574
6580
6584
6599
6604
6634
6644
6654
6659
6672
6676
6686
6712
6721
6734
6741
6754
6762
6777
6795
6841
6853
6861
6864
6904
6905
6931
6932
7003
7004
7025
7031
7038
7053
7095
7101
7106
7137
7140
7158
7162
7173
7183
7186
7220
7229
7236
7241
7248
7252
7270
7271
7305
7307
7310
7319
7362
7374
7412
7421
7496
7506
7519
7526
7536
7547
7551
7553
7578
7594
7613
7629
7641
7692
7725
7730
7732
7754
7758
7797
7800
7815
7838
7866
7885
7926
7939
7966
7972
7977
7978
7980
7998
8017
8028
8035
8040
8046
8053
8070
8077
8090
8102
8156
8171
8173
8191
8195
8198
8218
8243
8246
8358
8392
8420
8427
8462
8487
8497
8504
8526
8528
8540
8551
8570
8597
8602
8605
8606
8634
8640
8646
8648
8650
8697
8710
8711
8716
8729
8750
8811
8812
8821
8855
8856
8874
8876
8877
8878
8923
8924
8942
8984
9017
9033
9044
9069
9073
9086
9094
9099
9119
9188
9197
9206
9214
9240
9247
9252
9299
9318
9323
9342
9344
9353
9363
9370
9379
9418
9440
9499
9530
9532
9550
9566
9583
9586
9596
9630
9636
9650
9663
9664
9677
9679
9686
9687
9698
9719
9726
9735
9740
9769
9803
9810
9820
9826
9844
9874
9878
9936
9955
9965
9988
9991
9992
-1
