19
34
39
48
52
59
66
69
95
144
155
175
200
227
232
234
271
297
309
333
351
362
366
372
377
399
427
477
481
494
512
533
564
567
577
584
597
598
616
643
659
676
711
718
723
726
729
736
782
795
802
809
824
826
831
856
861
877
888
907
913
926
962
974
981
985
1047
1073
1083
1087
1139
1146
1147
1163
1171
1181
1232
1262
1276
1282
1296
1334
1365
1393
1410
1417
1428
1435
1444
1445
1490
1497
1516
1518
1519
1529
1617
1618
1656
1670
1673
1724
1839
1868
1889
1892
1896
1897
1900
1917
1938
1944
1971
1972
1986
1997
2005
2038
2083
2092
2096
2098
2102
2107
2132
2258
2268
2271
2274
2293
2378
2388
2415
2423
2428
2430
2457
2460
2495
2516
2531
2536
2548
2559
2588
2633
2654
2656
2691
2700
2721
2742
2751
2759
2766
2785
2787
2805
2808
2817
2818
2835
2849
2852
2881
2890
2911
2915
2928
2958
2998
3007
3012
3017
3019
3054
3064
3119
3127
3152
3157
3190
3214
3265
3277
3290
3303
3312
3318
3334
3340
3357
3360
3387
3396
3407
3467
3516
3531
3535
3580
3601
3639
3674
3684
3696
3697
3700
3709
3773
3788
3793
3807
3823
3828
3834
3843
3844
3874
3882
3892
3900
3904
3905
3909
3956
3984
3998
4004
4005
4009
4055
4070
4071
4072
4075
4086
4097
4098
4123
4172
4179
4196
4222
4235
4242
4243
4266
4295
4300
4341
4346
4367
4385
4391
4450
4467
4471
4482
4492
4508
4530
4559
4560
4568
4583
4604
4617
4636
4640
4646
4664
4665
4693
4720
4728
4765
4785
4806
4836
4850
4869
4873
4885
4893
4900
4901
4925
4928
4938
4966
4984
5008
5015
5027
5036
5058
5066
5073
5091
5100
5113
5130
5156
5162
5175
5194
5210
5212
5214
5216
5220
5240
5276
5288
5309
5321
5325
5350
5354
5362
5363
5370
5407
5419
5429
5452
5490
5509
5525
5544
5545
5557
5564
5573
5592
5599
5608
5650
5679
5699
5700
5709
5710
5712
5732
5749
5751
5791
5802
5832
5837
5857
5889
5893
5906
5911
5945
5950
5957
5979
5982
5996
6003
6037
6051
6053
6062
6092
6120
6130
6132
6138
6174
6187
6201
6211
6232
6250
6255
6278
6288
6301
6307
6346
6352
6374
6405
6410
6434
6453
6454
6464
6487
6488
6496
6506
6512
6518
6542
6543
6559
6564
6583
6620
6626
6635
6639
6643
6687
6705
6709
6712
6768
6820
6821
6838
6841
6864
6871
6883
6885
6908
6915
6939
6940
6952
6957
6969
6984
7014
7055
7085
7096
7133
7147
7170
7172
7176
7182
7193
7237
7238
7246
7302
7316
7317
7321
7326
7339
7352
7391
7396
7453
7479
7480
7485
7498
7500
7511
7542
7565
7576
7578
7603
7611
7624
7631
7636
7665
7725
7727
7728
7739
7741
7743
7751
7764
7770
7784
7827
7859
7903
7908
7942
7949
7955
7973
7992
7993
7995
8022
8029
8061
8081
8114
8118
8136
8156
8165
8179
8183
8193
8214
8256
8295
8310
8337
8368
8373
8412
8415
8422
8426
8438
8506
8532
8534
8545
8562
8585
8610
8617
8653
8679
8683
8690
8700
8711
8714
8742
8760
8765
8784
8833
8834
8852
8867
8868
8874
8883
8889
8896
8955
8964
8968
8984
8994
9001
9015
9067
9081
9099
9103
9106
9115
9134
9150
9265
9281
9289
9305
9319
9334
9341
9400
9401
9410
9428
9431
9434
9463
9496
9503
9523
9533
9562
9593
9601
9610
9611
9662
9682
9707
9719
9726
9795
9811
9833
9845
9863
9912
9916
9938
9941
9944
9945
9946
9954
9982
-1
