39
49
97
99
102
103
176
199
202
213
219
224
225
243
244
255
292
298
364
408
415
433
434
446
447
449
460
468
479
490
492
495
503
509
531
567
591
600
627
639
640
683
722
726
732
733
754
766
773
791
811
825
855
877
931
936
938
946
989
1022
1028
1052
1066
1067
1069
1092
1106
1107
1109
1111
1113
1118
1134
1146
1168
1169
1192
1205
1231
1234
1264
1279
1287
1384
1393
1397
1404
1415
1431
1441
1447
1506
1511
1512
1517
1524
1541
1547
1548
1603
1675
1684
1735
1768
1777
1798
1826
1827
1846
1865
1868
1883
1892
1905
1915
1919
2030
2064
2072
2073
2078
2079
2113
2144
2149
2162
2175
2181
2189
2201
2209
2212
2215
2216
2225
2237
2254
2273
2279
2302
2309
2387
2394
2407
2411
2430
2434
2471
2477
2487
2488
2541
2542
2551
2559
2602
2642
2657
2681
2708
2728
2768
2793
2805
2836
2856
2878
2902
2905
2930
2996
3016
3035
3061
3074
3097
3133
3135
3169
3173
3204
3206
3209
3210
3213
3219
3237
3243
3246
3277
3296
3313
3315
3333
3371
3384
3410
3422
3425
3429
3471
3493
3526
3552
3560
3565
3580
3605
3607
3626
3640
3668
3687
3689
3711
3730
3731
3790
3807
3811
3824
3837
3842
3869
3886
3892
3896
3898
3905
3931
3955
3958
4001
4007
4019
4020
4029
4032
4045
4054
4062
4064
4067
4074
4090
4101
4125
4129
4135
4147
4175
4208
4242
4262
4269
4273
4277
4291
4299
4319
4322
4326
4339
4360
4410
4431
4455
4465
4489
4511
4517
4576
4587
4595
4657
4659
4685
4713
4722
4726
4741
4750
4781
4812
4825
4835
4844
4853
4874
4887
4977
4992
5001
5002
5003
5015
5017
5022
5030
5034
5053
5062
5065
5087
5110
5139
5160
5190
5195
5219
5220
5229
5235
5249
5260
5281
5312
5358
5361
5406
5448
5451
5457
5490
5505
5521
5535
5564
5565
5579
5584
5589
5591
5603
5613
5615
5633
5694
5713
5716
5734
5816
5834
5836
5853
5880
5891
5893
5904
5968
5971
6010
6021
6032
6036
6045
6057
6085
6102
6107
6109
6151
6171
6197
6218
6234
6239
6248
6330
6339
6360
6398
6400
6412
6433
6448
6460
6484
6486
6495
6542
6550
6571
6578
6649
6650
6672
6675
6679
6680
6683
6689
6692
6697
6708
6711
6722
6723
6729
6750
6752
6769
6816
6846
6854
6869
6875
6876
6906
6926
6927
6934
6950
6959
6962
7005
7013
7022
7054
7075
7077
7080
7090
7130
7143
7148
7152
7166
7173
7207
7234
7244
7266
7274
7297
7331
7333
7369
7391
7429
7443
7463
7484
7490
7491
7501
7513
7530
7569
7571
7573
7589
7600
7620
7651
7661
7665
7687
7711
7717
7720
7721
7731
7741
7751
7753
7757
7769
7770
7779
7792
7793
7796
7819
7834
7837
7845
7862
7870
7882
7888
7893
7903
7933
7935
7948
7952
7963
7964
7979
8008
8030
8073
8086
8099
8113
8117
8139
8168
8189
8198
8205
8230
8252
8297
8303
8331
8344
8351
8377
8393
8396
8459
8477
8478
8500
8553
8557
8563
8589
8596
8614
8627
8643
8645
8649
8715
8718
8764
8766
8796
8836
8841
8879
8886
8916
8929
8944
8955
8956
8965
8972
8993
9068
9078
9088
9123
9127
9131
9136
9139
9210
9225
9239
9243
9260
9275
9280
9281
9282
9287
9348
9373
9405
9422
9424
9431
9446
9467
9484
9505
9511
9513
9526
9528
9534
9555
9599
9620
9645
9650
9659
9699
9732
9749
9756
9774
9778
9781
9785
9812
9826
9833
9851
9852
9879
9906
9965
9974
9982
-1
