2
7
10
23
36
71
94
96
100
111
149
151
152
184
189
192
218
227
253
281
284
319
372
395
406
429
432
470
496
521
535
541
553
559
617
623
639
652
665
671
672
711
718
728
775
776
801
833
844
852
859
872
887
889
934
937
945
953
989
1010
1034
1036
1047
1079
1094
1169
1173
1186
1191
1249
1265
1295
1303
1334
1359
1363
1367
1372
1393
1410
1424
1438
1451
1482
1484
1486
1496
1499
1504
1529
1549
1557
1562
1590
1601
1633
1647
1659
1664
1686
1694
1705
1713
1715
1725
1774
1786
1809
1811
1813
1833
1836
1842
1845
1889
1929
1957
1958
1974
1986
2025
2037
2046
2051
2057
2075
2083
2100
2105
2129
2135
2150
2182
2188
2197
2205
2209
2217
2231
2281
2303
2348
2357
2361
2369
2371
2399
2400
2415
2416
2431
2456
2470
2477
2484
2487
2517
2564
2572
2648
2662
2682
2700
2704
2710
2731
2740
2797
2800
2816
2829
2833
2846
2902
2948
2962
2971
2974
2977
3030
3033
3043
3052
3064
3084
3085
3099
3104
3107
3116
3117
3137
3138
3150
3173
3240
3263
3277
3315
3335
3337
3347
3365
3392
3394
3472
3488
3494
3495
3509
3516
3521
3528
3605
3619
3624
3644
3678
3690
3691
3706
3737
3742
3743
3778
3834
3840
3841
3880
3881
3904
3954
3973
3980
3984
3996
4004
4006
4016
4027
4038
4076
4098
4108
4149
4169
4171
4172
4173
4184
4215
4225
4245
4251
4256
4281
4283
4286
4300
4303
4324
4330
4345
4365
4375
4404
4416
4436
4447
4451
4459
4462
4488
4497
4517
4606
4614
4650
4652
4653
4671
4753
4758
4760
4767
4773
4820
4849
4861
4868
4871
4875
4892
4894
4916
4923
4951
4972
4980
4983
4999
5000
5003
5029
5030
5046
5051
5052
5075
5085
5118
5122
5136
5137
5170
5203
5204
5224
5246
5256
5261
5264
5289
5302
5308
5329
5343
5398
5406
5447
5455
5461
5470
5484
5488
5508
5518
5571
5587
5597
5598
5609
5628
5636
5642
5652
5656
5732
5737
5779
5800
5809
5831
5843
5867
5876
5880
5915
5919
5931
5946
5970
5987
6004
6006
6013
6039
6050
6061
6062
6063
6070
6101
6126
6136
6141
6158
6191
6192
6213
6221
6236
6254
6325
6337
6360
6368
6388
6407
6416
6417
6441
6483
6538
6542
6562
6588
6591
6592
6615
6620
6629
6653
6661
6688
6697
6710
6717
6721
6755
6771
6786
6806
6834
6893
6924
6963
6998
6999
7008
7025
7043
7057
7063
7064
7079
7112
7118
7141
7198
7199
7218
7219
7246
7250
7265
7282
7325
7332
7333
7345
7360
7372
7373
7385
7392
7446
7466
7472
7479
7489
7504
7515
7516
7518
7522
7525
7539
7547
7560
7590
7604
7625
7656
7658
7671
7682
7721
7738
7747
7759
7761
7774
7792
7803
7819
7847
7850
7890
7990
7995
8020
8033
8075
8085
8088
8110
8119
8120
8129
8148
8165
8169
8186
8211
8241
8255
8263
8271
8298
8320
8326
8334
8347
8348
8374
8406
8415
8439
8441
8444
8448
8469
8484
8485
8486
8501
8508
8518
8557
8562
8573
8608
8625
8631
8636
8692
8697
8701
8707
8745
8770
8771
8842
8847
8859
8884
8911
8950
8985
8989
9009
9012
9014
9031
9056
9074
9126
9131
9135
9137
9146
9147
9152
9162
9194
9205
9207
9217
9225
9231
9239
9271
9303
9319
9330
9353
9363
9402
9416
9423
9426
9440
9504
9517
9519
9525
9527
9566
9584
9601
9615
9651
9665
9696
9726
9732
9764
9789
9832
9845
9856
9884
9888
9902
9909
9926
9947
9957
9992
-1
