7
24
25
35
61
66
77
85
91
106
136
198
213
234
263
274
277
282
291
308
320
321
325
328
329
340
351
370
420
424
427
428
437
448
459
487
489
501
517
536
550
562
587
637
639
706
710
773
774
783
786
804
849
863
866
897
914
925
971
998
1004
1005
1023
1043
1046
1069
1104
1117
1126
1146
1179
1191
1203
1221
1236
1239
1247
1256
1270
1282
1283
1287
1308
1333
1340
1343
1345
1351
1382
1395
1400
1421
1459
1480
1486
1502
1531
1545
1555
1556
1570
1578
1591
1593
1660
1684
1696
1740
1741
1807
1813
1814
1824
1840
1848
1856
1882
1887
1891
1926
1961
1985
1998
2004
2025
2043
2058
2069
2073
2100
2103
2108
2133
2158
2161
2189
2227
2231
2250
2252
2263
2287
2295
2304
2322
2349
2354
2375
2458
2462
2468
2499
2501
2505
2509
2529
2545
2573
2602
2628
2751
2772
2795
2825
2876
2910
2930
2936
2958
2970
2974
2990
3000
3012
3032
3068
3071
3079
3112
3117
3145
3148
3192
3225
3240
3249
3258
3272
3285
3306
3354
3379
3380
3383
3387
3397
3400
3415
3416
3442
3454
3456
3462
3480
3494
3513
3530
3544
3551
3560
3561
3571
3599
3602
3627
3638
3646
3664
3682
3688
3692
3693
3718
3754
3793
3798
3802
3849
3853
3871
3915
3949
3959
3962
3975
3976
4003
4007
4024
4055
4060
4101
4104
4134
4137
4166
4174
4176
4197
4203
4206
4222
4234
4272
4297
4325
4335
4339
4341
4354
4396
4416
4447
4449
4459
4467
4493
4519
4536
4662
4667
4686
4695
4697
4713
4716
4735
4744
4747
4752
4779
4802
4814
4819
4835
4852
4857
4868
4870
4871
4904
4908
4958
4966
4994
5005
5029
5038
5049
5070
5077
5125
5127
5133
5135
5161
5173
5188
5201
5218
5279
5315
5334
5349
5352
5385
5410
5424
5448
5455
5461
5463
5464
5483
5484
5489
5499
5507
5548
5551
5552
5562
5601
5604
5606
5609
5611
5667
5694
5770
5776
5802
5831
5842
5859
5890
5896
5903
5938
5962
5982
6016
6021
6033
6039
6058
6077
6082
6093
6107
6125
6133
6151
6174
6205
6250
6263
6275
6278
6279
6282
6288
6325
6333
6336
6341
6354
6356
6360
6379
6390
6414
6417
6425
6447
6470
6479
6482
6509
6552
6564
6571
6574
6588
6591
6666
6680
6709
6727
6742
6760
6792
6793
6817
6836
6840
6842
6844
6849
6855
6877
6891
6907
6913
6959
6987
7026
7038
7041
7059
7064
7072
7128
7172
7197
7230
7234
7250
7266
7332
7353
7354
7357
7378
7395
7411
7414
7451
7454
7485
7489
7495
7509
7515
7547
7555
7562
7582
7598
7650
7657
7660
7670
7678
7680
7694
7695
7698
7723
7735
7765
7777
7779
7806
7816
7835
7852
7861
7867
7877
7879
7881
7896
7904
7910
7925
7935
7943
7958
7972
7992
7995
8004
8048
8078
8108
8144
8151
8169
8170
8213
8237
8253
8254
8308
8318
8344
8346
8356
8367
8370
8382
8424
8469
8495
8503
8528
8539
8540
8567
8602
8628
8642
8643
8684
8718
8719
8764
8773
8775
8793
8805
8808
8815
8817
8832
8835
8836
8865
8866
8867
8881
8920
8921
8936
8962
8972
8976
8986
8997
9011
9020
9033
9050
9054
9079
9120
9141
9156
9161
9163
9168
9170
9190
9210
9213
9226
9240
9243
9253
9269
9303
9376
9401
9459
9483
9484
9496
9499
9533
9559
9560
9593
9608
9613
9670
9701
9721
9747
9760
9792
9797
9805
9818
9821
9830
9832
9838
9845
9853
9870
9883
9948
9952
9954
9964
9966
9986
9992
9997
-1
