17
23
46
99
108
121
147
160
168
223
251
292
296
302
315
323
328
339
374
398
399
414
420
422
455
483
508
510
563
569
573
579
644
727
736
755
764
781
794
807
830
875
877
906
908
922
951
957
966
987
993
1064
1088
1099
1101
1118
1124
1142
1146
1162
1178
1215
1223
1236
1253
1254
1263
1281
1323
1339
1354
1367
1394
1405
1419
1449
1471
1491
1495
1519
1525
1530
1572
1589
1627
1660
1670
1679
1702
1704
1706
1726
1737
1751
1797
1804
1819
1857
1899
1923
1931
1941
1963
1965
1975
1976
1978
1988
1998
2012
2031
2048
2051
2064
2073
2101
2114
2115
2127
2143
2155
2159
2164
2170
2176
2180
2183
2207
2208
2232
2241
2243
2246
2278
2301
2341
2363
2365
2368
2375
2378
2379
2386
2418
2442
2467
2472
2474
2502
2513
2546
2583
2600
2604
2619
2643
2652
2656
2677
2686
2693
2697
2714
2723
2733
2746
2802
2803
2806
2822
2847
2848
2860
2873
2877
2888
2895
2932
2940
2960
2964
2970
2980
3007
3027
3058
3063
3123
3125
3173
3204
3213
3224
3233
3294
3338
3356
3421
3443
3450
3454
3475
3510
3515
3519
3529
3550
3554
3558
3581
3625
3637
3650
3651
3658
3666
3676
3723
3727
3740
3742
3767
3800
3830
3835
3836
3864
3870
3873
3874
3883
3890
3906
3916
3922
3956
3959
4007
4034
4036
4047
4064
4066
4085
4096
4108
4110
4112
4117
4126
4140
4154
4156
4158
4166
4180
4214
4235
4255
4283
4304
4313
4327
4368
4419
4442
4458
4515
4524
4532
4557
4562
4582
4586
4624
4643
4645
4706
4747
4750
4768
4827
4835
4841
4861
4873
4888
4897
4915
4925
4945
4958
4959
4960
4976
5039
5044
5059
5060
5082
5085
5105
5110
5114
5142
5144
5215
5221
5235
5257
5286
5289
5345
5349
5393
5470
5473
5489
5490
5543
5576
5587
5591
5644
5668
5705
5706
5708
5722
5730
5734
5738
5759
5780
5783
5814
5815
5820
5855
5859
5896
5911
5912
5917
5919
5923
5930
5935
5945
5949
5955
5973
6000
6003
6006
6030
6041
6103
6108
6120
6140
6150
6153
6156
6163
6181
6182
6208
6222
6225
6232
6237
6240
6261
6284
6306
6331
6359
6373
6389
6430
6455
6465
6490
6547
6570
6585
6589
6604
6606
6607
6610
6662
6683
6693
6710
6723
6726
6729
6740
6755
6771
6791
6795
6805
6854
6861
6912
6913
6927
6949
6958
6984
6994
6995
7049
7073
7084
7089
7099
7105
7120
7148
7156
7166
7186
7213
7238
7265
7285
7311
7321
7350
7361
7430
7432
7455
7472
7474
7499
7547
7566
7620
7638
7664
7690
7698
7703
7706
7710
7722
7739
7746
7764
7766
7767
7769
7802
7807
7840
7867
7888
7899
7933
7936
7947
7971
7972
7977
7979
7993
7999
8005
8010
8014
8033
8048
8083
8091
8125
8130
8168
8175
8180
8181
8234
8285
8288
8334
8345
8351
8353
8357
8367
8369
8391
8414
8430
8434
8438
8443
8446
8464
8475
8476
8485
8516
8542
8607
8626
8674
8685
8690
8695
8699
8712
8713
8719
8758
8821
8825
8840
8881
8900
8901
8913
8952
8963
8979
9011
9016
9104
9115
9117
9118
9154
9163
9208
9209
9222
9268
9270
9317
9320
9325
9336
9337
9345
9346
9355
9363
9376
9384
9443
9446
9471
9476
9500
9507
9526
9534
9545
9553
9566
9573
9587
9589
9604
9608
9631
9648
9654
9665
9675
9714
9722
9736
9757
9764
9767
9791
9803
9822
9826
9829
9843
9844
9845
9887
9888
9891
9898
9909
9912
9916
9948
9958
9960
9980
9987
-1
