17
30
49
59
85
86
107
114
122
131
137
149
150
157
158
173
177
211
214
254
258
285
305
309
312
318
319
362
366
372
385
397
398
439
458
515
552
559
565
588
598
648
653
661
681
684
714
715
716
773
780
805
823
836
857
908
933
934
936
967
981
998
1019
1040
1041
1053
1097
1102
1125
1138
1159
1221
1234
1237
1322
1333
1336
1348
1356
1367
1388
1395
1428
1453
1463
1466
1473
1477
1479
1482
1485
1492
1495
1499
1500
1524
1536
1542
1544
1556
1560
1576
1577
1622
1639
1651
1665
1666
1718
1724
1727
1753
1761
1805
1806
1816
1847
1849
1869
1870
1884
1909
1918
1942
2038
2050
2051
2063
2079
2094
2113
2132
2141
2142
2249
2255
2267
2268
2283
2287
2301
2313
2326
2338
2340
2349
2382
2384
2395
2402
2423
2451
2455
2484
2509
2514
2515
2518
2520
2531
2538
2554
2564
2588
2647
2670
2775
2779
2787
2789
2793
2803
2816
2819
2820
2833
2834
2845
2880
2910
2918
2928
2949
2977
2982
2983
2986
2998
3016
3027
3048
3049
3062
3069
3088
3102
3123
3130
3135
3144
3153
3173
3180
3182
3217
3222
3223
3239
3244
3256
3268
3272
3301
3322
3324
3325
3326
3370
3385
3392
3410
3464
3468
3489
3502
3534
3545
3550
3592
3596
3629
3631
3636
3659
3669
3702
3712
3718
3735
3786
3788
3797
3798
3809
3813
3822
3851
3887
3891
3900
3904
3907
3946
3975
4011
4059
4061
4073
4089
4111
4131
4140
4154
4201
4210
4217
4226
4243
4254
4268
4332
4335
4341
4342
4363
4382
4392
4407
4425
4478
4500
4505
4524
4536
4541
4564
4589
4590
4624
4628
4652
4714
4727
4741
4762
4829
4866
4891
4892
4950
4957
4997
5001
5016
5026
5045
5068
5090
5099
5103
5128
5138
5149
5202
5212
5222
5224
5256
5305
5316
5317
5329
5360
5361
5362
5364
5368
5373
5374
5381
5400
5422
5462
5473
5480
5528
5573
5574
5582
5587
5604
5635
5652
5673
5704
5729
5737
5744
5764
5784
5785
5816
5871
5873
5875
5876
5884
5890
5922
5927
5932
5941
5944
5951
5959
5971
5984
5988
6006
6016
6027
6032
6037
6045
6057
6062
6071
6072
6074
6090
6114
6118
6121
6132
6137
6150
6163
6183
6192
6219
6226
6247
6248
6260
6261
6267
6271
6284
6292
6316
6350
6365
6368
6387
6419
6443
6452
6461
6480
6483
6492
6520
6553
6555
6556
6561
6567
6628
6649
6659
6685
6692
6700
6702
6733
6745
6757
6763
6781
6785
6835
6842
6867
6872
6916
6922
6958
6980
7005
7008
7024
7035
7040
7067
7079
7086
7105
7134
7148
7152
7176
7192
7219
7228
7241
7253
7263
7351
7357
7369
7375
7423
7459
7468
7473
7491
7499
7513
7519
7540
7561
7597
7600
7609
7618
7626
7632
7636
7644
7645
7668
7673
7678
7705
7706
7709
7714
7774
7775
7782
7787
7797
7798
7825
7827
7839
7848
7868
7918
7959
7976
8004
8018
8032
8043
8053
8068
8085
8088
8091
8113
8114
8116
8118
8131
8153
8214
8230
8253
8304
8305
8325
8328
8329
8366
8367
8399
8404
8413
8428
8437
8472
8474
8476
8518
8544
8609
8627
8628
8638
8642
8713
8753
8763
8778
8796
8798
8809
8838
8846
8849
8852
8879
8880
8889
8918
8925
8927
8940
8955
8972
8977
8982
9054
9071
9149
9178
9230
9249
9254
9300
9308
9317
9346
9397
9469
9488
9499
9536
9539
9562
9581
9601
9654
9661
9665
9669
9682
9690
9704
9751
9806
9820
9825
9877
9890
9892
9907
9946
9985
-1
