11
26
41
67
82
92
95
100
103
122
133
137
153
157
162
186
213
214
217
222
260
263
289
297
311
316
318
319
366
382
383
424
437
487
488
502
513
529
565
567
575
597
638
697
724
730
746
835
849
863
909
923
942
945
951
958
993
1033
1046
1047
1066
1071
1084
1128
1170
1182
1193
1246
1260
1267
1278
1283
1295
1300
1337
1340
1356
1359
1360
1365
1372
1404
1422
1461
1471
1492
1532
1546
1557
1568
1579
1585
1620
1622
1623
1641
1644
1690
1695
1696
1700
1704
1716
1718
1719
1721
1724
1727
1818
1824
1838
1862
1863
1909
1919
1943
1962
1965
2002
2004
2025
2028
2040
2056
2098
2112
2149
2156
2184
2194
2196
2210
2268
2271
2289
2292
2331
2378
2380
2384
2398
2405
2424
2427
2440
2443
2445
2456
2478
2483
2484
2485
2503
2533
2541
2586
2595
2613
2617
2637
2652
2668
2710
2762
2791
2795
2818
2842
2858
2862
2866
2870
2876
2887
2888
2896
2926
2930
2944
2947
2979
3031
3042
3044
3051
3068
3070
3081
3110
3145
3166
3188
3199
3201
3219
3234
3256
3266
3269
3290
3309
3325
3333
3336
3338
3340
3359
3366
3374
3397
3406
3416
3449
3456
3457
3477
3511
3517
3533
3542
3571
3583
3613
3641
3651
3700
3705
3706
3711
3721
3752
3776
3790
3841
3843
3879
3885
3910
3914
3941
3957
3961
3962
3982
4002
4003
4034
4041
4052
4091
4124
4134
4147
4157
4178
4202
4215
4222
4234
4282
4299
4300
4314
4344
4347
4381
4438
4439
4458
4468
4501
4506
4520
4532
4546
4573
4583
4587
4588
4591
4602
4612
4624
4650
4651
4663
4687
4738
4746
4763
4773
4792
4795
4821
4822
4881
4882
4926
4951
4962
4999
5005
5011
5029
5031
5037
5041
5083
5110
5127
5131
5154
5164
5172
5213
5238
5239
5259
5268
5269
5275
5287
5316
5322
5330
5337
5356
5374
5377
5395
5404
5415
5420
5449
5475
5479
5521
5563
5564
5606
5613
5615
5702
5706
5727
5761
5766
5797
5811
5831
5836
5846
5858
5875
5881
5894
5896
5910
5913
5934
5936
5946
5974
6002
6004
6018
6043
6052
6069
6102
6114
6128
6144
6151
6169
6175
6206
6260
6262
6271
6280
6301
6325
6339
6346
6376
6405
6479
6480
6486
6489
6491
6497
6501
6518
6524
6544
6553
6578
6596
6620
6626
6648
6665
6676
6760
6779
6794
6804
6835
6838
6842
6862
6882
6891
6896
6929
6948
6955
6959
6961
7008
7014
7022
7035
7043
7063
7088
7096
7139
7146
7157
7177
7200
7208
7223
7226
7242
7273
7294
7300
7315
7323
7328
7329
7372
7388
7415
7421
7461
7482
7501
7510
7542
7602
7634
7640
7643
7649
7659
7675
7685
7694
7707
7733
7745
7755
7759
7808
7810
7851
7866
7925
7926
7948
7951
7967
8005
8008
8012
8082
8085
8087
8090
8094
8099
8116
8150
8165
8173
8225
8242
8245
8319
8334
8351
8361
8386
8413
8416
8419
8442
8461
8465
8514
8530
8543
8573
8574
8587
8588
8595
8601
8608
8613
8641
8672
8673
8691
8692
8715
8724
8758
8769
8777
8848
8863
8866
8879
8895
8903
8932
8953
8972
8975
8977
9031
9032
9034
9054
9061
9094
9100
9120
9123
9129
9140
9143
9149
9173
9182
9185
9191
9210
9214
9233
9252
9269
9270
9277
9279
9287
9295
9306
9314
9321
9327
9329
9332
9339
9408
9411
9414
9435
9437
9461
9503
9510
9547
9616
9620
9664
9665
9672
9683
9686
9687
9689
9690
9696
9730
9735
9812
9821
9822
9828
9835
9850
9966
9973
-1
