14
19
36
64
100
114
144
165
167
188
236
241
272
300
313
325
341
356
395
399
425
447
450
454
466
487
517
526
535
545
557
565
594
597
603
669
670
673
692
727
740
749
751
755
787
800
882
918
931
942
977
983
992
1038
1049
1052
1055
1070
1089
1146
1171
1229
1272
1287
1292
1300
1328
1331
1353
1368
1370
1397
1409
1426
1435
1461
1475
1484
1511
1542
1554
1572
1581
1598
1673
1725
1737
1742
1757
1764
1770
1777
1784
1816
1833
1862
1876
1912
1913
1914
1917
1923
1926
1941
1956
1981
2041
2054
2076
2087
2102
2108
2121
2122
2140
2168
2169
2198
2211
2272
2279
2283
2300
2353
2363
2366
2373
2382
2387
2398
2402
2413
2435
2477
2530
2535
2576
2594
2629
2646
2647
2656
2703
2704
2714
2717
2728
2732
2741
2751
2766
2786
2790
2813
2817
2837
2856
2860
2882
2889
2891
2896
2920
2935
2945
2951
2972
3045
3053
3059
3060
3073
3081
3091
3112
3114
3115
3164
3174
3211
3244
3247
3257
3306
3315
3354
3384
3422
3428
3442
3454
3458
3460
3463
3480
3487
3524
3535
3537
3558
3571
3591
3592
3617
3630
3645
3646
3664
3808
3811
3834
3841
3874
3884
3890
3906
3913
3965
4001
4004
4053
4060
4078
4117
4124
4134
4146
4154
4197
4205
4218
4232
4254
4259
4264
4268
4270
4279
4308
4317
4335
4368
4373
4379
4410
4438
4532
4538
4541
4543
4567
4590
4592
4604
4607
4622
4638
4639
4644
4664
4684
4685
4705
4718
4734
4756
4767
4806
4820
4825
4845
4857
4875
4880
4881
4888
4905
4932
4952
4956
4957
4958
4981
4992
5025
5026
5068
5088
5115
5124
5151
5160
5176
5179
5201
5204
5209
5213
5236
5247
5257
5260
5266
5321
5335
5337
5341
5381
5404
5405
5407
5428
5436
5443
5454
5458
5463
5493
5500
5538
5565
5571
5572
5632
5636
5637
5638
5674
5687
5715
5762
5801
5834
5875
5919
5925
5952
5964
5977
6011
6019
6027
6077
6094
6099
6117
6124
6130
6137
6147
6232
6243
6258
6269
6283
6308
6342
6393
6411
6422
6481
6482
6485
6498
6507
6578
6579
6586
6587
6592
6594
6595
6597
6601
6602
6617
6618
6623
6624
6630
6655
6663
6680
6690
6692
6720
6737
6749
6761
6767
6769
6776
6785
6817
6820
6830
6843
6869
6891
6901
6937
6959
7056
7057
7066
7106
7122
7124
7129
7136
7145
7193
7206
7250
7291
7308
7336
7340
7352
7356
7364
7373
7380
7420
7454
7459
7473
7493
7514
7540
7550
7584
7596
7613
7621
7637
7662
7665
7666
7674
7709
7721
7747
7783
7801
7804
7809
7820
7847
7850
7861
7866
7900
7916
7934
7937
7944
7951
7970
7987
8040
8063
8080
8104
8110
8111
8113
8116
8120
8137
8176
8191
8204
8209
8220
8234
8238
8244
8267
8274
8311
8318
8321
8359
8360
8369
8377
8380
8386
8389
8400
8433
8454
8493
8501
8528
8537
8543
8547
8549
8563
8566
8575
8576
8583
8605
8606
8608
8612
8613
8645
8652
8653
8667
8672
8679
8695
8706
8723
8724
8727
8731
8734
8737
8746
8777
8805
8824
8825
8858
8861
8911
8930
8945
8970
9001
9008
9013
9017
9021
9025
9026
9060
9070
9087
9107
9114
9121
9129
9138
9149
9167
9178
9179
9181
9191
9197
9212
9253
9257
9258
9262
9269
9284
9302
9311
9312
9342
9355
9385
9529
9562
9563
9567
9586
9598
9691
9698
9699
9707
9710
9713
9749
9779
9786
9792
9818
9822
9841
9884
9892
9893
9917
9949
9954
9973
9974
9975
9988
9992
-1
