13
21
54
60
93
109
115
119
150
162
194
196
215
221
247
275
299
301
302
342
349
358
369
390
428
434
440
443
468
507
531
538
573
589
597
604
619
624
648
657
693
702
711
712
715
722
741
744
746
747
749
761
768
782
794
805
825
828
831
839
847
856
875
885
909
955
974
984
986
991
992
996
1012
1026
1035
1039
1059
1133
1179
1197
1198
1216
1223
1226
1236
1243
1271
1273
1290
1310
1317
1323
1337
1343
1362
1367
1393
1408
1416
1457
1485
1510
1533
1544
1673
1680
1690
1699
1756
1765
1798
1814
1827
1830
1837
1839
1900
1912
1925
1931
1983
2018
2035
2058
2072
2126
2178
2183
2207
2216
2244
2246
2289
2303
2311
2320
2347
2396
2415
2430
2441
2464
2469
2478
2494
2529
2536
2548
2571
2574
2580
2585
2592
2599
2620
2625
2629
2639
2641
2646
2653
2694
2709
2723
2781
2783
2795
2813
2829
2887
2916
2991
2995
2998
3000
3003
3011
3030
3057
3063
3109
3113
3124
3130
3136
3158
3162
3170
3171
3176
3227
3230
3248
3271
3278
3281
3296
3298
3317
3327
3348
3432
3440
3472
3478
3503
3536
3541
3545
3567
3578
3603
3612
3614
3647
3661
3664
3673
3690
3702
3746
3767
3768
3777
3790
3800
3832
3845
3848
3851
3869
3892
3924
3930
3946
3947
3960
3970
4014
4023
4030
4033
4036
4050
4052
4066
4075
4076
4091
4134
4135
4140
4144
4163
4202
4209
4220
4226
4228
4238
4239
4255
4272
4282
4298
4307
4315
4327
4328
4340
4349
4372
4389
4391
4402
4417
4434
4448
4451
4464
4478
4501
4505
4514
4516
4557
4571
4573
4595
4612
4628
4664
4678
4691
4705
4708
4713
4744
4848
4855
4859
4871
4872
4889
4924
4936
4966
4981
4987
5001
5006
5015
5024
5034
5062
5075
5090
5101
5122
5141
5145
5150
5169
5175
5178
5193
5210
5235
5249
5267
5316
5322
5332
5337
5347
5360
5394
5403
5437
5442
5451
5453
5477
5498
5506
5517
5528
5534
5537
5561
5590
5621
5641
5658
5659
5704
5709
5740
5755
5758
5770
5777
5783
5801
5805
5825
5835
5851
5857
5864
5878
5898
5901
5905
5916
5920
5938
5952
5957
5982
5988
6024
6052
6065
6091
6131
6159
6162
6167
6182
6208
6223
6261
6265
6280
6295
6302
6303
6309
6323
6347
6362
6368
6384
6388
6430
6434
6455
6461
6465
6466
6488
6494
6505
6517
6549
6550
6556
6557
6561
6618
6625
6634
6646
6667
6673
6690
6695
6709
6722
6779
6781
6798
6801
6834
6839
6864
6869
6872
6875
6887
6892
6929
6978
6993
7015
7031
7042
7154
7157
7194
7226
7231
7242
7245
7246
7270
7291
7310
7326
7333
7339
7353
7367
7409
7413
7415
7446
7455
7466
7467
7471
7485
7492
7511
7531
7581
7589
7592
7599
7621
7706
7738
7774
7807
7819
7845
7882
7926
7927
7944
7961
7972
7995
8001
8017
8097
8108
8110
8127
8140
8149
8162
8168
8175
8188
8198
8252
8351
8388
8446
8452
8459
8470
8475
8484
8494
8520
8551
8556
8607
8660
8675
8704
8714
8755
8777
8794
8805
8811
8868
8869
8877
8904
8907
8928
8957
8963
8972
9031
9038
9073
9086
9110
9176
9201
9205
9216
9226
9240
9261
9279
9281
9286
9305
9308
9311
9319
9340
9389
9393
9400
9410
9419
9423
9425
9433
9468
9476
9488
9513
9517
9529
9532
9535
9574
9597
9598
9614
9659
9672
9673
9675
9677
9691
9720
9736
9742
9756
9796
9827
9833
9842
9847
9871
9913
9944
9959
9979
9982
-1
