7
13
21
25
32
48
64
75
111
119
120
171
198
212
219
233
264
284
288
292
301
323
325
340
370
379
385
396
400
408
410
428
431
432
435
470
511
518
526
533
535
536
549
554
579
583
643
682
683
746
767
790
792
810
853
860
942
967
1005
1026
1040
1070
1115
1122
1161
1168
1183
1195
1225
1231
1251
1262
1265
1300
1317
1322
1348
1353
1364
1370
1395
1400
1408
1418
1437
1442
1447
1468
1471
1486
1491
1528
1542
1549
1550
1561
1611
1624
1662
1700
1709
1726
1737
1747
1748
1753
1768
1802
1806
1850
1872
1886
1903
1909
1910
1924
1938
1964
1978
1994
2006
2022
2055
2057
2068
2101
2119
2125
2134
2142
2154
2157
2161
2178
2183
2208
2213
2216
2232
2238
2245
2266
2283
2286
2297
2303
2320
2322
2329
2337
2342
2348
2388
2397
2412
2414
2445
2498
2536
2548
2549
2562
2577
2614
2629
2634
2640
2648
2650
2651
2656
2662
2692
2772
2789
2797
2816
2826
2850
2853
2854
2865
2911
2913
2929
2941
2956
3011
3063
3068
3083
3111
3112
3121
3159
3160
3174
3197
3209
3211
3225
3227
3248
3260
3266
3274
3298
3308
3343
3369
3378
3386
3393
3409
3418
3435
3442
3456
3479
3523
3564
3565
3585
3599
3620
3682
3687
3695
3718
3732
3744
3796
3802
3816
3823
3840
3845
3861
3895
3932
3957
3967
3977
4061
4069
4095
4102
4110
4113
4140
4147
4151
4157
4172
4173
4181
4203
4209
4210
4214
4229
4254
4255
4261
4267
4288
4297
4318
4350
4364
4428
4432
4533
4554
4564
4574
4582
4589
4615
4632
4657
4678
4686
4697
4699
4724
4725
4729
4733
4741
4742
4744
4763
4765
4774
4784
4807
4820
4865
4878
4879
4882
4913
4918
4931
4962
4974
5007
5020
5029
5032
5034
5050
5068
5093
5099
5135
5146
5169
5205
5215
5232
5253
5273
5277
5280
5305
5320
5325
5330
5432
5456
5469
5471
5501
5531
5537
5541
5553
5557
5566
5569
5586
5593
5599
5659
5663
5730
5733
5738
5776
5790
5792
5857
5867
5885
5890
5893
5904
5932
5936
5937
5942
5954
5955
5965
6000
6008
6043
6062
6071
6082
6112
6120
6121
6132
6160
6179
6195
6234
6241
6247
6261
6285
6297
6314
6320
6330
6333
6346
6373
6414
6430
6432
6464
6475
6498
6517
6539
6573
6591
6613
6629
6641
6652
6656
6662
6681
6684
6689
6725
6765
6779
6783
6784
6785
6812
6819
6827
6840
6845
6859
6885
6899
6910
6925
6932
6938
6950
6953
6989
7003
7014
7023
7033
7056
7120
7122
7134
7169
7180
7192
7207
7225
7265
7266
7322
7339
7341
7357
7365
7376
7413
7432
7436
7443
7460
7463
7482
7512
7522
7542
7546
7563
7584
7614
7628
7637
7638
7648
7649
7662
7665
7693
7712
7713
7740
7747
7783
7788
7798
7809
7825
7834
7841
7847
7851
7871
7882
7911
7916
7956
7981
7996
8032
8048
8059
8089
8112
8117
8160
8172
8202
8206
8208
8255
8315
8318
8325
8333
8362
8376
8383
8399
8401
8402
8407
8445
8448
8489
8498
8520
8525
8530
8561
8578
8627
8652
8681
8722
8738
8748
8752
8754
8769
8847
8859
8874
8878
8888
8901
8908
8923
8970
9011
9044
9046
9082
9084
9102
9123
9130
9146
9193
9210
9219
9237
9244
9313
9338
9340
9389
9400
9401
9407
9415
9434
9451
9466
9485
9494
9503
9540
9542
9593
9602
9612
9641
9644
9656
9669
9676
9697
9722
9743
9783
9787
9799
9801
9843
9849
9873
9890
9895
9909
9940
9944
9977
9984
9996
-1
