2
33
41
49
65
74
77
101
135
158
178
187
190
198
209
229
233
275
310
311
313
357
358
365
376
410
418
449
460
466
479
490
491
517
540
550
581
586
628
635
640
653
675
690
729
731
735
736
746
748
758
763
806
811
844
855
861
900
950
978
981
985
999
1021
1022
1084
1096
1103
1117
1129
1144
1174
1189
1199
1202
1220
1250
1253
1264
1280
1289
1326
1357
1380
1395
1401
1428
1444
1447
1461
1489
1528
1539
1557
1578
1579
1584
1624
1625
1636
1647
1650
1670
1688
1699
1748
1780
1791
1794
1802
1853
1877
1886
1911
1915
1922
1978
1997
2023
2026
2028
2032
2051
2070
2094
2095
2104
2114
2127
2138
2159
2162
2178
2183
2188
2190
2195
2225
2238
2279
2294
2350
2383
2395
2397
2403
2423
2447
2455
2499
2501
2516
2569
2600
2617
2626
2642
2643
2648
2712
2724
2747
2771
2772
2818
2831
2837
2846
2865
2867
2869
2879
2927
2940
2941
2963
3023
3031
3059
3071
3074
3075
3085
3104
3120
3123
3126
3139
3155
3164
3195
3205
3235
3257
3262
3266
3291
3295
3298
3336
3342
3351
3370
3388
3407
3411
3465
3467
3489
3526
3535
3537
3543
3544
3548
3572
3573
3628
3649
3653
3654
3703
3704
3708
3718
3728
3729
3755
3816
3826
3844
3856
3879
3931
3951
3956
3969
3981
4013
4017
4029
4077
4089
4111
4127
4146
4166
4197
4206
4208
4298
4300
4313
4324
4344
4350
4351
4365
4368
4383
4406
4443
4454
4467
4516
4557
4568
4580
4583
4591
4653
4680
4722
4726
4729
4751
4784
4815
4871
4877
4883
4890
4892
4918
4960
4996
5026
5058
5069
5083
5087
5110
5116
5143
5164
5185
5214
5250
5255
5266
5273
5278
5280
5285
5311
5322
5347
5374
5376
5381
5392
5395
5406
5436
5458
5461
5464
5485
5532
5552
5598
5616
5622
5628
5634
5637
5676
5688
5694
5696
5704
5712
5714
5716
5723
5726
5749
5755
5803
5809
5826
5829
5856
5880
5900
5904
5938
5970
5974
5976
5990
5991
6004
6030
6053
6055
6067
6077
6079
6088
6097
6100
6129
6143
6167
6177
6180
6189
6194
6199
6218
6230
6238
6262
6265
6267
6285
6325
6336
6341
6372
6388
6396
6400
6412
6416
6423
6453
6458
6462
6517
6519
6539
6597
6606
6609
6647
6661
6708
6715
6728
6750
6761
6783
6789
6819
6820
6844
6853
6856
6877
6879
6890
6931
6933
6936
6946
6969
6985
7037
7039
7064
7069
7072
7080
7098
7125
7126
7155
7175
7207
7218
7231
7250
7252
7260
7274
7286
7293
7295
7310
7319
7347
7353
7370
7372
7389
7400
7421
7429
7463
7488
7499
7508
7513
7527
7550
7566
7582
7599
7602
7606
7612
7639
7654
7678
7691
7694
7702
7706
7736
7738
7789
7806
7817
7873
7880
7881
7884
7887
7898
7931
7955
7962
7986
7992
8002
8013
8037
8048
8081
8103
8138
8144
8199
8224
8244
8279
8281
8322
8348
8349
8357
8358
8362
8391
8395
8399
8415
8420
8438
8440
8467
8501
8510
8513
8558
8561
8621
8638
8641
8642
8662
8669
8677
8686
8704
8705
8707
8740
8741
8750
8761
8809
8817
8827
8832
8844
8870
8897
8909
8911
8927
8948
8955
8978
8979
8981
9014
9061
9091
9124
9178
9187
9221
9227
9229
9259
9269
9301
9329
9354
9358
9366
9388
9393
9411
9412
9424
9433
9475
9482
9513
9535
9550
9580
9601
9616
9638
9639
9643
9678
9701
9723
9727
9742
9778
9781
9791
9808
9842
9844
9909
9932
9934
9965
9976
9977
9984
9996
-1
