0
7
29
78
197
200
258
262
300
303
305
320
331
343
357
358
362
393
394
397
433
441
452
454
494
505
532
547
558
563
592
618
644
669
688
704
707
712
715
760
770
795
798
826
840
867
881
893
979
992
1107
1168
1177
1191
1192
1205
1221
1233
1260
1275
1277
1278
1283
1289
1297
1302
1311
1320
1322
1331
1334
1341
1385
1422
1475
1476
1509
1548
1562
1580
1623
1651
1701
1733
1736
1742
1753
1762
1770
1775
1778
1794
1809
1831
1834
1845
1859
1865
1880
1886
1893
1917
1939
1985
2006
2026
2040
2062
2079
2086
2130
2135
2168
2170
2177
2182
2213
2243
2255
2280
2295
2316
2323
2331
2344
2365
2367
2374
2381
2386
2393
2420
2422
2425
2440
2447
2448
2492
2494
2507
2509
2514
2540
2601
2613
2669
2673
2698
2707
2721
2727
2728
2742
2771
2796
2799
2819
2844
2850
2870
2883
2884
2898
2900
2960
2967
2983
2995
3012
3013
3017
3019
3031
3032
3034
3037
3059
3084
3093
3098
3099
3155
3192
3195
3197
3204
3215
3259
3271
3281
3302
3341
3365
3376
3377
3410
3442
3445
3452
3475
3485
3509
3526
3563
3573
3577
3599
3664
3705
3708
3716
3717
3768
3775
3778
3782
3786
3806
3817
3819
3828
3845
3848
3870
3920
3922
3928
3934
3941
3945
3950
3961
3962
3970
3977
3978
3979
4023
4044
4069
4115
4116
4129
4147
4167
4194
4302
4316
4324
4344
4357
4363
4369
4417
4456
4481
4483
4487
4510
4515
4518
4537
4550
4615
4620
4631
4646
4691
4697
4698
4706
4714
4718
4722
4781
4799
4806
4838
4849
4860
4876
4896
4913
4921
4923
4931
4948
4954
4959
4985
4991
4996
5003
5019
5071
5097
5101
5108
5113
5116
5130
5153
5165
5166
5167
5175
5182
5185
5187
5195
5197
5214
5227
5275
5309
5317
5320
5333
5337
5364
5377
5382
5397
5409
5419
5430
5434
5492
5515
5524
5526
5578
5591
5599
5613
5622
5628
5629
5642
5654
5664
5688
5699
5702
5718
5724
5734
5771
5790
5793
5802
5819
5826
5842
5847
5861
5865
5911
5920
5936
5943
5964
6009
6017
6023
6032
6043
6048
6053
6058
6065
6085
6100
6114
6125
6148
6163
6165
6183
6184
6214
6248
6249
6250
6286
6303
6309
6340
6344
6353
6388
6390
6416
6419
6435
6436
6438
6463
6480
6488
6491
6513
6531
6567
6600
6619
6620
6632
6635
6645
6690
6692
6713
6716
6811
6819
6826
6841
6861
6872
6879
6910
6922
6924
6925
6951
6954
6963
6965
6969
6984
7008
7028
7044
7048
7090
7095
7143
7165
7193
7195
7221
7236
7259
7282
7284
7286
7309
7321
7329
7336
7357
7369
7372
7420
7459
7466
7469
7513
7542
7559
7564
7572
7593
7629
7630
7657
7662
7679
7708
7742
7762
7772
7807
7816
7817
7832
7868
7894
7898
7902
7913
7914
7920
7954
8004
8014
8022
8053
8054
8055
8112
8140
8149
8188
8207
8223
8224
8231
8264
8272
8303
8308
8313
8339
8365
8374
8382
8420
8438
8449
8452
8475
8477
8495
8503
8519
8556
8567
8578
8619
8623
8631
8657
8671
8694
8700
8706
8729
8757
8802
8806
8812
8856
8861
8862
8866
8886
8889
8890
8934
8961
8975
8976
8999
9005
9049
9059
9066
9072
9081
9111
9118
9136
9144
9175
9198
9245
9277
9291
9311
9316
9317
9337
9374
9389
9397
9425
9433
9445
9450
9453
9481
9491
9528
9555
9592
9599
9606
9616
9641
9650
9653
9668
9706
9711
9717
9720
9733
9744
9777
9780
9813
9834
9864
9870
9879
9919
9926
9949
-1