2
10
19
21
44
46
63
69
138
150
157
172
182
207
211
257
271
274
289
293
301
328
381
397
405
409
410
430
474
481
511
516
573
603
616
634
639
653
657
673
675
694
696
722
743
747
754
759
793
802
818
842
855
909
922
926
927
932
946
951
957
1018
1050
1053
1090
1102
1136
1142
1158
1189
1210
1214
1245
1323
1339
1359
1373
1378
1384
1396
1400
1404
1421
1450
1460
1473
1513
1516
1525
1526
1530
1584
1591
1607
1622
1624
1637
1661
1689
1703
1723
1730
1735
1736
1739
1754
1795
1834
1874
1911
1922
1932
1937
1952
1970
2038
2041
2054
2059
2096
2100
2101
2120
2144
2152
2155
2203
2213
2222
2228
2229
2249
2255
2276
2283
2290
2293
2336
2341
2349
2361
2391
2395
2399
2411
2434
2463
2507
2516
2519
2547
2599
2610
2617
2649
2653
2704
2713
2743
2756
2759
2778
2781
2799
2824
2854
2857
2878
2895
2940
2952
2960
2971
2988
3006
3007
3009
3011
3015
3034
3048
3069
3076
3092
3099
3122
3135
3188
3201
3250
3278
3281
3293
3297
3302
3357
3361
3395
3411
3464
3472
3492
3497
3503
3516
3583
3599
3604
3616
3617
3618
3619
3632
3637
3662
3677
3681
3698
3701
3723
3778
3815
3839
3850
3853
3859
3871
3887
3919
3922
3981
3984
4011
4035
4038
4047
4078
4098
4100
4103
4104
4107
4115
4150
4159
4178
4197
4202
4203
4212
4215
4224
4241
4255
4260
4262
4305
4315
4361
4365
4377
4383
4388
4394
4400
4405
4407
4429
4439
4445
4448
4450
4465
4469
4504
4510
4513
4559
4615
4632
4633
4648
4658
4659
4662
4690
4711
4721
4780
4856
4872
4873
4875
4880
4919
5006
5055
5083
5090
5092
5122
5124
5125
5139
5145
5200
5206
5215
5217
5229
5320
5328
5345
5352
5353
5357
5417
5426
5434
5453
5470
5498
5499
5500
5564
5582
5588
5609
5621
5660
5669
5681
5689
5697
5731
5768
5774
5800
5801
5802
5819
5844
5848
5882
5915
5933
5945
5951
5975
6035
6065
6076
6082
6099
6115
6126
6128
6132
6143
6178
6181
6215
6233
6237
6279
6305
6310
6311
6347
6357
6367
6409
6424
6429
6434
6437
6462
6465
6479
6484
6491
6503
6506
6524
6537
6565
6566
6580
6602
6635
6657
6669
6674
6679
6688
6709
6753
6755
6797
6805
6806
6824
6858
6906
6920
6934
6983
6984
6986
6987
7029
7061
7064
7065
7074
7075
7078
7086
7106
7108
7123
7175
7182
7303
7314
7334
7371
7373
7403
7412
7430
7453
7499
7518
7524
7528
7544
7545
7556
7578
7588
7590
7601
7610
7628
7656
7669
7676
7688
7711
7768
7782
7841
7855
7864
7866
7879
7892
7893
7896
7927
7942
7951
7957
7977
7997
8037
8049
8050
8051
8062
8068
8089
8091
8099
8114
8118
8124
8144
8163
8166
8220
8223
8296
8297
8301
8303
8312
8319
8338
8351
8366
8380
8383
8394
8403
8411
8434
8457
8459
8465
8470
8486
8488
8501
8527
8543
8552
8624
8636
8643
8645
8653
8660
8667
8704
8730
8741
8815
8817
8832
8833
8872
8885
8910
8918
8931
8938
8949
8988
8989
9005
9026
9028
9032
9054
9069
9073
9079
9081
9087
9089
9104
9115
9218
9228
9251
9256
9264
9271
9299
9312
9320
9330
9331
9334
9343
9347
9366
9376
9378
9412
9433
9450
9455
9458
9464
9472
9500
9506
9515
9530
9561
9567
9587
9644
9668
9669
9674
9706
9707
9709
9713
9728
9732
9741
9747
9751
9779
9833
9838
9846
9857
9864
9887
9896
9937
9989
9990
9995
-1
