25
70
82
83
93
98
112
122
125
126
139
153
168
216
243
259
261
265
295
313
323
327
329
345
366
368
385
413
421
450
456
462
467
476
495
532
562
617
618
683
693
694
720
749
764
765
766
786
797
810
829
835
847
850
853
882
883
897
952
969
1007
1028
1034
1035
1079
1107
1127
1195
1203
1212
1248
1251
1261
1279
1288
1336
1337
1373
1375
1394
1446
1458
1490
1492
1518
1561
1567
1628
1653
1661
1693
1703
1709
1725
1726
1766
1774
1831
1847
1866
1876
1893
1924
1964
1965
1970
1972
1980
2012
2030
2033
2103
2105
2108
2123
2160
2161
2191
2194
2210
2226
2263
2269
2274
2324
2402
2448
2449
2452
2493
2500
2507
2515
2517
2540
2558
2568
2596
2646
2652
2667
2683
2692
2693
2725
2733
2778
2808
2824
2839
2844
2870
2874
2904
2910
2938
2942
2951
2953
2954
2961
3013
3018
3020
3101
3108
3113
3117
3146
3156
3162
3174
3178
3195
3265
3277
3286
3299
3301
3321
3326
3339
3341
3343
3359
3366
3386
3388
3405
3408
3447
3479
3480
3482
3483
3514
3543
3545
3589
3634
3729
3740
3742
3754
3785
3789
3796
3824
3898
3908
3919
3937
3953
3961
3969
3979
3988
4005
4006
4008
4036
4051
4060
4061
4070
4074
4078
4080
4097
4102
4107
4108
4132
4144
4197
4204
4219
4223
4231
4233
4240
4243
4246
4252
4260
4261
4266
4267
4273
4284
4304
4337
4361
4366
4382
4383
4404
4453
4457
4473
4480
4481
4503
4513
4547
4570
4680
4686
4699
4701
4703
4707
4729
4732
4741
4747
4748
4757
4761
4777
4791
4824
4841
4845
4852
4875
4903
4920
4957
4971
4991
4996
4998
5000
5004
5010
5052
5060
5062
5084
5088
5103
5123
5161
5211
5229
5253
5268
5293
5297
5301
5308
5315
5336
5343
5379
5391
5453
5463
5474
5511
5516
5521
5522
5530
5559
5583
5608
5624
5631
5693
5706
5742
5769
5782
5788
5832
5837
5852
5854
5872
5883
5885
5932
5954
5966
5969
5984
5997
6020
6027
6028
6047
6062
6126
6137
6140
6142
6177
6195
6215
6219
6224
6228
6237
6258
6281
6289
6303
6307
6322
6331
6335
6358
6395
6445
6459
6466
6469
6496
6511
6517
6530
6542
6546
6553
6560
6561
6568
6570
6575
6593
6594
6602
6603
6638
6641
6650
6653
6667
6676
6678
6682
6693
6725
6771
6773
6793
6812
6819
6843
6860
6863
6870
6931
6955
6966
6968
6977
7012
7016
7037
7038
7043
7045
7079
7083
7094
7106
7115
7121
7122
7123
7135
7165
7191
7209
7245
7253
7255
7266
7272
7282
7306
7317
7330
7338
7344
7348
7391
7423
7438
7456
7478
7501
7527
7552
7564
7589
7600
7602
7609
7651
7653
7662
7704
7722
7732
7827
7828
7834
7877
7905
7933
7952
7955
7971
8005
8032
8071
8074
8097
8145
8298
8301
8310
8323
8354
8358
8361
8392
8413
8415
8423
8430
8431
8436
8437
8439
8441
8442
8468
8479
8512
8517
8522
8532
8534
8538
8585
8589
8596
8613
8645
8648
8661
8663
8668
8676
8687
8698
8710
8717
8729
8730
8748
8749
8772
8775
8820
8832
8858
8860
8861
8918
9001
9007
9008
9023
9028
9085
9093
9097
9104
9133
9135
9138
9150
9189
9209
9216
9222
9250
9251
9258
9259
9275
9279
9322
9338
9367
9409
9424
9439
9484
9485
9508
9531
9541
9542
9558
9590
9607
9627
9632
9640
9681
9684
9688
9693
9701
9712
9728
9731
9753
9761
9775
9783
9795
9835
9840
9856
9866
9889
9891
9905
9922
9942
9968
9986
-1
