7
15
23
36
38
51
68
76
82
84
112
115
147
149
153
154
161
182
208
222
233
235
246
269
276
309
337
346
350
361
370
372
383
412
415
423
427
428
446
487
506
527
547
552
572
576
579
604
632
649
684
689
715
716
725
730
742
775
781
799
829
830
835
843
845
847
876
897
914
925
933
963
973
979
1016
1020
1024
1038
1042
1044
1061
1073
1079
1104
1117
1131
1181
1198
1212
1232
1233
1236
1245
1269
1275
1332
1349
1352
1403
1417
1459
1482
1492
1546
1562
1624
1626
1631
1634
1641
1650
1656
1692
1725
1735
1742
1788
1791
1799
1811
1841
1860
1871
1940
1959
1962
1963
1970
1982
1985
1998
2003
2048
2080
2085
2090
2122
2127
2131
2139
2156
2157
2179
2184
2185
2194
2207
2212
2223
2261
2278
2292
2298
2303
2331
2340
2349
2415
2421
2431
2475
2533
2555
2581
2589
2645
2677
2678
2712
2725
2740
2745
2755
2756
2772
2813
2824
2831
2837
2856
2868
2870
2882
2904
2908
2915
2938
2946
2953
2968
2970
2977
2980
2998
3031
3034
3048
3107
3112
3165
3168
3204
3237
3280
3287
3344
3347
3361
3377
3386
3455
3478
3503
3504
3536
3563
3564
3577
3584
3662
3671
3701
3718
3726
3745
3759
3802
3804
3841
3874
3887
3888
3917
3959
3985
4002
4006
4014
4018
4048
4070
4071
4090
4152
4181
4212
4218
4288
4295
4303
4356
4360
4365
4379
4386
4402
4403
4419
4460
4483
4496
4498
4507
4521
4527
4538
4543
4580
4598
4602
4617
4633
4640
4645
4649
4671
4672
4710
4735
4755
4786
4802
4829
4841
4842
4851
4866
4879
4883
4892
4911
4925
4947
4959
4993
4999
5046
5084
5086
5113
5117
5127
5148
5159
5167
5197
5217
5251
5260
5265
5269
5345
5347
5384
5386
5421
5440
5450
5451
5465
5484
5491
5498
5500
5520
5538
5580
5591
5600
5601
5622
5629
5638
5683
5707
5716
5724
5735
5761
5789
5821
5848
5877
5892
5912
5940
5969
5976
5977
5982
5989
6010
6043
6059
6087
6090
6121
6122
6133
6167
6181
6195
6233
6255
6267
6272
6278
6282
6294
6301
6303
6338
6347
6348
6350
6367
6375
6379
6394
6410
6412
6457
6493
6526
6527
6528
6544
6587
6614
6638
6655
6663
6665
6684
6691
6698
6701
6718
6724
6744
6753
6755
6796
6797
6819
6859
6860
6872
6878
6934
6973
6983
6991
7054
7062
7064
7069
7071
7089
7093
7144
7146
7164
7186
7192
7239
7256
7261
7262
7286
7305
7306
7307
7309
7340
7352
7356
7363
7367
7381
7392
7481
7516
7561
7568
7584
7585
7608
7627
7629
7650
7665
7693
7697
7739
7765
7784
7787
7820
7822
7842
7845
7853
7854
7858
7862
7867
7892
7943
7945
7954
7957
7979
7980
7998
8002
8006
8023
8030
8053
8056
8070
8075
8085
8116
8119
8120
8138
8146
8149
8152
8160
8162
8181
8216
8220
8299
8347
8351
8354
8368
8377
8400
8414
8426
8441
8463
8474
8482
8483
8504
8583
8600
8602
8608
8619
8620
8629
8662
8680
8730
8755
8763
8766
8771
8782
8825
8834
8840
8869
8880
8886
8921
8940
8943
8945
8958
8967
8976
8997
9016
9027
9045
9066
9123
9126
9132
9144
9148
9154
9163
9179
9198
9203
9259
9270
9294
9300
9301
9308
9309
9315
9340
9345
9359
9380
9381
9382
9390
9395
9424
9426
9428
9440
9457
9557
9561
9624
9633
9636
9664
9688
9715
9727
9745
9755
9796
9808
9811
9821
9841
9845
9856
9894
9898
9899
9934
9940
9951
9952
-1
