1
12
17
21
42
79
82
113
164
165
170
181
218
246
269
270
272
276
282
297
312
316
355
374
441
476
506
523
532
539
550
609
629
664
696
733
734
755
759
764
796
797
844
854
871
894
919
1008
1028
1056
1082
1107
1144
1153
1159
1176
1199
1208
1215
1231
1237
1242
1251
1256
1273
1329
1331
1342
1382
1400
1424
1487
1488
1498
1499
1501
1541
1571
1576
1590
1594
1601
1642
1680
1681
1708
1724
1755
1760
1797
1802
1816
1841
1852
1869
1891
1912
1917
1939
2007
2013
2014
2044
2057
2066
2079
2120
2131
2136
2175
2198
2202
2212
2221
2279
2310
2328
2347
2356
2384
2394
2410
2421
2426
2431
2434
2444
2462
2474
2485
2517
2530
2554
2561
2591
2600
2605
2633
2642
2644
2666
2675
2691
2693
2711
2728
2731
2755
2758
2761
2763
2786
2805
2811
2842
2847
2864
2914
2927
2944
2947
2949
2991
3027
3045
3057
3065
3076
3082
3088
3093
3101
3105
3106
3137
3181
3195
3209
3225
3250
3262
3266
3275
3289
3299
3303
3309
3323
3327
3336
3337
3357
3374
3409
3418
3427
3433
3465
3468
3493
3508
3520
3542
3554
3568
3578
3582
3635
3647
3677
3681
3686
3707
3712
3713
3720
3723
3758
3848
3854
3857
3860
3875
3919
3924
3926
3933
3934
3961
3975
3981
3986
4001
4037
4040
4045
4110
4112
4138
4163
4170
4188
4194
4201
4206
4216
4221
4225
4269
4281
4304
4309
4339
4345
4396
4398
4433
4448
4469
4512
4528
4533
4537
4543
4579
4584
4598
4612
4614
4627
4640
4652
4686
4708
4746
4750
4770
4808
4820
4824
4826
4834
4838
4853
4869
4896
4897
4905
4913
4923
4931
4935
4964
4992
5048
5053
5061
5079
5097
5100
5119
5134
5136
5149
5151
5154
5168
5184
5187
5198
5203
5209
5222
5225
5266
5286
5303
5311
5320
5324
5373
5385
5389
5403
5411
5412
5449
5453
5456
5457
5459
5465
5471
5508
5520
5526
5531
5537
5544
5550
5552
5559
5615
5616
5619
5628
5648
5685
5696
5699
5722
5757
5760
5777
5793
5801
5803
5842
5886
5888
5924
5961
5969
5993
6000
6020
6024
6029
6054
6066
6087
6098
6174
6181
6183
6184
6186
6190
6198
6217
6218
6226
6238
6254
6304
6323
6346
6376
6384
6409
6416
6439
6462
6469
6471
6484
6487
6509
6525
6559
6560
6563
6570
6571
6581
6584
6591
6615
6626
6630
6639
6652
6654
6682
6683
6706
6713
6718
6722
6766
6767
6782
6789
6799
6817
6826
6846
6858
6869
6903
6943
6947
6955
6968
6974
6978
6984
6995
6998
7019
7022
7027
7031
7044
7067
7081
7086
7114
7124
7129
7141
7147
7162
7173
7185
7225
7232
7240
7259
7270
7313
7328
7347
7372
7404
7415
7423
7436
7545
7568
7590
7591
7630
7643
7652
7659
7679
7695
7715
7736
7775
7793
7803
7821
7844
7851
7862
7877
7895
7897
7907
7917
7924
7965
7969
8005
8024
8041
8043
8089
8101
8108
8117
8119
8144
8152
8158
8191
8242
8246
8272
8294
8298
8322
8332
8336
8352
8357
8369
8388
8402
8507
8530
8551
8603
8611
8647
8672
8673
8687
8709
8710
8728
8749
8787
8790
8805
8813
8818
8820
8834
8907
8908
8916
8924
8935
8966
8976
8980
9015
9061
9073
9079
9091
9095
9109
9121
9134
9148
9192
9222
9235
9256
9329
9330
9332
9345
9359
9367
9448
9481
9492
9500
9508
9522
9542
9546
9560
9603
9659
9680
9687
9693
9695
9697
9741
9749
9795
9807
9872
9877
9878
9895
9904
9918
9934
9944
9973
9974
9987
-1
