3
7
8
12
15
37
39
58
65
73
75
87
90
99
132
134
137
162
171
173
178
198
255
276
277
294
333
355
392
398
405
412
448
475
482
484
500
507
529
534
590
605
612
613
615
644
646
657
671
706
708
721
757
763
815
839
844
857
874
908
925
933
958
1000
1042
1050
1075
1083
1120
1129
1130
1152
1153
1159
1165
1225
1229
1230
1234
1235
1259
1265
1301
1316
1327
1332
1339
1340
1370
1371
1374
1382
1384
1406
1408
1409
1426
1432
1454
1527
1539
1562
1603
1633
1637
1650
1654
1671
1685
1715
1716
1735
1789
1825
1830
1833
1838
1850
1854
1857
1888
1906
1913
1920
1923
1936
1941
1956
1983
2009
2018
2030
2048
2085
2099
2141
2164
2171
2179
2197
2260
2278
2282
2286
2289
2306
2311
2316
2350
2352
2374
2381
2387
2395
2480
2486
2547
2568
2580
2581
2583
2586
2593
2633
2637
2647
2648
2655
2680
2690
2713
2744
2755
2758
2805
2827
2865
2888
2890
2902
2908
2911
2922
2929
2935
2947
2962
2981
2987
2988
3006
3017
3022
3058
3063
3087
3096
3110
3161
3165
3166
3170
3197
3217
3246
3279
3298
3308
3320
3336
3399
3404
3409
3419
3430
3432
3487
3495
3502
3517
3528
3549
3557
3558
3587
3596
3600
3606
3627
3634
3646
3647
3650
3653
3694
3708
3714
3747
3765
3769
3775
3784
3787
3810
3852
3889
4022
4028
4040
4041
4042
4064
4075
4086
4094
4095
4109
4110
4147
4172
4176
4177
4205
4219
4227
4233
4235
4267
4317
4334
4350
4404
4414
4445
4479
4508
4537
4543
4545
4550
4588
4636
4649
4671
4737
4744
4747
4750
4775
4778
4783
4787
4797
4800
4822
4831
4854
4864
4876
4896
4905
4962
4972
5012
5013
5018
5033
5038
5053
5055
5069
5080
5081
5089
5117
5120
5136
5174
5194
5197
5213
5234
5247
5276
5287
5356
5363
5364
5365
5372
5415
5431
5502
5508
5563
5575
5584
5647
5663
5679
5683
5688
5697
5761
5781
5786
5790
5809
5828
5831
5858
5866
5873
5889
5903
5905
5909
5915
5937
5956
5966
5976
5990
5994
6000
6029
6035
6038
6060
6093
6095
6099
6103
6148
6151
6168
6170
6174
6176
6195
6215
6245
6255
6272
6273
6294
6301
6331
6343
6382
6403
6405
6424
6476
6479
6485
6497
6507
6515
6532
6542
6565
6588
6625
6642
6688
6710
6741
6746
6754
6758
6799
6819
6830
6846
6857
6878
6893
6957
6980
6995
7020
7056
7066
7068
7114
7139
7146
7150
7164
7195
7207
7228
7252
7255
7276
7289
7293
7306
7314
7347
7366
7368
7369
7373
7378
7413
7433
7446
7452
7477
7502
7564
7601
7609
7619
7632
7672
7678
7684
7697
7709
7748
7769
7777
7779
7793
7842
7863
7875
7892
7900
7902
7913
7944
7976
8021
8031
8112
8177
8193
8245
8279
8289
8303
8358
8407
8411
8415
8419
8450
8464
8468
8480
8491
8506
8538
8555
8572
8605
8618
8635
8651
8653
8657
8691
8694
8736
8741
8743
8759
8764
8773
8783
8823
8835
8866
8879
8882
8887
8898
8916
8949
8951
8967
8979
8981
9020
9028
9035
9037
9057
9074
9076
9077
9082
9091
9097
9139
9144
9147
9150
9164
9189
9192
9230
9232
9279
9289
9290
9300
9303
9310
9316
9320
9348
9420
9422
9444
9448
9464
9469
9477
9478
9536
9537
9570
9574
9592
9606
9637
9648
9672
9687
9690
9715
9743
9757
9770
9772
9810
9819
9829
9871
9878
9887
9894
9904
9909
9912
9914
9934
9939
9950
9952
9964
9965
9971
9985
9992
-1
