26
34
44
72
89
120
122
140
150
185
196
212
226
238
249
266
277
331
383
397
401
406
452
477
517
545
566
578
580
613
639
642
667
675
699
726
729
821
823
825
868
896
907
923
926
956
969
988
991
1013
1019
1023
1028
1041
1056
1062
1120
1166
1172
1176
1185
1200
1240
1270
1276
1288
1290
1326
1327
1329
1333
1336
1337
1355
1371
1386
1387
1397
1407
1442
1457
1474
1479
1502
1509
1538
1574
1590
1599
1607
1617
1626
1631
1673
1715
1737
1755
1756
1831
1839
1849
1850
1882
1889
1894
1906
1911
1927
1931
1982
2004
2011
2021
2036
2046
2072
2091
2119
2122
2132
2133
2151
2164
2176
2243
2251
2259
2267
2284
2355
2377
2395
2399
2427
2460
2465
2466
2490
2498
2499
2514
2523
2531
2535
2541
2545
2554
2557
2578
2614
2620
2621
2624
2631
2633
2644
2647
2652
2665
2676
2678
2689
2691
2730
2750
2760
2763
2784
2788
2817
2822
2823
2833
2838
2857
2863
2878
2884
2923
2967
3003
3035
3068
3077
3106
3108
3135
3177
3199
3202
3211
3246
3263
3299
3311
3324
3337
3346
3350
3367
3368
3430
3434
3468
3471
3518
3523
3532
3534
3557
3563
3603
3606
3617
3637
3719
3721
3732
3764
3809
3853
3858
3865
3867
3870
3904
3906
3935
3947
3951
3957
4005
4015
4037
4050
4070
4101
4131
4168
4181
4209
4220
4235
4239
4242
4252
4266
4278
4279
4285
4288
4289
4323
4332
4336
4381
4384
4417
4441
4479
4482
4494
4510
4586
4589
4595
4599
4612
4628
4635
4644
4647
4652
4667
4674
4678
4690
4735
4785
4824
4837
4846
4858
4870
4874
4902
4905
4925
4970
4972
4979
4985
5028
5053
5060
5086
5100
5101
5153
5160
5187
5242
5248
5259
5261
5270
5275
5288
5322
5326
5339
5357
5359
5373
5410
5414
5432
5437
5463
5476
5478
5520
5523
5601
5610
5615
5620
5650
5656
5670
5690
5693
5737
5746
5770
5808
5835
5837
5854
5871
5874
5877
5880
5930
5942
5955
5960
5969
5979
6011
6031
6043
6077
6083
6111
6175
6191
6203
6227
6234
6279
6327
6378
6480
6491
6540
6543
6635
6646
6655
6671
6672
6695
6699
6707
6753
6754
6774
6788
6803
6804
6809
6843
6881
6891
6924
6926
6945
6954
6958
7000
7007
7041
7064
7067
7069
7070
7094
7115
7132
7133
7167
7171
7194
7210
7226
7235
7248
7249
7250
7251
7306
7337
7347
7359
7360
7362
7366
7398
7418
7435
7441
7449
7462
7490
7502
7504
7509
7543
7579
7624
7669
7683
7691
7697
7698
7705
7743
7771
7780
7781
7783
7795
7799
7801
7825
7831
7848
7852
7886
7891
7915
7916
7930
7931
7939
7941
7943
7959
7962
7981
7999
8001
8014
8016
8024
8036
8037
8057
8066
8091
8096
8112
8159
8171
8175
8181
8186
8219
8222
8258
8264
8282
8310
8318
8322
8327
8342
8386
8391
8392
8395
8397
8408
8409
8414
8419
8441
8477
8491
8495
8497
8502
8520
8562
8574
8576
8579
8581
8628
8630
8634
8644
8668
8685
8696
8717
8740
8768
8773
8779
8783
8822
8827
8842
8846
8868
8871
8905
8930
8937
8953
8977
8983
8988
9000
9027
9036
9045
9056
9068
9070
9132
9141
9154
9155
9161
9163
9168
9194
9195
9198
9202
9211
9242
9253
9255
9267
9319
9334
9341
9361
9372
9405
9406
9422
9474
9486
9502
9504
9510
9513
9516
9565
9569
9576
9579
9589
9607
9608
9611
9612
9643
9657
9671
9678
9724
9728
9763
9789
9798
9848
9851
9856
9872
9943
9951
9965
9975
9997
-1
