8
86
101
141
144
146
165
181
182
201
208
217
223
244
279
282
322
330
340
341
344
348
399
426
440
466
488
528
595
607
614
628
639
643
654
657
659
660
666
668
672
683
694
704
714
720
727
728
756
780
782
785
798
894
906
908
915
918
955
957
958
959
1005
1015
1021
1022
1023
1026
1027
1062
1082
1118
1125
1148
1155
1182
1191
1194
1210
1227
1243
1286
1295
1297
1300
1308
1335
1346
1394
1402
1410
1442
1445
1517
1576
1578
1623
1632
1635
1640
1664
1674
1683
1687
1692
1698
1721
1723
1752
1806
1837
1840
1847
1863
1868
1890
1892
1894
1901
1933
1935
1938
1950
1953
1958
1966
2003
2024
2049
2053
2069
2075
2080
2090
2092
2115
2124
2133
2171
2187
2206
2218
2231
2243
2251
2261
2267
2291
2299
2319
2334
2344
2360
2369
2373
2375
2376
2382
2420
2437
2457
2464
2465
2466
2473
2528
2546
2547
2563
2606
2612
2640
2660
2673
2696
2711
2725
2728
2730
2771
2779
2785
2817
2825
2830
2832
2848
2864
2884
2890
2940
2943
2956
2991
3055
3076
3077
3086
3087
3112
3136
3139
3145
3166
3167
3205
3239
3258
3307
3310
3325
3336
3337
3342
3354
3392
3424
3471
3473
3500
3514
3529
3575
3594
3619
3623
3648
3666
3678
3682
3697
3706
3730
3747
3812
3816
3839
3858
3879
3884
3897
3917
3932
3951
3961
3971
3982
3993
4013
4022
4049
4056
4086
4095
4116
4119
4124
4130
4132
4136
4161
4163
4169
4181
4183
4228
4229
4231
4237
4257
4296
4337
4342
4348
4367
4396
4403
4413
4449
4470
4479
4480
4489
4519
4571
4573
4583
4586
4594
4697
4706
4714
4717
4749
4751
4797
4800
4802
4808
4835
4929
4978
4996
5019
5082
5083
5090
5107
5121
5161
5187
5190
5191
5227
5273
5303
5304
5305
5311
5316
5318
5325
5345
5373
5377
5385
5399
5448
5458
5466
5475
5527
5538
5565
5602
5625
5628
5653
5659
5667
5676
5677
5695
5736
5759
5760
5766
5780
5790
5791
5843
5864
5867
5868
5873
5887
5895
5928
5956
5974
5993
6018
6034
6064
6071
6083
6109
6114
6139
6157
6164
6188
6223
6264
6301
6302
6317
6339
6377
6415
6427
6430
6522
6536
6537
6544
6556
6557
6564
6589
6601
6611
6616
6623
6639
6682
6718
6761
6762
6771
6779
6826
6827
6867
6870
6877
6891
6910
6953
6960
6995
7008
7009
7042
7050
7122
7123
7125
7129
7130
7166
7169
7174
7184
7195
7214
7219
7224
7259
7267
7270
7273
7274
7276
7301
7335
7347
7360
7365
7367
7376
7386
7391
7397
7412
7418
7448
7452
7457
7458
7484
7487
7494
7510
7541
7555
7567
7573
7584
7597
7604
7606
7652
7664
7696
7702
7708
7709
7714
7740
7767
7775
7815
7880
7884
7953
7961
7971
7984
7989
7990
7993
8049
8050
8055
8066
8112
8115
8119
8128
8135
8139
8150
8154
8165
8194
8198
8212
8235
8254
8261
8284
8297
8304
8313
8335
8351
8352
8383
8411
8437
8487
8500
8504
8533
8564
8636
8647
8654
8657
8666
8675
8687
8710
8714
8740
8741
8757
8765
8766
8773
8782
8793
8795
8860
8864
8866
8896
8910
8911
8913
8924
8942
8949
9016
9030
9042
9074
9076
9087
9090
9091
9097
9113
9167
9171
9194
9200
9253
9306
9329
9349
9358
9373
9386
9405
9411
9414
9424
9532
9533
9549
9557
9580
9585
9589
9590
9617
9625
9642
9672
9725
9728
9732
9760
9764
9813
9821
9822
9832
9859
9867
9872
9879
9890
9892
9896
9902
9904
9968
-1
