20
30
31
44
49
62
80
85
109
133
137
138
139
145
148
162
168
200
207
220
264
266
292
332
343
355
383
394
440
441
442
448
479
506
524
527
531
541
554
574
580
587
595
605
622
630
660
662
675
683
712
751
763
773
777
828
829
833
865
883
942
977
991
1007
1070
1086
1087
1090
1096
1107
1125
1151
1157
1158
1184
1188
1208
1221
1229
1239
1271
1287
1292
1294
1301
1306
1317
1330
1339
1357
1361
1365
1421
1423
1431
1432
1452
1460
1473
1521
1547
1558
1596
1615
1633
1643
1656
1690
1704
1705
1712
1730
1792
1807
1815
1830
1848
1857
1893
1925
1926
1930
1976
1979
1986
2003
2015
2029
2035
2047
2064
2091
2101
2135
2142
2158
2159
2169
2181
2191
2193
2201
2243
2274
2311
2317
2326
2367
2378
2384
2389
2443
2446
2456
2467
2476
2494
2521
2541
2590
2592
2596
2598
2600
2602
2623
2627
2631
2637
2661
2706
2727
2739
2758
2792
2798
2814
2827
2851
2885
2886
2892
2959
2961
2972
3010
3030
3043
3062
3110
3135
3144
3157
3203
3218
3251
3253
3259
3266
3283
3284
3286
3298
3319
3321
3338
3339
3344
3362
3364
3396
3398
3437
3456
3461
3468
3541
3549
3550
3558
3563
3568
3578
3591
3646
3676
3683
3694
3697
3700
3709
3720
3730
3757
3775
3791
3844
3898
3902
3904
3912
3932
3954
3955
3958
3969
3994
4002
4011
4103
4141
4168
4174
4182
4186
4192
4202
4206
4213
4221
4249
4274
4284
4291
4326
4390
4415
4423
4433
4450
4471
4488
4492
4495
4511
4514
4517
4522
4527
4546
4559
4593
4595
4601
4623
4657
4663
4693
4710
4720
4738
4741
4750
4751
4769
4788
4796
4809
4819
4820
4839
4859
4861
4864
4874
4968
4975
4978
5011
5028
5047
5050
5051
5067
5072
5074
5104
5128
5134
5151
5179
5184
5196
5203
5206
5208
5221
5228
5255
5267
5278
5283
5288
5291
5319
5320
5343
5349
5356
5360
5363
5377
5399
5403
5408
5423
5432
5438
5441
5453
5482
5502
5569
5578
5603
5607
5618
5626
5645
5709
5744
5775
5784
5800
5811
5823
5860
5869
5873
5897
5916
5929
6056
6109
6140
6142
6143
6159
6190
6208
6215
6220
6245
6257
6308
6314
6320
6321
6337
6346
6357
6389
6396
6490
6495
6496
6503
6549
6550
6557
6580
6624
6641
6649
6659
6677
6685
6776
6781
6793
6800
6802
6903
6909
6919
6966
6985
6988
6998
7001
7004
7038
7059
7061
7077
7092
7130
7143
7187
7210
7213
7249
7258
7275
7281
7285
7288
7318
7341
7350
7361
7380
7397
7423
7440
7441
7457
7469
7500
7502
7522
7576
7656
7681
7693
7732
7772
7785
7800
7802
7804
7849
7862
7867
7895
7950
7986
8060
8068
8081
8114
8116
8138
8159
8168
8171
8180
8198
8216
8233
8267
8275
8282
8291
8298
8342
8346
8350
8384
8385
8386
8400
8414
8416
8434
8446
8462
8565
8597
8604
8620
8629
8632
8666
8670
8671
8673
8680
8685
8696
8712
8721
8742
8745
8752
8754
8760
8773
8792
8809
8826
8871
8909
8953
8958
8960
8962
8981
8985
8989
9002
9007
9008
9012
9030
9051
9055
9056
9065
9073
9141
9144
9154
9169
9183
9192
9209
9229
9243
9251
9258
9267
9293
9311
9350
9369
9378
9380
9400
9461
9495
9501
9524
9527
9530
9535
9537
9540
9555
9565
9582
9595
9639
9644
9654
9661
9664
9674
9691
9719
9744
9750
9753
9767
9773
9793
9815
9829
9850
9861
9862
9874
9882
9920
9944
9950
9959
9966
9980
9982
-1
