8
24
43
44
85
91
101
109
124
139
151
152
161
176
180
184
194
197
198
202
219
227
258
271
273
288
303
337
375
384
401
407
413
423
444
463
466
475
508
512
520
527
554
591
603
610
626
639
641
660
679
712
738
741
756
766
774
846
877
896
920
922
934
953
973
980
990
994
1017
1029
1076
1078
1082
1085
1103
1106
1114
1119
1129
1136
1145
1151
1185
1203
1291
1297
1312
1321
1327
1345
1402
1420
1424
1429
1460
1480
1482
1490
1495
1510
1524
1560
1576
1592
1610
1615
1621
1645
1676
1678
1683
1688
1698
1759
1765
1776
1787
1817
1819
1878
1895
1905
1916
1921
1929
1955
1985
1990
1992
2001
2006
2040
2055
2059
2092
2105
2134
2144
2154
2158
2208
2213
2227
2242
2295
2330
2335
2367
2395
2397
2419
2452
2463
2477
2487
2518
2533
2540
2550
2563
2592
2597
2610
2618
2623
2630
2656
2677
2699
2708
2722
2731
2741
2744
2749
2757
2765
2774
2838
2844
2852
2875
2878
2879
2909
2925
2938
2941
2949
2984
2998
3015
3020
3051
3056
3087
3150
3182
3210
3212
3227
3229
3240
3255
3258
3289
3290
3296
3305
3345
3346
3366
3376
3408
3418
3421
3456
3461
3483
3484
3487
3497
3500
3518
3522
3536
3543
3565
3586
3604
3613
3617
3622
3639
3647
3660
3710
3754
3756
3758
3761
3762
3769
3798
3801
3812
3813
3831
3834
3843
3844
3906
3929
3987
3998
4012
4029
4031
4033
4036
4044
4054
4057
4076
4091
4117
4122
4128
4141
4176
4193
4196
4206
4221
4229
4250
4338
4348
4359
4377
4381
4426
4443
4478
4487
4518
4538
4550
4558
4585
4622
4665
4677
4709
4727
4747
4755
4762
4781
4804
4808
4816
4820
4824
4835
4844
4847
4872
4882
4888
4919
4976
5047
5074
5114
5162
5204
5226
5277
5280
5285
5324
5328
5329
5331
5356
5374
5391
5405
5459
5466
5510
5537
5562
5568
5575
5584
5622
5628
5634
5639
5643
5673
5690
5693
5704
5710
5720
5733
5742
5767
5810
5830
5857
5865
5882
5923
5937
5948
5951
5974
5977
5982
5984
6021
6025
6039
6050
6067
6099
6119
6147
6152
6168
6172
6178
6197
6227
6248
6257
6264
6283
6299
6311
6350
6390
6444
6451
6497
6504
6513
6522
6544
6563
6603
6617
6625
6628
6635
6749
6759
6766
6777
6785
6814
6844
6857
6859
6893
6928
6930
6956
6966
6973
6983
7030
7048
7053
7056
7058
7064
7069
7110
7112
7154
7194
7236
7260
7295
7299
7322
7355
7356
7365
7374
7385
7418
7422
7435
7444
7525
7537
7556
7562
7579
7587
7602
7632
7641
7646
7689
7692
7702
7704
7707
7713
7716
7736
7738
7764
7766
7824
7850
7874
7891
7900
7918
7948
7949
7953
7976
7978
8037
8052
8053
8092
8124
8142
8185
8190
8220
8228
8261
8284
8296
8318
8321
8322
8331
8344
8346
8347
8349
8366
8372
8378
8383
8394
8395
8404
8405
8424
8427
8430
8454
8458
8466
8467
8487
8496
8525
8530
8538
8542
8549
8572
8580
8581
8583
8595
8607
8623
8627
8637
8638
8651
8660
8667
8748
8801
8819
8829
8832
8851
8863
8866
8874
8880
8900
8921
8950
8971
8981
8989
9038
9051
9058
9096
9105
9122
9133
9138
9231
9240
9259
9266
9275
9277
9287
9319
9330
9332
9334
9342
9348
9363
9366
9415
9452
9497
9508
9516
9518
9525
9546
9570
9584
9608
9611
9620
9621
9649
9681
9700
9708
9718
9777
9779
9780
9823
9827
9835
9839
9842
9866
9875
9960
9973
9980
9998
-1
