23
25
27
53
55
80
127
128
133
134
190
231
237
247
264
287
291
300
301
308
329
330
340
361
392
423
434
448
466
467
513
541
547
548
557
580
606
615
617
619
634
671
689
716
745
749
762
795
805
856
859
881
886
904
960
970
974
1006
1010
1041
1045
1064
1066
1079
1100
1111
1122
1126
1141
1157
1168
1198
1231
1240
1262
1270
1298
1311
1320
1337
1338
1370
1382
1395
1436
1439
1448
1467
1520
1525
1540
1559
1585
1590
1606
1610
1614
1630
1647
1657
1660
1701
1705
1718
1729
1746
1802
1818
1835
1840
1912
1914
1949
1952
1984
2000
2028
2030
2053
2100
2107
2114
2129
2176
2189
2220
2243
2244
2257
2268
2273
2300
2306
2322
2343
2362
2366
2410
2438
2453
2460
2477
2481
2564
2576
2580
2610
2622
2643
2644
2669
2679
2688
2709
2727
2739
2771
2777
2781
2787
2796
2862
2884
2888
2931
2942
2951
2971
3058
3067
3077
3084
3094
3134
3145
3151
3164
3195
3219
3231
3234
3236
3246
3250
3257
3259
3274
3326
3329
3330
3340
3351
3357
3369
3387
3420
3443
3450
3456
3457
3495
3514
3515
3543
3546
3576
3594
3598
3609
3616
3623
3626
3672
3681
3684
3693
3791
3792
3795
3811
3815
3848
3853
3934
3942
3955
3965
3999
4020
4024
4046
4071
4093
4114
4142
4180
4209
4213
4218
4232
4254
4256
4257
4276
4307
4341
4344
4361
4372
4380
4386
4387
4401
4409
4455
4464
4494
4496
4521
4524
4540
4546
4578
4589
4605
4633
4634
4642
4657
4673
4728
4750
4764
4768
4783
4828
4830
4835
4840
4864
4891
4902
4916
4950
4960
4981
5014
5030
5065
5076
5085
5090
5120
5153
5155
5172
5176
5194
5236
5249
5306
5311
5314
5358
5372
5380
5389
5401
5405
5410
5414
5418
5420
5455
5482
5488
5513
5550
5551
5554
5561
5564
5587
5588
5615
5656
5678
5709
5746
5756
5759
5770
5772
5818
5889
5890
5904
5915
5941
5954
5976
5996
6011
6021
6031
6035
6054
6056
6057
6074
6075
6082
6084
6093
6106
6129
6145
6160
6172
6189
6205
6206
6210
6211
6232
6236
6252
6255
6269
6272
6290
6311
6337
6360
6362
6380
6395
6414
6430
6449
6469
6476
6481
6490
6492
6501
6503
6526
6529
6540
6558
6563
6565
6591
6614
6618
6625
6643
6644
6650
6690
6697
6723
6746
6754
6765
6775
6789
6806
6817
6826
6851
6859
6869
6888
6890
6893
6932
6939
6946
6978
7030
7031
7045
7054
7056
7058
7062
7068
7115
7126
7136
7142
7147
7150
7195
7199
7211
7239
7281
7282
7294
7356
7358
7365
7377
7391
7396
7428
7443
7461
7464
7512
7514
7517
7527
7588
7589
7598
7606
7624
7651
7652
7666
7700
7709
7754
7776
7793
7794
7797
7807
7837
7849
7876
7901
7915
7922
7926
7938
7945
7957
7970
7978
7993
8007
8031
8058
8111
8114
8130
8145
8150
8181
8196
8199
8219
8225
8260
8263
8266
8280
8294
8320
8322
8325
8336
8340
8355
8376
8385
8462
8480
8485
8489
8499
8502
8504
8562
8568
8581
8587
8610
8633
8676
8687
8709
8715
8716
8718
8747
8755
8796
8833
8860
8877
8905
8911
8956
8958
8965
8972
8980
8999
9017
9018
9023
9026
9038
9044
9073
9165
9173
9219
9242
9245
9261
9272
9293
9295
9300
9309
9326
9344
9351
9402
9445
9451
9528
9541
9575
9582
9583
9609
9610
9627
9644
9676
9693
9697
9706
9722
9736
9751
9767
9796
9807
9819
9823
9834
9835
9843
9876
9906
9911
9969
9981
9989
9991
9997
-1
