8
10
12
45
74
113
121
155
172
173
187
191
210
218
233
252
253
274
334
338
352
463
522
524
567
575
577
595
607
611
630
638
641
649
684
685
701
707
729
806
839
864
893
904
909
915
926
944
961
972
991
998
1006
1030
1036
1060
1119
1123
1169
1182
1185
1194
1206
1213
1219
1261
1286
1327
1335
1348
1363
1371
1388
1392
1418
1420
1481
1492
1526
1532
1538
1567
1578
1603
1607
1616
1637
1664
1687
1688
1717
1735
1759
1785
1789
1790
1810
1831
1844
1848
1849
1909
1924
1942
2008
2012
2013
2021
2029
2085
2096
2114
2143
2205
2218
2225
2232
2260
2280
2306
2309
2368
2371
2378
2391
2392
2408
2427
2429
2430
2448
2469
2483
2491
2536
2558
2566
2568
2570
2583
2624
2634
2649
2708
2714
2733
2770
2784
2826
2831
2847
2853
2873
2895
2904
2916
2931
2949
2963
2995
3018
3043
3081
3085
3110
3135
3142
3148
3166
3179
3183
3191
3194
3197
3225
3227
3230
3238
3268
3287
3306
3310
3356
3371
3375
3383
3430
3438
3524
3532
3544
3550
3551
3555
3588
3622
3623
3631
3635
3641
3645
3662
3704
3733
3750
3760
3766
3801
3837
3844
3858
3878
3889
3909
3924
3935
3946
3952
3982
3991
3995
3996
4000
4008
4010
4022
4032
4096
4100
4110
4124
4152
4173
4197
4230
4231
4234
4260
4263
4273
4290
4292
4295
4315
4331
4351
4374
4393
4404
4412
4431
4451
4453
4464
4487
4512
4522
4553
4571
4577
4582
4616
4624
4674
4683
4696
4701
4716
4721
4738
4740
4752
4793
4799
4814
4816
4823
4826
4844
4854
4857
4888
4963
4967
4986
5007
5018
5040
5047
5055
5105
5118
5131
5137
5150
5160
5170
5175
5212
5233
5249
5276
5294
5295
5351
5357
5361
5374
5375
5405
5430
5445
5457
5462
5466
5467
5493
5510
5535
5550
5557
5565
5590
5599
5608
5612
5645
5651
5659
5660
5664
5680
5685
5702
5707
5710
5723
5727
5734
5744
5747
5753
5772
5783
5808
5840
5843
5887
5892
5935
5937
5959
5962
5965
5970
5998
6068
6071
6119
6135
6137
6150
6165
6182
6188
6196
6207
6234
6242
6265
6295
6301
6310
6339
6406
6408
6409
6446
6463
6488
6531
6547
6561
6565
6573
6576
6604
6647
6672
6706
6709
6712
6739
6740
6746
6750
6764
6769
6774
6779
6780
6783
6790
6876
6880
6909
6914
6939
6957
6993
7004
7010
7022
7036
7039
7114
7118
7138
7145
7184
7197
7207
7231
7232
7243
7259
7264
7268
7281
7286
7305
7310
7328
7374
7426
7440
7506
7575
7583
7588
7596
7639
7650
7690
7699
7718
7725
7743
7748
7752
7761
7763
7784
7801
7830
7853
7881
7900
7910
7944
7964
7981
7985
7988
7995
8016
8032
8043
8049
8053
8078
8108
8147
8153
8154
8159
8172
8174
8177
8183
8199
8210
8244
8246
8250
8290
8292
8299
8322
8342
8369
8387
8392
8407
8447
8458
8497
8502
8522
8537
8561
8584
8590
8600
8605
8616
8624
8638
8641
8660
8661
8666
8683
8710
8712
8728
8732
8742
8756
8807
8832
8853
8878
8880
8914
8933
8937
8949
8986
8994
8995
9003
9006
9024
9067
9084
9091
9095
9101
9117
9121
9135
9144
9157
9208
9217
9222
9229
9237
9293
9304
9325
9334
9361
9362
9375
9379
9381
9388
9423
9464
9484
9492
9518
9519
9530
9534
9552
9561
9587
9650
9668
9673
9679
9680
9697
9700
9724
9739
9744
9767
9772
9784
9809
9811
9816
9817
9828
9829
9838
9845
9852
9856
9877
9904
9918
9922
9925
9950
9993
-1
