22
52
61
110
140
145
147
153
159
163
165
169
242
254
261
275
290
291
354
380
418
429
470
515
563
574
576
577
585
591
596
605
608
609
670
681
699
714
734
768
769
792
801
825
859
862
872
896
922
1048
1063
1067
1078
1088
1093
1105
1114
1121
1131
1147
1168
1259
1284
1292
1313
1315
1349
1352
1385
1410
1421
1440
1441
1460
1485
1533
1574
1576
1591
1614
1619
1629
1634
1643
1646
1654
1712
1736
1743
1748
1762
1839
1840
1843
1846
1853
1854
1870
1874
1878
1895
1901
1907
1956
1978
1986
2002
2015
2039
2055
2065
2076
2079
2092
2103
2109
2154
2189
2190
2220
2222
2240
2249
2257
2261
2282
2344
2347
2374
2384
2396
2409
2435
2447
2467
2486
2500
2510
2523
2524
2535
2537
2551
2559
2570
2575
2598
2603
2604
2621
2639
2641
2659
2677
2679
2685
2719
2731
2745
2747
2748
2797
2798
2803
2805
2829
2838
2855
2857
2877
2889
2907
2910
2950
2980
3032
3033
3035
3070
3075
3095
3104
3181
3184
3186
3208
3273
3284
3288
3315
3332
3335
3355
3369
3396
3400
3437
3441
3453
3454
3478
3487
3532
3577
3580
3587
3600
3618
3650
3652
3655
3684
3707
3737
3764
3766
3771
3791
3801
3825
3854
3857
3870
3885
3921
3924
3984
3997
4012
4030
4033
4059
4060
4076
4167
4181
4220
4252
4254
4263
4270
4299
4313
4322
4357
4364
4385
4391
4413
4425
4432
4458
4461
4464
4466
4469
4495
4539
4550
4577
4584
4588
4598
4617
4637
4664
4672
4680
4691
4698
4699
4703
4710
4725
4729
4730
4757
4776
4783
4802
4812
4831
4844
4854
4891
4903
4917
4966
5011
5059
5060
5070
5074
5084
5086
5095
5115
5124
5134
5144
5175
5212
5215
5253
5263
5265
5267
5279
5332
5340
5389
5421
5438
5448
5455
5464
5465
5527
5548
5549
5557
5568
5582
5587
5630
5649
5657
5681
5732
5739
5762
5764
5770
5787
5794
5820
5838
5843
5844
5855
5860
5878
5894
5914
5921
5927
5953
5955
5963
5966
5967
5993
5998
6000
6002
6040
6052
6055
6098
6197
6212
6220
6332
6377
6382
6404
6406
6429
6434
6442
6451
6476
6479
6480
6486
6489
6527
6537
6600
6601
6617
6637
6649
6655
6657
6662
6679
6680
6681
6687
6698
6711
6715
6722
6788
6797
6863
6875
6877
6882
6886
6919
6920
6928
6939
6956
6972
6979
6990
7005
7015
7053
7059
7074
7105
7107
7113
7131
7134
7138
7149
7151
7175
7178
7212
7235
7245
7253
7271
7306
7315
7350
7369
7392
7406
7411
7418
7429
7441
7492
7499
7503
7517
7519
7526
7552
7586
7588
7600
7607
7630
7650
7654
7675
7716
7726
7777
7781
7806
7812
7815
7830
7849
7857
7862
7887
7917
7925
7929
7935
7945
7966
7994
8002
8011
8045
8054
8101
8107
8109
8144
8154
8161
8170
8191
8192
8204
8209
8210
8236
8240
8244
8250
8264
8267
8295
8306
8317
8352
8360
8367
8369
8419
8429
8433
8454
8459
8467
8499
8504
8513
8528
8557
8571
8584
8597
8598
8631
8647
8648
8649
8688
8691
8699
8705
8723
8726
8740
8742
8749
8767
8827
8836
8865
8877
8880
8909
8911
8939
8941
8946
8958
8967
8973
8984
9012
9025
9049
9057
9095
9111
9115
9117
9155
9159
9172
9183
9198
9234
9256
9262
9281
9286
9309
9320
9342
9361
9364
9392
9446
9506
9528
9551
9589
9617
9618
9632
9654
9685
9687
9692
9696
9697
9701
9703
9735
9743
9744
9793
9815
9823
9827
9837
9866
9905
9951
9955
9962
9967
9978
-1
