71
110
126
186
218
220
224
239
243
251
259
263
265
268
289
306
307
335
378
383
410
470
471
473
515
528
547
555
565
601
609
619
622
666
676
706
709
723
750
753
795
802
847
861
872
883
884
897
919
977
983
1043
1091
1128
1151
1155
1165
1168
1174
1212
1233
1237
1256
1276
1283
1294
1301
1317
1335
1345
1350
1355
1357
1363
1392
1398
1410
1416
1439
1459
1474
1504
1533
1535
1536
1541
1605
1606
1608
1612
1615
1617
1626
1633
1640
1649
1683
1685
1704
1705
1707
1718
1731
1734
1738
1770
1773
1793
1816
1834
1842
1845
1850
1851
1870
1898
1900
1913
1930
1948
1954
1962
1963
1987
2004
2017
2028
2042
2091
2110
2122
2132
2158
2176
2178
2196
2233
2235
2261
2283
2288
2291
2308
2330
2332
2341
2351
2357
2371
2375
2385
2386
2400
2407
2410
2429
2455
2479
2486
2498
2515
2574
2580
2583
2585
2593
2698
2702
2734
2765
2785
2793
2794
2810
2815
2832
2857
2882
2898
2899
2916
2971
2996
3064
3076
3083
3091
3113
3114
3166
3178
3188
3196
3205
3213
3221
3230
3240
3246
3270
3285
3291
3295
3302
3307
3334
3347
3368
3387
3391
3397
3419
3422
3449
3470
3533
3603
3656
3666
3701
3703
3720
3723
3735
3737
3755
3758
3769
3792
3795
3810
3816
3845
3856
3864
3871
3884
3885
3926
3938
3945
3947
3974
3991
4005
4012
4030
4046
4121
4128
4162
4168
4169
4191
4192
4203
4234
4242
4276
4279
4285
4286
4332
4346
4347
4361
4363
4387
4413
4423
4424
4429
4431
4435
4452
4453
4474
4488
4501
4510
4530
4533
4598
4622
4636
4641
4649
4696
4729
4730
4739
4784
4793
4796
4817
4821
4855
4876
4894
4930
4939
4960
4968
5016
5019
5030
5110
5126
5161
5169
5183
5223
5245
5253
5256
5291
5325
5334
5337
5348
5352
5360
5395
5422
5451
5456
5538
5542
5578
5579
5588
5605
5608
5620
5626
5630
5650
5689
5708
5719
5762
5777
5785
5786
5791
5798
5804
5833
5849
5868
5877
5892
5899
5917
5932
5934
5935
5940
5943
5946
5948
5983
5998
5999
6003
6012
6036
6046
6060
6100
6134
6148
6186
6187
6192
6214
6225
6244
6248
6251
6262
6265
6276
6292
6299
6310
6312
6333
6342
6355
6359
6360
6364
6372
6377
6386
6423
6431
6436
6445
6448
6451
6470
6485
6491
6505
6513
6529
6557
6582
6625
6630
6645
6662
6675
6677
6683
6692
6719
6720
6754
6768
6774
6841
6858
6863
6935
7001
7007
7030
7036
7057
7066
7097
7110
7111
7118
7127
7129
7161
7176
7193
7201
7212
7220
7224
7234
7238
7264
7282
7284
7287
7308
7364
7396
7419
7423
7440
7466
7495
7523
7561
7565
7582
7602
7611
7628
7637
7696
7703
7722
7728
7732
7754
7814
7819
7826
7827
7865
7881
7889
7897
7914
7926
7942
7969
7982
7990
8003
8028
8041
8078
8084
8201
8246
8247
8266
8270
8277
8293
8294
8376
8378
8383
8393
8422
8424
8435
8436
8437
8440
8453
8501
8513
8523
8551
8564
8569
8578
8589
8606
8609
8633
8650
8668
8694
8700
8756
8760
8798
8799
8804
8837
8846
8866
8870
8875
8900
8923
8959
8976
9010
9011
9020
9027
9036
9065
9072
9101
9123
9127
9158
9182
9185
9213
9215
9255
9267
9310
9330
9352
9386
9399
9401
9406
9436
9442
9454
9455
9494
9509
9544
9570
9577
9620
9625
9641
9649
9662
9670
9697
9704
9717
9726
9751
9755
9819
9841
9847
9856
9880
9931
9935
9938
9941
9957
9972
9975
9976
9999
-1
