16
29
63
73
76
91
95
97
114
119
135
171
193
207
260
272
277
285
293
303
305
315
338
358
376
382
388
395
421
432
449
455
462
464
467
490
533
536
538
556
559
566
596
597
598
603
628
630
649
686
690
730
734
750
767
781
788
810
815
855
868
874
876
927
932
937
981
983
993
1003
1023
1098
1127
1145
1146
1151
1152
1161
1191
1192
1224
1249
1252
1259
1262
1285
1292
1326
1331
1342
1361
1380
1391
1394
1426
1434
1440
1443
1460
1461
1464
1471
1487
1504
1506
1525
1544
1575
1586
1594
1627
1681
1694
1704
1725
1728
1732
1748
1753
1798
1801
1837
1848
1863
1871
1880
1899
1926
1955
1956
1968
1989
2043
2064
2073
2080
2125
2126
2128
2182
2185
2186
2196
2222
2226
2243
2269
2280
2326
2389
2417
2442
2482
2513
2528
2543
2546
2555
2574
2602
2628
2634
2636
2661
2667
2680
2719
2751
2784
2830
2849
2891
2896
2955
2974
3002
3020
3046
3069
3077
3090
3117
3120
3180
3194
3220
3237
3242
3244
3262
3264
3280
3289
3319
3335
3339
3340
3353
3366
3385
3405
3406
3426
3433
3436
3445
3469
3507
3512
3529
3568
3571
3607
3654
3669
3700
3708
3712
3719
3735
3740
3744
3746
3754
3790
3796
3800
3826
3834
3866
3912
3920
3958
3960
3967
3991
3995
3998
4013
4045
4057
4092
4109
4143
4166
4215
4219
4225
4238
4240
4251
4254
4267
4271
4272
4288
4294
4322
4329
4332
4338
4346
4352
4354
4371
4394
4420
4476
4493
4500
4515
4550
4596
4625
4628
4667
4671
4678
4703
4708
4730
4749
4771
4803
4811
4816
4863
4867
4871
4880
4906
4907
4959
4983
5009
5065
5074
5156
5174
5180
5198
5205
5211
5215
5245
5246
5266
5270
5277
5282
5304
5310
5333
5376
5384
5386
5399
5403
5408
5410
5430
5439
5440
5450
5465
5481
5494
5536
5584
5588
5594
5610
5640
5652
5653
5661
5672
5713
5734
5764
5832
5841
5871
5876
5877
5909
5915
5926
5987
5997
6074
6083
6085
6093
6102
6109
6123
6124
6140
6153
6160
6164
6175
6188
6245
6291
6307
6308
6312
6324
6325
6343
6356
6361
6373
6375
6383
6396
6397
6399
6411
6428
6431
6440
6466
6470
6476
6512
6513
6533
6539
6540
6547
6552
6566
6568
6569
6627
6643
6647
6670
6671
6698
6703
6713
6723
6765
6809
6829
6889
6893
6905
6908
6914
6916
6947
6948
6949
6954
6986
6993
6999
7070
7094
7106
7107
7164
7203
7229
7272
7290
7340
7356
7362
7367
7452
7458
7473
7477
7496
7510
7514
7525
7531
7534
7547
7550
7559
7572
7586
7591
7606
7608
7634
7638
7639
7647
7662
7668
7681
7688
7712
7788
7825
7832
7833
7848
7871
7879
7892
7897
7909
7910
7913
7929
7941
7945
7963
7969
7976
7978
7980
7984
7986
7996
8062
8104
8118
8132
8179
8187
8204
8213
8238
8309
8311
8329
8339
8367
8377
8383
8389
8391
8402
8426
8427
8434
8446
8459
8493
8540
8567
8574
8614
8623
8656
8685
8691
8720
8744
8769
8799
8803
8806
8829
8859
8910
8951
8955
8963
8984
8987
9001
9004
9007
9021
9025
9033
9037
9070
9075
9079
9091
9131
9149
9182
9193
9227
9243
9261
9283
9323
9333
9337
9378
9383
9384
9395
9402
9427
9448
9469
9491
9492
9501
9612
9625
9626
9636
9661
9664
9677
9689
9700
9705
9721
9734
9741
9760
9763
9773
9781
9784
9788
9807
9823
9835
9850
9862
9871
9874
9882
9886
9895
9900
9906
9929
9946
9954
9966
-1
