13
18
31
48
51
56
67
69
81
83
121
141
149
178
198
208
222
271
273
284
285
308
310
316
360
380
384
391
394
429
471
478
479
491
497
540
552
556
563
588
593
601
607
614
618
630
635
647
655
662
677
685
704
708
724
748
784
800
812
832
878
909
926
950
984
1008
1013
1016
1026
1028
1031
1033
1038
1071
1110
1116
1145
1162
1166
1168
1226
1227
1237
1238
1246
1255
1256
1269
1272
1373
1382
1428
1447
1467
1469
1474
1510
1538
1551
1600
1614
1618
1642
1691
1702
1716
1740
1749
1750
1753
1772
1845
1870
1886
1900
1901
1925
1928
1931
1938
1955
1972
1993
2019
2037
2064
2088
2095
2113
2116
2117
2118
2124
2128
2150
2154
2171
2199
2203
2242
2298
2300
2358
2386
2457
2491
2520
2527
2545
2597
2625
2636
2658
2665
2675
2699
2702
2730
2744
2752
2766
2780
2799
2807
2827
2830
2831
2849
2855
2878
2883
2901
2911
2928
2954
2992
3047
3061
3065
3066
3083
3092
3097
3120
3202
3215
3216
3218
3221
3242
3248
3282
3335
3350
3355
3357
3366
3370
3384
3405
3412
3432
3444
3466
3475
3478
3480
3506
3507
3528
3548
3562
3573
3590
3595
3624
3630
3643
3654
3661
3688
3709
3713
3723
3727
3748
3758
3778
3809
3823
3835
3859
3878
3896
3900
3949
3974
4013
4050
4053
4067
4072
4075
4110
4122
4131
4141
4166
4175
4180
4182
4185
4198
4207
4228
4251
4255
4291
4306
4313
4336
4355
4413
4415
4424
4428
4436
4481
4483
4490
4505
4522
4530
4551
4564
4565
4581
4593
4613
4628
4642
4711
4717
4740
4772
4773
4774
4783
4848
4851
4855
4866
4876
4883
4886
4895
4936
4947
4949
5037
5040
5046
5055
5056
5060
5077
5093
5101
5122
5129
5130
5136
5147
5167
5188
5224
5227
5245
5271
5289
5293
5304
5357
5394
5402
5406
5433
5440
5449
5454
5486
5515
5540
5546
5554
5590
5598
5608
5622
5633
5634
5642
5650
5669
5693
5708
5720
5723
5734
5742
5746
5756
5768
5776
5777
5787
5797
5806
5818
5839
5853
5876
5880
5886
5942
5945
5985
6015
6027
6048
6069
6094
6101
6154
6171
6172
6195
6214
6260
6266
6298
6311
6352
6372
6388
6403
6475
6496
6545
6551
6574
6594
6630
6669
6670
6701
6710
6713
6747
6771
6781
6785
6796
6806
6816
6818
6831
6839
6840
6841
6856
6867
6871
6875
6876
6920
6946
6972
6987
7000
7013
7018
7030
7047
7055
7074
7076
7081
7086
7119
7122
7126
7145
7151
7166
7185
7210
7215
7236
7273
7279
7286
7287
7347
7376
7384
7395
7402
7454
7456
7479
7488
7510
7511
7554
7568
7587
7597
7606
7624
7643
7687
7698
7737
7739
7767
7774
7797
7816
7836
7875
7886
7890
7892
7896
7938
7940
7949
7963
7983
7987
7989
7997
7999
8012
8019
8044
8060
8067
8079
8095
8096
8102
8114
8117
8142
8145
8169
8224
8229
8248
8263
8264
8303
8325
8344
8356
8365
8419
8436
8437
8454
8459
8465
8501
8502
8515
8520
8524
8542
8573
8604
8612
8626
8631
8671
8723
8749
8752
8764
8769
8778
8783
8786
8837
8842
8868
8872
8929
8949
8980
8982
8989
9029
9082
9102
9106
9111
9128
9151
9168
9170
9178
9210
9227
9243
9246
9286
9293
9343
9358
9371
9396
9397
9412
9442
9446
9447
9491
9511
9515
9544
9584
9592
9611
9631
9644
9661
9665
9677
9683
9686
9707
9717
9736
9766
9784
9795
9840
9847
9857
9900
9964
9966
9968
9979
9991
9992
9997
9999
-1
