13
32
40
55
57
69
83
163
180
181
184
196
219
220
224
239
243
279
282
295
296
330
337
353
357
418
501
530
574
577
591
594
598
603
604
661
677
691
694
707
761
766
771
773
780
804
808
820
863
885
893
939
964
965
970
975
977
999
1003
1006
1013
1038
1060
1067
1106
1108
1110
1111
1138
1147
1164
1167
1171
1176
1185
1216
1224
1247
1273
1296
1301
1338
1340
1344
1346
1358
1363
1370
1399
1405
1419
1435
1448
1467
1518
1528
1552
1561
1567
1584
1597
1598
1617
1626
1629
1634
1647
1648
1685
1691
1696
1697
1719
1722
1726
1749
1753
1794
1829
1856
1906
1928
1947
1954
1972
1973
1975
1978
1987
1990
2050
2057
2070
2077
2088
2131
2148
2162
2170
2224
2251
2273
2274
2282
2291
2309
2367
2372
2400
2406
2426
2469
2489
2517
2535
2569
2592
2616
2657
2660
2667
2674
2684
2696
2704
2753
2766
2773
2778
2781
2795
2801
2809
2812
2815
2852
2867
2897
2901
2915
2918
2928
2938
2940
2941
2946
2968
2976
3053
3056
3093
3136
3167
3170
3173
3202
3206
3210
3223
3233
3240
3241
3313
3336
3376
3417
3438
3446
3448
3454
3466
3487
3513
3555
3621
3640
3650
3697
3729
3736
3747
3764
3768
3780
3808
3822
3824
3829
3830
3888
3889
3926
3936
3937
3952
3967
3974
4011
4026
4113
4130
4160
4161
4170
4183
4187
4208
4211
4217
4234
4259
4288
4305
4310
4321
4329
4333
4357
4392
4408
4412
4414
4418
4433
4434
4472
4515
4521
4577
4602
4607
4609
4611
4619
4627
4630
4637
4679
4709
4732
4749
4763
4766
4778
4780
4803
4813
4832
4846
4862
4863
4891
4907
4938
4951
5023
5040
5042
5052
5088
5090
5111
5152
5169
5170
5183
5217
5218
5236
5262
5316
5325
5377
5385
5388
5391
5416
5439
5442
5484
5497
5506
5509
5544
5547
5555
5562
5592
5625
5634
5673
5681
5690
5705
5721
5729
5769
5776
5777
5847
5859
5863
5921
5940
5976
5978
6004
6013
6052
6079
6119
6120
6136
6150
6173
6176
6177
6181
6182
6184
6213
6220
6224
6280
6288
6300
6319
6323
6329
6335
6336
6348
6370
6398
6412
6456
6484
6488
6501
6506
6511
6528
6568
6580
6585
6620
6621
6625
6637
6647
6652
6656
6686
6716
6728
6738
6748
6766
6784
6797
6823
6866
6868
6872
6894
6944
6949
6955
7012
7073
7113
7123
7173
7183
7193
7200
7202
7206
7207
7209
7241
7277
7288
7291
7321
7331
7334
7341
7394
7406
7424
7455
7458
7462
7465
7467
7468
7475
7559
7566
7586
7597
7616
7632
7639
7665
7703
7717
7747
7748
7756
7758
7774
7781
7795
7802
7827
7840
7846
7854
7855
7859
7871
7883
7895
7897
7899
7903
7907
7922
8014
8019
8029
8046
8082
8083
8099
8137
8152
8157
8161
8185
8189
8191
8210
8215
8251
8254
8276
8277
8318
8352
8358
8384
8427
8449
8451
8471
8472
8480
8527
8570
8583
8593
8621
8631
8646
8661
8669
8680
8683
8691
8698
8715
8721
8726
8730
8751
8759
8777
8791
8820
8911
8933
8942
8954
8955
8960
8963
8967
8970
8988
8991
8998
8999
9027
9029
9060
9096
9106
9117
9150
9180
9192
9205
9225
9243
9246
9247
9251
9254
9259
9260
9261
9265
9282
9283
9288
9320
9332
9340
9426
9430
9439
9494
9495
9498
9503
9516
9520
9528
9535
9549
9551
9578
9655
9681
9695
9698
9719
9733
9737
9740
9757
9759
9767
9774
9777
9796
9815
9895
9917
9925
9933
9935
9940
9976
9980
9982
9999
-1
