14
18
39
56
97
113
116
136
139
161
201
202
208
214
215
230
238
243
276
291
322
366
373
390
395
411
412
424
432
445
477
484
500
506
527
531
548
554
590
592
604
605
611
619
658
677
695
708
732
752
769
781
788
880
903
919
932
1006
1012
1022
1042
1077
1083
1114
1126
1139
1140
1143
1146
1152
1153
1164
1169
1171
1180
1188
1211
1227
1259
1297
1304
1346
1363
1370
1390
1470
1473
1475
1486
1500
1519
1628
1648
1654
1677
1679
1698
1719
1749
1761
1790
1830
1846
1862
1871
1875
1880
1907
1932
1935
1936
1941
1949
1962
1970
1974
2018
2028
2052
2087
2088
2096
2103
2115
2129
2147
2160
2173
2185
2188
2194
2222
2234
2243
2251
2273
2290
2292
2293
2297
2334
2354
2358
2361
2379
2381
2429
2439
2464
2486
2502
2515
2538
2548
2550
2558
2562
2578
2588
2592
2611
2623
2642
2647
2652
2660
2670
2677
2734
2746
2763
2782
2786
2801
2805
2826
2831
2842
2906
2912
2978
2995
3033
3044
3095
3108
3110
3133
3153
3196
3226
3230
3240
3242
3248
3257
3277
3288
3291
3295
3303
3326
3354
3356
3363
3373
3387
3396
3412
3434
3458
3463
3478
3487
3507
3521
3522
3539
3549
3581
3592
3621
3632
3636
3645
3686
3697
3700
3705
3720
3731
3765
3780
3797
3811
3851
3853
3856
3876
3877
3888
3931
3945
3951
3957
4013
4037
4050
4067
4084
4118
4136
4140
4159
4212
4219
4224
4249
4255
4283
4284
4285
4300
4302
4307
4312
4318
4419
4423
4437
4444
4459
4522
4544
4577
4584
4589
4592
4601
4615
4617
4663
4664
4669
4677
4678
4680
4747
4748
4758
4773
4797
4802
4819
4820
4833
4868
4873
4900
4908
4920
4927
4940
4945
4947
4949
4953
4979
4982
4988
5011
5018
5043
5044
5046
5067
5073
5078
5114
5118
5121
5146
5147
5158
5169
5179
5187
5195
5206
5232
5253
5282
5290
5301
5302
5321
5323
5333
5343
5359
5384
5440
5441
5457
5466
5480
5482
5513
5519
5524
5543
5569
5612
5624
5635
5651
5673
5679
5720
5721
5729
5764
5789
5832
5836
5853
5856
5857
5859
5882
5912
5937
5958
5979
6007
6009
6022
6032
6040
6057
6083
6085
6097
6104
6124
6152
6155
6173
6176
6201
6222
6231
6266
6288
6291
6324
6329
6339
6366
6370
6406
6444
6446
6448
6473
6480
6487
6492
6500
6516
6544
6545
6567
6572
6600
6607
6675
6676
6680
6708
6713
6732
6747
6753
6759
6761
6801
6807
6825
6838
6860
6873
6879
6896
6897
6901
6924
6928
6933
6943
6978
7001
7017
7041
7048
7053
7062
7076
7081
7098
7104
7112
7116
7131
7136
7163
7164
7172
7196
7229
7249
7256
7284
7313
7323
7380
7409
7446
7447
7458
7463
7471
7496
7522
7571
7578
7579
7581
7590
7591
7594
7605
7624
7634
7643
7676
7687
7707
7722
7734
7751
7763
7769
7783
7786
7803
7811
7823
7832
7837
7863
7891
7894
7904
7912
7930
7944
7956
7985
7989
8013
8025
8059
8068
8091
8100
8106
8111
8144
8145
8213
8217
8230
8235
8247
8264
8287
8290
8312
8314
8356
8358
8389
8406
8496
8497
8548
8551
8552
8605
8634
8636
8667
8686
8783
8855
8865
8875
8912
8914
8916
8921
8956
8960
8967
8981
8983
9073
9074
9076
9093
9104
9109
9112
9118
9256
9301
9366
9407
9438
9447
9448
9519
9562
9572
9578
9595
9602
9638
9643
9674
9708
9716
9720
9755
9764
9772
9776
9788
9797
9824
9829
9835
9864
9867
9879
9904
9966
9972
9994
-1
