4
20
36
38
58
60
68
108
121
127
130
150
152
160
172
180
185
205
209
233
234
253
275
285
286
312
333
354
383
391
400
448
451
457
473
501
513
518
527
586
588
602
683
687
699
724
728
736
743
749
756
771
785
800
813
836
848
858
861
866
880
899
908
933
957
958
980
989
1008
1018
1044
1075
1086
1115
1135
1140
1141
1143
1180
1225
1239
1248
1249
1259
1265
1301
1332
1335
1354
1356
1370
1375
1380
1390
1402
1439
1462
1471
1480
1489
1497
1506
1561
1571
1577
1581
1587
1605
1619
1665
1681
1684
1697
1719
1741
1747
1755
1777
1786
1794
1800
1814
1848
1859
1878
1880
1887
1891
1892
1902
1926
1930
1967
1969
2000
2028
2034
2049
2094
2099
2152
2159
2195
2239
2246
2247
2265
2289
2320
2321
2323
2326
2344
2350
2353
2378
2387
2388
2404
2411
2430
2441
2459
2466
2471
2486
2497
2517
2523
2565
2568
2583
2601
2638
2645
2646
2661
2665
2691
2721
2744
2745
2752
2787
2812
2848
2856
2863
2865
2889
2906
2909
2918
2931
2937
2939
2949
2978
2984
2988
2994
3022
3091
3100
3101
3121
3175
3196
3214
3215
3226
3230
3245
3247
3255
3257
3278
3280
3315
3316
3402
3409
3445
3458
3470
3479
3501
3503
3511
3514
3560
3561
3582
3618
3651
3658
3693
3716
3731
3745
3748
3757
3768
3775
3784
3793
3796
3804
3816
3823
3835
3837
3849
3850
3851
3862
3867
3879
3882
3928
3947
3957
4036
4115
4149
4153
4162
4173
4180
4187
4192
4211
4214
4224
4232
4269
4277
4301
4303
4309
4310
4317
4321
4323
4336
4404
4436
4442
4456
4464
4481
4482
4501
4548
4583
4584
4605
4607
4623
4651
4666
4690
4750
4766
4814
4826
4845
4904
4905
4937
4940
4956
4961
4965
4988
4995
5002
5048
5059
5071
5080
5081
5095
5096
5104
5129
5172
5177
5186
5191
5195
5205
5215
5238
5246
5291
5313
5333
5358
5364
5378
5381
5403
5412
5445
5488
5558
5585
5605
5620
5621
5628
5635
5638
5683
5699
5745
5769
5809
5814
5837
5857
5864
5888
5899
5916
5928
5963
5974
6019
6022
6045
6047
6060
6061
6065
6082
6091
6095
6121
6131
6156
6171
6181
6186
6196
6202
6212
6219
6228
6245
6250
6285
6315
6325
6330
6343
6350
6356
6360
6371
6410
6428
6473
6480
6482
6524
6528
6548
6557
6575
6577
6578
6591
6631
6637
6640
6641
6672
6691
6693
6703
6725
6740
6755
6775
6782
6839
6926
6928
6944
6950
6951
6954
6966
6998
7000
7026
7028
7048
7071
7087
7100
7109
7111
7134
7153
7197
7203
7234
7246
7259
7288
7301
7306
7321
7354
7370
7381
7412
7424
7458
7467
7503
7505
7522
7523
7595
7627
7630
7640
7652
7654
7668
7670
7721
7722
7731
7734
7736
7739
7741
7743
7753
7761
7766
7781
7802
7813
7821
7834
7907
7909
7942
7960
7973
7974
8042
8080
8109
8157
8177
8208
8210
8212
8221
8272
8275
8281
8283
8325
8349
8364
8365
8417
8445
8447
8495
8506
8507
8525
8527
8532
8611
8620
8621
8635
8649
8660
8688
8692
8700
8703
8717
8730
8731
8752
8774
8812
8883
8934
8988
8991
8999
9013
9045
9056
9059
9060
9064
9085
9155
9165
9172
9174
9175
9181
9195
9239
9241
9249
9303
9319
9323
9331
9343
9375
9411
9429
9440
9443
9479
9542
9544
9548
9573
9578
9622
9635
9636
9659
9665
9704
9726
9730
9758
9782
9785
9787
9797
9829
9830
9838
9848
9855
9862
9901
9921
9986
9987
-1
