6
13
46
114
139
145
156
182
203
205
229
246
253
277
282
287
341
342
423
427
433
441
462
504
512
534
537
539
542
560
566
579
592
615
641
655
681
718
733
745
755
772
788
812
817
819
821
827
833
835
852
859
864
866
878
894
911
1038
1049
1051
1063
1124
1134
1174
1204
1206
1210
1240
1257
1258
1259
1260
1261
1273
1277
1284
1320
1321
1341
1364
1388
1424
1447
1484
1485
1520
1527
1536
1542
1552
1588
1593
1620
1621
1625
1627
1644
1678
1689
1691
1714
1721
1723
1731
1757
1764
1769
1774
1802
1854
1864
1867
1887
1916
1992
1997
2008
2011
2035
2040
2056
2065
2067
2081
2097
2127
2173
2177
2196
2208
2218
2220
2237
2306
2308
2317
2324
2333
2350
2351
2384
2409
2440
2446
2498
2518
2521
2526
2621
2626
2635
2651
2674
2676
2678
2681
2727
2736
2744
2778
2814
2870
2887
2893
2894
2895
2899
2926
2943
3005
3034
3052
3061
3074
3090
3132
3166
3184
3198
3203
3211
3217
3231
3240
3298
3306
3361
3371
3373
3392
3396
3402
3419
3425
3457
3530
3542
3554
3577
3595
3600
3613
3670
3733
3752
3753
3784
3815
3817
3841
3845
3867
3870
3894
3898
3907
3912
3919
3951
3982
4001
4021
4051
4063
4070
4075
4078
4083
4086
4110
4141
4152
4159
4167
4180
4185
4186
4216
4217
4228
4238
4271
4275
4277
4294
4310
4311
4313
4334
4369
4381
4384
4410
4412
4413
4414
4418
4420
4445
4452
4455
4456
4463
4468
4512
4540
4558
4601
4628
4664
4693
4704
4709
4722
4729
4746
4791
4810
4870
4888
4910
4917
4933
4935
4939
4954
4956
4988
5028
5083
5106
5116
5119
5120
5146
5148
5160
5186
5205
5220
5226
5230
5242
5252
5259
5272
5276
5287
5303
5354
5355
5367
5369
5392
5404
5412
5413
5439
5463
5474
5486
5489
5523
5571
5573
5577
5578
5600
5631
5637
5660
5665
5684
5700
5708
5736
5765
5794
5816
5820
5821
5831
5879
5884
5888
5896
5930
5933
5956
5987
5993
6033
6037
6046
6052
6056
6060
6099
6113
6117
6118
6125
6131
6138
6155
6182
6187
6213
6223
6251
6275
6278
6310
6331
6355
6374
6379
6398
6403
6434
6455
6478
6492
6512
6516
6553
6565
6572
6580
6581
6637
6642
6643
6669
6687
6720
6796
6800
6819
6825
6842
6864
6875
6911
6913
6918
6921
6940
6941
6953
6962
6976
6982
6990
7005
7020
7051
7060
7070
7091
7092
7112
7132
7142
7143
7199
7228
7236
7244
7246
7247
7250
7262
7263
7264
7311
7316
7345
7352
7395
7398
7407
7473
7474
7501
7566
7574
7578
7607
7652
7662
7686
7708
7720
7731
7733
7742
7745
7760
7774
7776
7783
7793
7804
7819
7832
7849
7877
7880
7892
7904
7925
7992
8061
8144
8152
8156
8173
8176
8193
8223
8233
8248
8264
8281
8303
8327
8345
8348
8351
8352
8381
8393
8432
8436
8442
8445
8447
8496
8523
8525
8529
8589
8601
8608
8612
8641
8650
8658
8673
8707
8728
8737
8747
8765
8770
8781
8782
8795
8814
8823
8827
8854
8885
8902
8921
8934
8935
8937
8938
8939
8943
9017
9021
9035
9040
9045
9049
9080
9085
9101
9133
9146
9153
9154
9160
9175
9230
9247
9264
9270
9277
9289
9319
9320
9338
9343
9355
9370
9376
9379
9415
9437
9486
9488
9495
9500
9506
9514
9522
9536
9548
9550
9572
9588
9641
9659
9662
9682
9689
9711
9724
9783
9786
9794
9829
9834
9836
9847
9860
9883
9889
9912
9919
9929
9938
9943
9963
9967
9995
-1
