54
58
133
139
145
150
175
188
191
201
228
230
253
256
260
282
323
343
345
357
395
411
455
459
465
480
559
566
569
577
584
587
589
606
618
620
632
637
645
646
669
682
695
698
702
705
721
724
748
765
779
780
820
826
835
839
843
851
877
882
908
930
949
957
961
963
984
994
1060
1077
1101
1136
1140
1165
1200
1247
1265
1269
1283
1295
1345
1351
1358
1361
1372
1388
1397
1426
1432
1465
1521
1546
1579
1582
1596
1598
1608
1616
1638
1656
1713
1741
1742
1754
1787
1864
1878
1910
1925
1950
1953
1979
2003
2015
2028
2054
2056
2062
2078
2125
2133
2141
2161
2177
2182
2207
2229
2237
2241
2243
2260
2261
2281
2305
2311
2338
2349
2381
2388
2413
2420
2430
2431
2433
2468
2478
2495
2525
2528
2535
2544
2547
2553
2567
2579
2633
2646
2663
2664
2665
2680
2697
2738
2759
2764
2782
2783
2811
2874
2883
2884
2886
2895
2918
2923
2929
2981
2991
3005
3032
3035
3061
3100
3122
3147
3154
3164
3170
3176
3186
3246
3259
3260
3273
3326
3357
3364
3399
3404
3405
3445
3457
3466
3501
3541
3545
3576
3592
3596
3667
3676
3681
3697
3713
3730
3736
3777
3781
3819
3838
3866
3876
3941
3951
3959
3990
3994
4044
4053
4073
4084
4127
4143
4177
4185
4191
4194
4207
4222
4247
4258
4294
4301
4305
4320
4332
4409
4425
4426
4432
4439
4469
4476
4537
4542
4587
4592
4625
4638
4653
4656
4669
4684
4686
4766
4780
4788
4810
4827
4902
4935
4986
4992
5025
5056
5081
5107
5115
5123
5128
5132
5134
5138
5155
5159
5163
5190
5191
5204
5240
5245
5277
5312
5313
5314
5326
5338
5347
5371
5401
5403
5409
5410
5437
5440
5482
5484
5488
5519
5523
5545
5547
5548
5558
5563
5566
5603
5612
5620
5631
5646
5696
5701
5710
5724
5732
5766
5777
5792
5818
5841
5849
5852
5863
5870
5887
5890
5894
5897
5908
5916
5922
5931
6041
6047
6069
6073
6075
6089
6109
6123
6139
6165
6166
6182
6198
6211
6241
6252
6259
6271
6277
6311
6314
6321
6332
6335
6340
6354
6412
6493
6528
6553
6562
6580
6591
6606
6611
6615
6627
6640
6691
6704
6735
6828
6829
6842
6856
6874
6888
6892
6894
6901
6904
6917
6924
6942
6957
6958
6986
7026
7071
7073
7079
7098
7120
7124
7149
7150
7171
7195
7212
7220
7222
7228
7237
7267
7275
7282
7290
7298
7304
7316
7321
7338
7347
7351
7353
7359
7370
7372
7378
7385
7418
7423
7445
7453
7456
7465
7470
7475
7476
7480
7495
7503
7516
7517
7536
7551
7561
7578
7592
7593
7640
7657
7661
7666
7671
7679
7682
7690
7749
7759
7764
7782
7786
7797
7807
7819
7861
7867
7893
7900
7907
7911
7934
7937
7949
7973
8016
8035
8048
8052
8055
8105
8112
8127
8250
8252
8258
8271
8278
8302
8315
8320
8326
8331
8334
8342
8347
8371
8403
8419
8427
8460
8476
8483
8489
8499
8513
8528
8538
8540
8556
8596
8617
8620
8626
8660
8674
8680
8740
8741
8755
8756
8761
8797
8804
8818
8825
8847
8874
8883
8889
8904
8926
8957
8981
8985
8986
8992
8995
9024
9051
9088
9108
9109
9114
9143
9149
9186
9187
9190
9191
9194
9222
9252
9258
9264
9278
9297
9305
9307
9342
9385
9406
9407
9422
9442
9538
9621
9626
9627
9628
9630
9632
9714
9716
9762
9767
9791
9794
9799
9803
9810
9816
9838
9842
9845
9846
9881
9890
9905
9915
9942
9953
9957
9960
9969
9988
-1
