16
38
44
47
61
66
109
161
163
169
179
215
244
260
265
279
322
342
348
350
388
417
424
444
452
475
479
505
569
571
587
609
622
629
633
642
689
693
695
698
702
705
724
744
767
789
803
822
846
854
868
870
876
882
886
890
929
940
946
947
956
984
986
988
990
994
996
1003
1046
1047
1055
1060
1075
1093
1097
1117
1134
1195
1197
1276
1328
1375
1385
1388
1430
1432
1469
1470
1510
1518
1541
1550
1565
1574
1586
1613
1648
1655
1682
1695
1718
1738
1748
1770
1772
1795
1820
1827
1889
1896
1906
1915
1924
1929
1939
1943
1949
1978
2003
2010
2028
2034
2058
2141
2151
2198
2208
2226
2252
2270
2274
2301
2308
2355
2356
2357
2361
2363
2365
2369
2392
2406
2413
2429
2433
2446
2475
2477
2482
2549
2557
2572
2577
2583
2615
2618
2651
2668
2711
2736
2746
2755
2757
2759
2775
2780
2807
2837
2849
2857
2923
2937
2951
2958
2964
2970
3026
3034
3038
3048
3056
3076
3084
3093
3104
3110
3149
3150
3160
3164
3179
3188
3194
3209
3220
3226
3234
3278
3317
3318
3322
3331
3336
3355
3364
3422
3423
3424
3452
3469
3475
3489
3490
3496
3497
3519
3552
3575
3587
3602
3621
3628
3647
3652
3656
3657
3691
3710
3723
3724
3735
3739
3740
3794
3845
3876
3888
3897
3907
3922
3927
3936
3974
3987
4005
4023
4026
4028
4033
4038
4061
4064
4065
4086
4111
4115
4157
4163
4167
4225
4248
4249
4252
4279
4307
4324
4337
4347
4352
4394
4414
4426
4451
4462
4490
4504
4522
4537
4609
4615
4619
4626
4635
4644
4683
4735
4739
4740
4760
4803
4817
4850
4861
4864
4886
4926
4941
4942
4946
4975
4988
5027
5030
5064
5077
5106
5109
5128
5170
5188
5190
5223
5266
5272
5277
5280
5288
5309
5319
5333
5335
5343
5347
5372
5423
5433
5439
5491
5495
5509
5510
5514
5551
5568
5593
5608
5632
5658
5685
5689
5801
5807
5811
5826
5861
5870
5875
5876
5878
5884
5890
5907
5959
5975
5989
6026
6059
6080
6105
6142
6145
6167
6193
6207
6225
6226
6248
6250
6268
6292
6312
6349
6359
6361
6363
6365
6378
6433
6473
6486
6502
6521
6528
6543
6555
6584
6586
6592
6593
6610
6625
6628
6644
6720
6727
6733
6738
6771
6777
6791
6794
6801
6804
6823
6826
6833
6837
6848
6849
6851
6862
6872
6877
6889
6981
6990
6991
6997
7012
7020
7025
7052
7055
7056
7062
7070
7071
7088
7133
7146
7159
7166
7169
7177
7180
7188
7228
7241
7253
7272
7275
7293
7316
7318
7350
7352
7366
7376
7390
7416
7446
7463
7532
7542
7544
7551
7606
7628
7634
7646
7647
7649
7658
7668
7694
7702
7714
7744
7756
7772
7791
7792
7793
7824
7833
7854
7859
7865
7880
7884
7886
7903
7904
7906
7928
7965
8028
8066
8067
8071
8081
8085
8093
8104
8138
8143
8172
8175
8193
8199
8201
8226
8255
8260
8290
8292
8335
8352
8357
8362
8368
8372
8384
8426
8431
8440
8446
8477
8487
8514
8564
8585
8586
8588
8596
8625
8689
8699
8721
8727
8739
8804
8812
8842
8882
8910
8915
8916
8917
8926
8951
8953
8964
8972
8973
8977
8979
8986
8995
9011
9031
9032
9052
9070
9084
9112
9115
9139
9155
9167
9188
9189
9196
9250
9254
9295
9298
9301
9302
9334
9359
9375
9377
9407
9408
9414
9441
9464
9490
9518
9545
9550
9555
9592
9598
9610
9648
9680
9685
9698
9788
9812
9825
9854
9920
9923
9929
9934
9962
9968
-1
