2
5
15
28
30
32
66
70
77
88
106
115
119
147
176
200
208
212
241
255
262
283
285
295
298
308
311
313
365
372
409
423
445
451
465
501
503
520
588
596
606
614
617
645
672
688
689
699
702
703
705
706
724
728
762
763
774
790
808
809
819
832
835
836
839
845
889
919
941
948
951
968
970
972
980
1019
1053
1091
1106
1119
1138
1147
1152
1155
1162
1164
1201
1206
1214
1222
1236
1251
1265
1276
1283
1288
1315
1337
1361
1364
1375
1423
1428
1446
1449
1481
1482
1483
1485
1510
1514
1519
1552
1569
1597
1603
1647
1678
1686
1701
1752
1793
1804
1812
1868
1902
1905
1912
1914
1934
1956
1964
1966
1977
1987
2028
2031
2045
2046
2055
2057
2086
2093
2107
2116
2122
2140
2146
2150
2196
2217
2255
2278
2286
2305
2308
2314
2319
2331
2341
2349
2361
2378
2383
2429
2450
2518
2535
2572
2623
2627
2650
2656
2672
2689
2691
2757
2781
2786
2788
2794
2828
2830
2852
2866
2878
2885
2889
2944
2962
2983
2985
3024
3049
3050
3060
3086
3100
3111
3112
3116
3120
3137
3150
3163
3210
3219
3222
3227
3238
3246
3268
3286
3314
3337
3342
3352
3359
3361
3381
3401
3409
3429
3434
3437
3443
3453
3469
3491
3506
3531
3569
3588
3596
3646
3674
3687
3708
3720
3722
3724
3742
3767
3787
3791
3807
3821
3831
3834
3835
3840
3861
3874
3877
3889
3899
3913
3916
3922
3928
3931
3937
3946
3956
3957
3958
3976
4040
4052
4072
4088
4112
4120
4151
4156
4166
4185
4268
4286
4306
4309
4328
4329
4338
4352
4412
4417
4418
4456
4481
4500
4507
4541
4566
4570
4572
4604
4622
4639
4654
4659
4660
4692
4705
4706
4728
4734
4739
4740
4741
4752
4755
4765
4767
4772
4773
4787
4793
4820
4841
4843
4877
4888
4890
4903
4937
4944
4945
4974
4993
4996
5015
5034
5055
5070
5088
5106
5110
5138
5186
5197
5242
5260
5283
5294
5298
5306
5317
5322
5328
5351
5407
5427
5434
5443
5490
5491
5566
5582
5584
5591
5663
5690
5692
5706
5707
5747
5766
5799
5808
5829
5833
5846
5850
5887
5893
5923
5955
5960
5961
5966
5967
5986
6022
6033
6039
6073
6092
6126
6137
6145
6150
6225
6248
6258
6260
6266
6356
6389
6408
6425
6430
6487
6499
6501
6522
6534
6540
6558
6559
6573
6581
6605
6639
6655
6674
6738
6765
6776
6823
6829
6834
6836
6847
6857
6861
6866
6878
6930
6976
6985
6990
6998
7028
7035
7060
7067
7138
7170
7205
7213
7236
7261
7271
7317
7325
7349
7385
7409
7419
7459
7484
7503
7538
7544
7557
7572
7587
7588
7598
7640
7663
7670
7675
7681
7689
7701
7719
7722
7744
7747
7781
7785
7798
7805
7823
7827
7833
7841
7848
7865
7873
7949
7960
7961
7990
8001
8022
8060
8077
8085
8091
8105
8115
8121
8122
8140
8156
8179
8194
8205
8207
8235
8240
8254
8263
8289
8291
8343
8357
8368
8373
8380
8414
8490
8497
8512
8513
8516
8572
8626
8653
8677
8684
8690
8691
8695
8699
8700
8704
8708
8784
8798
8812
8832
8839
8847
8910
8913
8916
8940
8959
8993
9010
9035
9041
9053
9062
9080
9092
9094
9115
9126
9170
9174
9188
9209
9221
9223
9224
9247
9258
9320
9330
9351
9360
9391
9399
9414
9423
9439
9459
9467
9522
9593
9599
9611
9618
9630
9658
9679
9688
9694
9702
9723
9747
9757
9820
9845
9879
9883
9885
9889
9905
9906
9908
9914
9931
9961
9970
-1
