7
23
42
44
50
82
83
87
88
90
105
119
156
167
207
216
228
232
311
327
340
343
361
366
367
371
380
413
414
418
428
455
458
469
500
513
517
567
576
587
603
622
629
631
638
643
659
665
670
709
712
789
791
797
817
893
911
949
958
992
1033
1041
1107
1117
1127
1159
1174
1244
1272
1273
1279
1282
1294
1340
1353
1360
1370
1403
1412
1438
1456
1471
1478
1512
1514
1550
1558
1561
1578
1602
1608
1626
1682
1756
1758
1819
1821
1830
1839
1864
1874
1882
1884
1923
1957
1969
1982
2028
2030
2086
2099
2118
2121
2129
2138
2141
2151
2155
2185
2188
2202
2203
2222
2242
2255
2294
2309
2334
2338
2347
2358
2362
2376
2392
2398
2399
2401
2415
2429
2461
2490
2496
2532
2596
2602
2607
2637
2649
2677
2700
2712
2725
2729
2755
2757
2780
2797
2800
2828
2830
2842
2854
2862
2863
2870
2890
2913
2944
2959
2983
2989
3005
3011
3026
3048
3055
3173
3177
3236
3261
3263
3264
3312
3315
3328
3344
3346
3360
3399
3408
3420
3429
3435
3460
3461
3482
3493
3500
3501
3506
3515
3525
3577
3589
3617
3626
3634
3651
3657
3659
3668
3690
3698
3702
3703
3723
3728
3731
3736
3743
3766
3772
3834
3839
3883
3896
3898
3911
3925
3929
3947
3950
3960
4006
4052
4053
4059
4088
4089
4121
4132
4137
4141
4153
4157
4219
4222
4257
4264
4277
4296
4328
4376
4379
4388
4426
4428
4433
4435
4467
4469
4484
4525
4527
4532
4545
4570
4575
4593
4595
4607
4616
4628
4634
4674
4678
4699
4719
4738
4764
4785
4792
4819
4820
4821
4828
4846
4866
4868
4872
4883
4898
4906
4929
4952
4970
4992
5007
5033
5043
5055
5065
5073
5076
5079
5086
5089
5093
5107
5128
5148
5152
5153
5156
5173
5177
5179
5199
5205
5212
5223
5233
5241
5253
5254
5256
5263
5265
5272
5279
5283
5287
5296
5316
5322
5375
5379
5380
5386
5390
5455
5473
5550
5555
5560
5563
5569
5577
5613
5629
5646
5660
5673
5704
5713
5716
5747
5796
5797
5809
5828
5849
5852
5864
5895
5903
5931
5952
5955
5981
6002
6006
6061
6112
6116
6125
6131
6200
6246
6261
6273
6276
6286
6297
6332
6351
6361
6374
6390
6422
6425
6446
6454
6461
6516
6523
6525
6529
6572
6575
6590
6603
6607
6618
6624
6675
6686
6689
6699
6728
6751
6755
6764
6769
6772
6788
6794
6815
6832
6875
6879
6903
6907
6923
6928
6966
6972
7025
7058
7097
7121
7125
7133
7136
7162
7196
7238
7241
7242
7252
7255
7260
7261
7262
7274
7297
7315
7323
7324
7348
7353
7360
7379
7382
7437
7496
7500
7523
7525
7538
7589
7601
7614
7630
7635
7653
7670
7679
7704
7706
7707
7721
7735
7745
7751
7757
7765
7776
7781
7805
7816
7824
7836
7861
7903
7912
7913
7920
7934
7938
7955
7996
7997
8003
8020
8027
8036
8042
8045
8056
8120
8135
8142
8146
8156
8162
8165
8175
8180
8266
8285
8334
8337
8340
8344
8391
8397
8400
8406
8422
8440
8448
8458
8470
8484
8495
8552
8569
8571
8591
8605
8665
8673
8777
8789
8793
8795
8805
8826
8827
8829
8885
8898
8901
8906
8908
8914
8920
8977
9036
9046
9134
9179
9184
9205
9208
9209
9217
9226
9244
9256
9273
9289
9313
9354
9377
9422
9450
9464
9479
9484
9485
9490
9498
9508
9525
9546
9549
9563
9573
9574
9597
9598
9623
9625
9639
9667
9684
9687
9695
9731
9751
9761
9790
9807
9827
9855
9857
9873
9987
-1
