1
7
8
58
96
106
110
141
147
160
170
172
175
186
192
208
235
261
270
358
372
394
397
441
471
485
524
539
542
567
584
594
635
637
656
666
694
698
699
715
720
732
733
736
770
773
795
797
807
849
857
858
875
876
899
907
918
930
948
949
967
1022
1031
1043
1046
1055
1072
1074
1082
1104
1112
1114
1118
1145
1166
1184
1191
1208
1215
1237
1248
1256
1284
1320
1327
1335
1402
1416
1435
1440
1482
1499
1519
1546
1569
1571
1585
1595
1607
1617
1618
1623
1693
1713
1727
1761
1762
1765
1766
1784
1789
1800
1801
1805
1859
1861
1903
1919
2004
2015
2035
2054
2059
2119
2150
2152
2167
2209
2218
2220
2290
2327
2328
2348
2417
2444
2463
2464
2499
2501
2509
2529
2553
2568
2571
2630
2680
2704
2714
2725
2738
2739
2765
2803
2832
2851
2863
2884
2902
2997
3046
3049
3050
3058
3062
3078
3098
3132
3137
3166
3183
3213
3225
3234
3237
3255
3256
3260
3279
3283
3295
3318
3319
3322
3343
3345
3357
3389
3405
3406
3414
3418
3440
3450
3458
3468
3481
3482
3485
3491
3505
3525
3528
3544
3546
3547
3557
3559
3576
3580
3583
3632
3643
3658
3695
3714
3722
3731
3750
3757
3782
3811
3831
3851
3855
3870
3882
3893
3897
3900
3911
3912
3917
3963
3969
3972
4005
4006
4021
4043
4049
4076
4117
4120
4121
4138
4150
4153
4167
4195
4202
4221
4224
4240
4259
4262
4308
4316
4328
4366
4368
4372
4403
4405
4448
4459
4482
4488
4517
4521
4522
4572
4575
4579
4588
4589
4600
4640
4656
4668
4733
4740
4741
4760
4776
4811
4812
4821
4823
4824
4830
4839
4883
4890
4894
4907
4917
4937
4955
4969
4983
4996
5002
5005
5010
5016
5032
5038
5080
5085
5095
5117
5150
5163
5176
5186
5190
5192
5210
5239
5240
5266
5278
5284
5297
5303
5315
5317
5341
5346
5379
5396
5424
5428
5449
5450
5466
5482
5483
5486
5507
5596
5617
5618
5707
5749
5753
5762
5782
5838
5841
5859
5882
5884
5905
5909
5921
5925
6015
6036
6038
6045
6051
6055
6058
6081
6127
6141
6144
6155
6159
6163
6180
6207
6237
6241
6286
6314
6317
6322
6338
6356
6368
6371
6406
6411
6423
6434
6438
6481
6501
6530
6548
6581
6612
6641
6644
6658
6700
6704
6712
6720
6730
6803
6810
6818
6826
6842
6848
6863
6892
6927
6937
6945
6981
6995
7006
7013
7019
7027
7030
7042
7067
7081
7104
7111
7147
7171
7176
7192
7197
7210
7211
7237
7245
7261
7287
7305
7310
7364
7386
7394
7420
7438
7458
7460
7465
7530
7562
7563
7568
7590
7595
7603
7604
7610
7617
7623
7667
7720
7741
7754
7765
7808
7815
7835
7850
7882
7888
7906
7912
7923
7937
7950
7961
7996
8002
8004
8067
8072
8087
8104
8134
8168
8186
8187
8213
8224
8225
8246
8255
8271
8284
8291
8339
8359
8360
8363
8405
8408
8415
8428
8434
8439
8452
8458
8477
8478
8480
8492
8499
8538
8581
8635
8636
8665
8669
8678
8694
8704
8712
8755
8756
8762
8779
8783
8794
8805
8810
8836
8867
8881
8886
8911
8913
8967
8984
8996
9008
9018
9036
9047
9048
9054
9094
9113
9128
9132
9151
9213
9218
9234
9239
9262
9298
9301
9304
9325
9326
9339
9357
9361
9388
9395
9404
9406
9429
9442
9448
9508
9510
9524
9536
9581
9600
9613
9634
9664
9702
9709
9722
9730
9736
9756
9823
9846
9857
9863
9893
9902
9932
9933
9954
9955
9965
9967
9971
9992
9993
9995
-1
