44
45
52
56
60
77
94
108
140
146
152
154
163
183
226
232
247
260
267
269
295
350
358
420
421
437
438
442
451
482
491
513
548
582
624
634
642
646
647
663
694
704
737
746
756
762
764
766
770
792
815
816
858
863
875
892
898
920
928
955
956
1026
1038
1054
1060
1109
1125
1143
1146
1168
1201
1208
1213
1224
1225
1299
1327
1406
1410
1412
1413
1420
1424
1440
1490
1497
1534
1548
1558
1588
1627
1628
1651
1673
1675
1720
1732
1741
1771
1787
1823
1841
1851
1852
1866
1885
1930
1936
1938
1945
1947
1962
1971
1980
1988
1993
2005
2025
2057
2060
2076
2080
2103
2104
2106
2114
2120
2149
2171
2191
2224
2230
2254
2259
2265
2288
2299
2307
2326
2344
2367
2387
2403
2423
2432
2448
2492
2494
2504
2511
2515
2521
2525
2526
2539
2555
2600
2627
2631
2643
2656
2676
2697
2747
2748
2751
2767
2780
2787
2796
2809
2815
2842
2847
2864
2869
2875
2894
2910
2912
2928
2957
2968
2985
2995
3014
3026
3032
3034
3062
3072
3080
3082
3092
3110
3131
3132
3145
3185
3217
3295
3305
3327
3328
3351
3372
3390
3411
3455
3505
3506
3523
3578
3586
3587
3589
3597
3623
3631
3642
3653
3656
3681
3699
3704
3705
3731
3758
3764
3827
3868
3890
3904
3909
3920
3921
3933
3945
3947
3979
3992
4012
4025
4050
4072
4086
4089
4121
4134
4136
4138
4139
4142
4144
4150
4158
4164
4166
4176
4185
4187
4203
4225
4268
4269
4288
4333
4343
4348
4355
4364
4383
4411
4414
4426
4435
4501
4523
4541
4544
4569
4583
4607
4628
4640
4648
4670
4683
4709
4724
4741
4822
4829
4830
4847
4848
4860
4894
4901
4908
4916
4925
4932
4934
4947
4984
5063
5064
5066
5128
5130
5144
5145
5146
5163
5176
5178
5184
5195
5217
5225
5251
5293
5294
5361
5374
5382
5404
5416
5418
5429
5465
5474
5484
5527
5547
5549
5554
5559
5571
5573
5592
5600
5616
5622
5655
5674
5677
5693
5701
5758
5765
5766
5784
5786
5797
5825
5844
5876
5880
5897
5900
5909
5937
5973
5975
6019
6035
6063
6081
6083
6089
6096
6118
6123
6128
6151
6200
6216
6234
6237
6284
6331
6333
6400
6409
6410
6474
6475
6484
6497
6518
6528
6545
6584
6603
6610
6622
6623
6633
6638
6655
6661
6694
6709
6726
6729
6731
6764
6767
6776
6778
6790
6791
6820
6821
6836
6842
6861
6863
6878
6908
6933
6949
6970
6997
7018
7062
7063
7092
7094
7103
7123
7145
7147
7158
7169
7170
7195
7217
7220
7237
7238
7255
7265
7270
7359
7368
7370
7382
7383
7420
7457
7459
7468
7476
7482
7483
7485
7534
7549
7588
7593
7597
7629
7636
7643
7645
7666
7668
7696
7697
7698
7715
7717
7735
7757
7776
7785
7787
7796
7803
7806
7815
7818
7865
7904
7910
7935
7937
7951
8005
8021
8031
8034
8051
8093
8099
8116
8177
8184
8203
8216
8221
8228
8242
8267
8269
8284
8288
8292
8293
8301
8330
8391
8453
8483
8488
8502
8521
8527
8550
8572
8585
8588
8613
8618
8636
8658
8684
8689
8706
8732
8739
8768
8778
8793
8795
8796
8854
8884
8887
8910
8947
8968
8972
8977
9021
9022
9024
9055
9074
9075
9137
9138
9173
9175
9195
9196
9205
9206
9214
9244
9245
9269
9309
9329
9359
9364
9385
9398
9405
9420
9426
9447
9491
9614
9616
9619
9626
9646
9656
9670
9681
9683
9691
9710
9742
9769
9815
9821
9838
9850
9865
9869
9909
9948
9957
9959
9961
-1
