7
9
16
64
73
91
93
98
102
118
122
125
134
142
174
187
208
223
233
241
249
254
293
296
298
306
353
368
431
433
455
465
482
501
508
537
544
616
628
691
710
711
721
733
740
746
759
764
788
809
821
844
871
872
885
892
918
922
932
935
948
1013
1052
1062
1074
1093
1094
1097
1109
1161
1179
1184
1224
1243
1248
1282
1283
1313
1319
1332
1338
1358
1369
1377
1381
1422
1437
1441
1442
1445
1471
1530
1532
1543
1546
1560
1564
1579
1590
1612
1623
1632
1654
1656
1747
1784
1791
1808
1819
1870
1887
1901
1909
1930
1938
1950
1970
1976
1978
1994
2008
2018
2021
2046
2047
2071
2080
2082
2103
2110
2117
2153
2156
2190
2222
2239
2250
2257
2259
2282
2349
2354
2373
2375
2378
2390
2410
2419
2466
2504
2530
2537
2543
2562
2603
2616
2646
2698
2711
2726
2737
2750
2754
2765
2766
2785
2787
2817
2832
2854
2858
2879
2890
2894
2924
2932
2942
2967
2969
2973
2992
2995
3010
3016
3024
3039
3047
3089
3090
3091
3108
3109
3110
3120
3128
3144
3147
3207
3215
3252
3254
3289
3297
3308
3311
3324
3362
3373
3402
3409
3416
3426
3481
3485
3495
3519
3527
3538
3544
3549
3561
3563
3603
3609
3640
3673
3692
3697
3709
3711
3720
3769
3789
3795
3796
3821
3833
3838
3851
3853
3904
3909
3920
3923
3929
3933
3938
3952
3956
3960
3976
3977
4009
4021
4036
4092
4112
4236
4242
4282
4390
4396
4399
4411
4429
4435
4475
4476
4530
4599
4603
4611
4624
4658
4699
4730
4736
4745
4799
4807
4813
4860
4879
4891
4895
4909
4924
4927
4939
4966
4988
5022
5050
5089
5097
5106
5113
5136
5170
5178
5192
5197
5200
5206
5207
5212
5215
5227
5264
5270
5273
5275
5277
5285
5288
5292
5298
5314
5331
5342
5381
5388
5398
5455
5484
5537
5538
5552
5553
5582
5612
5623
5644
5647
5677
5706
5756
5757
5769
5776
5784
5791
5820
5821
5822
5824
5837
5838
5870
5921
5936
5945
5975
5993
5996
6020
6064
6066
6067
6069
6075
6082
6101
6111
6117
6131
6144
6188
6217
6231
6243
6275
6303
6329
6337
6343
6345
6380
6397
6414
6440
6457
6474
6484
6508
6516
6520
6536
6539
6606
6622
6701
6727
6730
6761
6779
6786
6797
6814
6821
6841
6870
6888
6892
6912
6971
6975
6982
6984
7045
7052
7054
7058
7064
7084
7091
7106
7143
7153
7162
7165
7211
7219
7220
7235
7266
7270
7283
7295
7314
7357
7361
7377
7379
7394
7400
7402
7407
7422
7427
7443
7460
7479
7490
7495
7505
7512
7526
7527
7533
7592
7599
7607
7618
7620
7628
7644
7649
7656
7659
7680
7688
7704
7750
7762
7780
7782
7786
7792
7841
7845
7894
7899
7910
7922
7962
7978
8023
8044
8064
8075
8097
8107
8123
8138
8166
8204
8230
8250
8268
8287
8301
8321
8339
8349
8351
8352
8377
8423
8433
8438
8446
8457
8470
8477
8495
8500
8504
8517
8524
8553
8578
8616
8651
8675
8676
8682
8687
8714
8722
8756
8780
8807
8821
8824
8898
8937
8940
8956
8980
8981
9001
9010
9034
9059
9068
9084
9103
9130
9132
9150
9181
9188
9196
9204
9215
9217
9230
9253
9287
9297
9315
9319
9324
9371
9375
9381
9382
9389
9391
9393
9431
9441
9449
9453
9473
9476
9510
9525
9547
9549
9584
9647
9652
9657
9666
9680
9709
9738
9746
9754
9764
9773
9788
9798
9844
9851
9860
9880
9882
9884
9898
9906
9945
9959
9964
9965
9989
9995
9997
-1
