42
57
61
67
98
102
108
124
129
141
144
184
199
223
234
296
347
355
366
375
388
405
424
431
433
442
470
492
504
528
533
555
558
568
580
607
616
625
653
659
669
673
678
700
714
717
748
786
844
869
889
897
900
924
927
951
966
987
1006
1015
1032
1061
1066
1090
1092
1093
1111
1112
1141
1171
1176
1177
1182
1196
1223
1282
1292
1297
1298
1312
1322
1327
1359
1396
1398
1419
1423
1451
1456
1473
1484
1493
1500
1519
1566
1571
1581
1600
1606
1609
1628
1682
1684
1689
1697
1712
1718
1719
1785
1786
1787
1795
1837
1848
1884
1887
1919
1922
1925
1930
1931
1934
1943
1966
1976
1988
2014
2041
2042
2045
2051
2052
2057
2066
2137
2164
2178
2181
2190
2191
2202
2240
2267
2275
2277
2285
2287
2288
2309
2316
2318
2326
2342
2354
2369
2375
2381
2391
2394
2398
2401
2447
2452
2460
2513
2530
2534
2577
2595
2597
2616
2617
2632
2698
2709
2710
2728
2734
2769
2774
2789
2794
2809
2839
2852
2862
2868
2879
2905
2917
2924
2942
2957
2967
2976
3036
3062
3064
3081
3111
3113
3144
3148
3157
3170
3175
3202
3214
3217
3258
3263
3278
3281
3297
3298
3321
3349
3353
3363
3406
3428
3470
3488
3497
3509
3511
3523
3549
3562
3570
3577
3603
3614
3639
3641
3644
3654
3657
3677
3704
3709
3712
3730
3731
3747
3751
3760
3787
3822
3826
3843
3857
3940
4035
4036
4046
4054
4070
4098
4101
4117
4128
4137
4138
4139
4175
4182
4206
4212
4240
4249
4257
4277
4278
4318
4319
4358
4359
4360
4375
4382
4387
4398
4417
4422
4430
4436
4442
4448
4474
4483
4500
4535
4555
4576
4584
4601
4603
4613
4619
4632
4635
4728
4753
4754
4756
4773
4785
4797
4949
4950
4961
5024
5037
5085
5095
5108
5138
5161
5171
5191
5198
5220
5225
5234
5275
5284
5304
5350
5373
5388
5399
5420
5459
5490
5493
5545
5566
5570
5571
5592
5618
5636
5638
5654
5659
5664
5686
5697
5736
5746
5753
5766
5782
5810
5827
5890
5908
5916
5934
5938
5941
5951
5961
5963
5966
6042
6059
6076
6095
6116
6118
6120
6160
6162
6195
6200
6213
6243
6257
6265
6267
6294
6299
6311
6329
6348
6366
6373
6383
6398
6399
6402
6406
6430
6437
6459
6471
6485
6517
6530
6531
6545
6550
6555
6575
6613
6616
6627
6632
6635
6645
6649
6669
6674
6687
6698
6716
6717
6769
6772
6773
6777
6803
6862
6893
6912
6929
6937
6955
7007
7031
7043
7049
7085
7102
7116
7119
7152
7166
7172
7180
7218
7268
7288
7308
7356
7368
7371
7382
7420
7445
7466
7492
7506
7512
7554
7557
7583
7593
7607
7618
7621
7637
7643
7655
7660
7690
7715
7717
7727
7729
7754
7757
7758
7764
7819
7847
7858
7868
7894
7917
7926
7936
7940
7975
7979
7981
7990
8012
8045
8074
8077
8120
8133
8163
8168
8200
8208
8209
8222
8235
8275
8331
8353
8382
8384
8424
8431
8436
8442
8465
8466
8493
8496
8497
8523
8559
8600
8606
8611
8635
8637
8664
8687
8709
8723
8726
8737
8748
8752
8760
8767
8803
8824
8825
8859
8895
8900
8923
8928
8962
8969
8976
8991
9007
9013
9029
9043
9051
9057
9059
9094
9096
9111
9129
9141
9159
9167
9186
9196
9201
9211
9241
9292
9307
9361
9375
9377
9452
9453
9467
9489
9513
9543
9567
9579
9593
9605
9636
9655
9656
9661
9734
9744
9817
9837
9850
9856
9875
9876
9911
9938
9945
9972
9973
9975
9983
9986
9991
-1
