6
13
19
29
31
55
56
85
90
98
100
135
142
153
156
173
205
207
212
251
252
256
285
311
313
323
346
349
361
364
392
395
402
416
427
461
464
475
493
522
537
538
546
548
560
580
593
616
618
626
643
665
672
685
696
717
749
759
777
788
798
819
820
855
872
881
884
911
943
959
969
970
992
1003
1006
1016
1030
1036
1037
1071
1103
1105
1107
1110
1172
1173
1192
1209
1214
1240
1253
1261
1270
1282
1287
1307
1328
1332
1333
1350
1353
1377
1378
1420
1440
1441
1483
1525
1537
1541
1546
1554
1560
1567
1586
1651
1671
1694
1762
1786
1801
1818
1838
1847
1942
2020
2051
2059
2094
2098
2109
2115
2118
2127
2147
2148
2149
2158
2173
2174
2177
2225
2244
2250
2260
2265
2266
2271
2293
2298
2310
2355
2401
2411
2418
2445
2448
2456
2485
2524
2525
2535
2540
2542
2581
2585
2589
2591
2607
2629
2634
2642
2643
2684
2699
2725
2736
2739
2740
2754
2776
2817
2828
2830
2883
2901
2908
2928
2955
2994
2997
3002
3029
3068
3070
3084
3094
3149
3197
3238
3240
3248
3382
3390
3425
3430
3446
3491
3493
3499
3526
3545
3549
3578
3595
3639
3648
3655
3682
3721
3729
3731
3742
3767
3781
3788
3805
3809
3818
3820
3852
3906
3911
3918
3961
3972
3981
3986
3997
4000
4021
4024
4028
4047
4067
4069
4092
4095
4097
4123
4126
4139
4158
4163
4179
4214
4251
4279
4283
4310
4319
4323
4351
4358
4370
4372
4377
4389
4392
4401
4449
4451
4582
4624
4631
4635
4650
4698
4733
4736
4747
4777
4792
4808
4825
4836
4889
4915
4932
4969
5005
5018
5052
5054
5082
5098
5127
5132
5137
5140
5141
5152
5173
5186
5229
5236
5294
5297
5310
5359
5372
5378
5387
5392
5394
5399
5405
5422
5424
5426
5495
5514
5539
5540
5563
5589
5602
5603
5632
5654
5674
5696
5725
5745
5750
5790
5791
5806
5820
5824
5837
5853
5886
5898
5971
6035
6039
6072
6082
6102
6113
6117
6126
6130
6138
6170
6171
6181
6206
6231
6234
6254
6257
6273
6286
6288
6294
6313
6327
6360
6365
6376
6396
6417
6432
6441
6452
6460
6488
6494
6534
6576
6582
6583
6590
6602
6662
6667
6693
6694
6701
6718
6751
6776
6803
6838
6851
6868
6871
6884
6889
6909
6944
6985
6998
7000
7056
7147
7166
7177
7186
7194
7201
7209
7217
7237
7239
7279
7284
7289
7294
7347
7349
7353
7354
7361
7369
7372
7375
7393
7409
7412
7429
7440
7454
7460
7471
7472
7477
7499
7511
7513
7518
7521
7525
7531
7538
7556
7566
7569
7571
7580
7583
7587
7594
7650
7656
7657
7671
7684
7703
7719
7720
7735
7747
7767
7772
7776
7790
7808
7844
7858
7864
7896
7897
7903
7938
7939
7942
7950
7958
7968
7973
8017
8028
8044
8052
8060
8065
8082
8123
8131
8138
8158
8184
8196
8202
8206
8233
8242
8244
8246
8288
8337
8360
8361
8391
8396
8418
8468
8491
8496
8508
8509
8522
8530
8531
8564
8583
8585
8589
8618
8673
8726
8740
8756
8766
8779
8819
8821
8847
8853
8901
8913
8919
8920
8935
8953
8960
8970
8976
8994
9005
9068
9074
9075
9079
9125
9188
9206
9220
9268
9286
9323
9330
9350
9352
9358
9361
9395
9399
9428
9434
9461
9462
9464
9470
9488
9490
9527
9550
9560
9563
9579
9589
9593
9626
9638
9646
9663
9689
9707
9736
9779
9792
9834
9839
9851
9861
9896
9912
9920
9942
9943
9957
9969
9985
9987
9994
9997
-1
