11
20
47
49
58
67
105
124
129
139
146
162
171
182
184
188
191
193
194
221
226
238
259
265
287
322
324
353
385
386
392
399
428
437
455
460
464
469
475
480
510
518
552
573
585
590
592
594
601
602
603
612
676
695
736
741
752
766
827
829
858
908
944
946
958
961
969
986
1019
1030
1046
1051
1056
1066
1075
1077
1096
1105
1115
1130
1146
1169
1194
1227
1233
1264
1265
1274
1304
1312
1324
1344
1372
1383
1398
1435
1452
1464
1474
1504
1509
1513
1514
1520
1527
1558
1574
1578
1584
1617
1639
1652
1661
1702
1730
1731
1732
1736
1738
1799
1800
1819
1835
1860
1880
1891
1914
1920
1929
1930
1934
1991
1999
2006
2042
2044
2071
2077
2086
2130
2139
2160
2163
2169
2175
2288
2295
2302
2308
2316
2321
2322
2344
2355
2377
2388
2390
2407
2427
2441
2451
2458
2464
2465
2467
2481
2507
2519
2535
2542
2566
2570
2600
2611
2629
2633
2675
2682
2716
2734
2770
2793
2802
2832
2845
2876
2878
2884
2901
2916
2934
2957
2958
2979
3004
3013
3037
3038
3047
3049
3059
3062
3066
3084
3086
3094
3108
3114
3123
3137
3150
3153
3186
3225
3240
3263
3269
3286
3296
3300
3317
3323
3329
3336
3344
3359
3364
3373
3376
3385
3395
3407
3416
3423
3426
3439
3441
3442
3455
3456
3457
3463
3479
3504
3559
3579
3586
3607
3613
3616
3646
3648
3697
3739
3784
3825
3826
3827
3837
3916
3918
3929
3933
3949
3951
3968
3978
3986
3993
4004
4020
4034
4064
4077
4087
4094
4104
4115
4129
4151
4181
4183
4184
4237
4266
4282
4292
4298
4307
4343
4352
4375
4384
4391
4396
4405
4412
4413
4417
4457
4461
4487
4489
4541
4559
4565
4568
4580
4584
4589
4610
4650
4655
4664
4678
4688
4709
4712
4719
4726
4785
4820
4872
4875
4881
4926
4938
4979
5029
5054
5058
5066
5107
5130
5182
5187
5195
5221
5235
5236
5243
5246
5305
5318
5364
5403
5468
5472
5501
5513
5533
5539
5556
5586
5614
5629
5643
5667
5686
5722
5756
5770
5779
5791
5800
5802
5805
5824
5879
5908
5967
5988
5992
5997
6007
6017
6060
6079
6127
6139
6148
6190
6192
6194
6209
6219
6252
6272
6297
6298
6300
6325
6351
6372
6384
6393
6406
6436
6438
6460
6489
6498
6504
6512
6513
6541
6543
6568
6576
6606
6625
6639
6649
6683
6684
6713
6733
6777
6797
6798
6830
6840
6866
6889
6944
6946
6964
6984
6998
7000
7023
7108
7114
7136
7141
7146
7147
7165
7181
7217
7227
7236
7252
7255
7262
7266
7318
7335
7337
7345
7415
7422
7464
7496
7500
7511
7550
7573
7607
7646
7658
7665
7686
7693
7718
7724
7754
7763
7770
7772
7787
7828
7832
7849
7855
7857
7889
7892
7900
7911
7917
7944
7954
7969
7998
8002
8008
8033
8069
8098
8138
8162
8193
8201
8275
8277
8316
8334
8360
8368
8380
8388
8403
8416
8421
8439
8452
8471
8477
8507
8532
8533
8535
8541
8544
8554
8557
8566
8585
8610
8611
8631
8639
8641
8644
8658
8685
8708
8749
8765
8783
8792
8803
8862
8868
8890
8893
8894
8908
8931
8936
8952
8954
8955
8959
8961
8977
8996
9015
9042
9052
9062
9109
9118
9124
9155
9178
9214
9216
9236
9257
9266
9292
9307
9314
9327
9343
9353
9368
9375
9387
9396
9427
9453
9463
9491
9495
9502
9515
9522
9558
9559
9561
9581
9592
9613
9630
9644
9654
9671
9790
9801
9830
9863
9888
9921
9926
9933
9937
9950
-1
