1
14
15
18
30
42
46
58
69
108
125
137
151
161
178
183
185
188
209
220
222
233
239
263
282
340
350
355
399
421
448
478
487
502
509
511
521
529
551
559
589
592
639
659
706
722
725
732
743
765
784
808
819
823
840
855
873
874
884
887
901
905
910
925
947
973
1006
1008
1021
1023
1024
1068
1106
1183
1199
1200
1216
1217
1226
1245
1264
1288
1302
1305
1315
1317
1343
1347
1378
1397
1412
1424
1451
1457
1460
1466
1489
1490
1495
1650
1700
1725
1735
1767
1773
1783
1806
1839
1848
1864
1868
1888
1899
1938
1946
1952
2021
2022
2023
2066
2108
2122
2130
2157
2178
2185
2189
2215
2247
2248
2268
2321
2327
2330
2339
2342
2355
2360
2369
2401
2435
2455
2491
2526
2545
2556
2578
2627
2628
2658
2668
2682
2684
2690
2696
2710
2733
2780
2783
2784
2794
2797
2837
2844
2845
2867
2891
2904
2918
2920
2945
2946
2961
2973
2978
2981
2994
3005
3040
3061
3075
3106
3127
3132
3133
3138
3169
3172
3175
3186
3187
3207
3209
3236
3267
3296
3342
3398
3401
3402
3403
3410
3422
3438
3447
3462
3483
3490
3513
3524
3564
3588
3590
3595
3621
3638
3685
3691
3698
3703
3708
3716
3796
3803
3815
3839
3888
3892
3904
3928
3958
3969
3979
3998
4007
4019
4040
4058
4059
4065
4119
4131
4137
4150
4154
4182
4191
4194
4197
4199
4212
4227
4251
4282
4312
4330
4354
4362
4384
4391
4398
4404
4421
4437
4438
4446
4478
4504
4545
4561
4574
4597
4608
4627
4679
4692
4694
4705
4730
4740
4751
4758
4763
4774
4778
4779
4803
4808
4827
4864
4867
4874
4889
4901
4910
4925
4927
4932
4942
4949
4954
4961
4984
5029
5030
5044
5052
5066
5084
5101
5120
5129
5132
5134
5153
5170
5258
5263
5267
5270
5285
5309
5314
5326
5344
5375
5381
5390
5399
5405
5423
5425
5447
5459
5476
5532
5553
5560
5568
5587
5604
5617
5621
5625
5646
5698
5705
5706
5710
5724
5730
5808
5855
5861
5872
5909
5915
5916
5938
5947
5967
6014
6019
6034
6077
6090
6097
6101
6112
6154
6177
6197
6243
6249
6276
6308
6321
6363
6364
6375
6384
6413
6420
6438
6449
6480
6496
6533
6546
6589
6612
6627
6640
6667
6680
6683
6693
6759
6777
6786
6798
6811
6812
6828
6832
6834
6857
6863
6869
6870
6878
6898
6937
6941
6945
6960
6978
6986
6996
7013
7019
7037
7039
7086
7091
7129
7132
7158
7168
7185
7197
7218
7287
7289
7291
7299
7316
7326
7327
7330
7364
7381
7402
7408
7426
7451
7483
7497
7503
7512
7555
7593
7595
7602
7607
7618
7647
7652
7675
7679
7697
7713
7747
7761
7767
7787
7817
7853
7863
7868
7874
7894
7907
7928
7929
7959
7963
7976
7984
7985
7996
8024
8027
8031
8039
8077
8086
8177
8178
8179
8188
8222
8241
8244
8254
8263
8273
8276
8289
8300
8324
8331
8352
8403
8430
8447
8448
8493
8494
8529
8537
8542
8544
8549
8614
8618
8640
8680
8684
8701
8738
8747
8748
8775
8782
8847
8851
8870
8911
8946
8950
8963
8986
9012
9028
9032
9035
9058
9071
9079
9097
9099
9103
9110
9113
9114
9133
9143
9145
9167
9176
9181
9204
9209
9211
9214
9215
9222
9246
9264
9270
9301
9346
9364
9378
9420
9427
9440
9441
9443
9455
9474
9567
9574
9580
9582
9605
9608
9622
9660
9707
9720
9786
9796
9838
9842
9871
9872
9873
9898
9903
9909
9943
9953
9955
9969
9983
9989
9996
9999
-1
