1
4
17
64
71
97
99
132
138
141
159
172
199
220
226
245
257
272
309
319
320
326
386
392
400
408
421
433
436
439
522
567
574
577
591
596
599
647
685
714
751
768
782
800
801
817
827
848
854
893
901
906
920
926
933
952
961
1012
1014
1021
1037
1038
1052
1065
1071
1108
1158
1183
1192
1202
1225
1226
1227
1233
1242
1272
1310
1326
1327
1346
1357
1370
1414
1447
1461
1479
1489
1494
1497
1533
1537
1546
1565
1602
1625
1634
1656
1670
1710
1712
1744
1764
1774
1794
1796
1798
1806
1849
1850
1853
1893
1914
1942
1955
1962
2001
2073
2075
2113
2140
2154
2160
2169
2186
2190
2199
2258
2280
2297
2327
2366
2374
2383
2395
2401
2420
2435
2488
2490
2498
2504
2515
2521
2522
2555
2558
2559
2561
2581
2600
2602
2603
2608
2626
2664
2671
2673
2683
2685
2711
2724
2731
2751
2759
2761
2794
2807
2813
2846
2860
2865
2892
2942
2943
2970
2992
3008
3021
3026
3038
3039
3046
3063
3082
3096
3122
3130
3162
3190
3205
3207
3229
3241
3255
3264
3299
3313
3342
3360
3366
3375
3449
3462
3468
3471
3473
3502
3510
3512
3543
3567
3571
3592
3597
3626
3672
3676
3684
3695
3740
3745
3787
3793
3806
3816
3847
3854
3871
3872
3877
3887
3893
3905
3906
3910
3912
3916
3941
3949
3952
3977
4001
4021
4022
4029
4070
4073
4076
4083
4087
4130
4137
4149
4168
4184
4191
4192
4231
4238
4253
4262
4273
4293
4308
4320
4333
4340
4343
4363
4382
4383
4407
4414
4417
4426
4440
4453
4459
4464
4498
4521
4525
4528
4539
4541
4571
4585
4587
4601
4612
4655
4666
4672
4680
4694
4696
4699
4713
4719
4742
4790
4815
4818
4828
4835
4841
4844
4847
4852
4858
4875
4897
4903
4908
4952
4955
4968
4982
4989
4992
5036
5075
5080
5094
5107
5117
5137
5138
5146
5153
5180
5209
5231
5251
5289
5293
5317
5339
5361
5387
5405
5411
5479
5491
5528
5581
5597
5599
5626
5658
5738
5766
5769
5784
5797
5819
5863
5879
5897
5899
5923
5952
5955
5974
6025
6044
6047
6057
6078
6101
6102
6108
6124
6135
6147
6156
6168
6173
6178
6190
6210
6216
6220
6240
6247
6250
6284
6294
6301
6308
6315
6321
6328
6333
6356
6407
6440
6449
6459
6461
6473
6482
6517
6538
6540
6572
6589
6599
6610
6665
6673
6676
6677
6686
6687
6693
6696
6699
6709
6730
6735
6787
6817
6819
6828
6832
6834
6835
6867
6909
6915
6937
6959
7013
7020
7062
7069
7089
7137
7168
7171
7172
7180
7211
7213
7221
7253
7273
7276
7282
7296
7297
7308
7338
7339
7383
7386
7396
7415
7433
7465
7474
7486
7507
7510
7564
7572
7582
7592
7598
7601
7612
7617
7747
7756
7758
7763
7803
7804
7806
7835
7846
7870
7881
7896
7897
7909
7939
7961
7986
8002
8005
8013
8030
8046
8061
8087
8119
8142
8145
8176
8183
8192
8206
8219
8239
8310
8329
8342
8354
8375
8430
8460
8475
8507
8522
8523
8531
8537
8538
8540
8566
8571
8636
8638
8654
8658
8660
8667
8670
8720
8763
8773
8781
8782
8832
8866
8871
8884
8893
8937
8960
9028
9032
9044
9050
9053
9071
9088
9124
9164
9184
9203
9222
9226
9274
9298
9332
9344
9347
9370
9389
9391
9405
9414
9436
9438
9451
9475
9478
9479
9528
9553
9574
9577
9599
9615
9623
9633
9662
9676
9694
9718
9724
9725
9738
9753
9768
9782
9791
9794
9807
9845
9887
9908
9936
9956
9957
9965
9988
-1
