23
24
53
55
63
82
91
146
150
173
178
181
231
234
270
275
281
299
310
334
337
338
346
355
393
421
434
445
451
480
481
574
639
647
657
660
678
689
690
708
729
739
741
765
814
837
849
874
908
930
934
961
963
979
1025
1029
1045
1058
1067
1083
1087
1106
1119
1180
1182
1188
1194
1230
1236
1246
1280
1343
1360
1361
1367
1387
1430
1443
1463
1469
1539
1550
1588
1617
1630
1749
1774
1788
1815
1824
1843
1901
1941
1944
1978
1983
1994
2013
2020
2024
2026
2029
2047
2059
2069
2086
2107
2145
2175
2179
2181
2185
2210
2211
2224
2237
2284
2304
2314
2339
2373
2374
2380
2389
2399
2408
2417
2420
2424
2430
2441
2460
2472
2479
2481
2488
2498
2509
2511
2512
2523
2619
2630
2641
2700
2706
2725
2728
2763
2765
2778
2799
2852
2854
2892
2917
2931
2946
2965
3037
3070
3085
3098
3100
3120
3135
3142
3153
3167
3175
3183
3193
3199
3212
3227
3262
3263
3273
3300
3312
3316
3341
3364
3376
3388
3395
3410
3422
3426
3469
3501
3530
3542
3544
3549
3569
3605
3635
3640
3650
3690
3707
3708
3711
3718
3742
3748
3751
3759
3793
3804
3816
3833
3850
3870
3875
3888
3911
3912
3916
3927
3944
3967
3968
3970
4025
4026
4054
4058
4080
4097
4103
4109
4127
4133
4138
4148
4203
4210
4252
4270
4291
4294
4308
4335
4345
4350
4354
4369
4373
4441
4445
4446
4462
4493
4505
4517
4518
4520
4528
4540
4547
4564
4572
4592
4596
4602
4610
4624
4660
4667
4685
4689
4694
4701
4731
4745
4750
4770
4801
4813
4830
4842
4855
4918
4931
4940
4954
4963
4967
4969
5014
5034
5036
5038
5039
5052
5055
5074
5098
5107
5127
5192
5204
5240
5241
5260
5326
5332
5337
5344
5357
5376
5429
5435
5447
5450
5486
5509
5530
5532
5534
5537
5541
5565
5568
5583
5743
5780
5793
5797
5836
5838
5885
5922
5923
5947
5960
5961
5979
5991
6006
6033
6061
6070
6071
6077
6078
6100
6113
6123
6144
6156
6161
6162
6163
6167
6174
6228
6230
6237
6274
6286
6310
6346
6362
6367
6383
6394
6396
6450
6452
6470
6472
6474
6475
6486
6559
6592
6595
6606
6633
6635
6640
6667
6669
6681
6696
6701
6722
6739
6755
6778
6784
6807
6808
6821
6822
6847
6850
6870
6872
6904
6908
6921
6926
6927
6947
6967
6997
7016
7043
7051
7052
7067
7068
7105
7122
7127
7133
7142
7163
7195
7224
7242
7264
7273
7285
7289
7302
7305
7320
7330
7336
7337
7339
7379
7381
7397
7440
7478
7497
7499
7503
7526
7528
7530
7542
7569
7587
7621
7653
7656
7664
7693
7698
7702
7716
7720
7736
7752
7771
7781
7837
7878
7884
7898
7907
7912
7915
7940
7941
7945
7951
7973
8002
8018
8023
8025
8030
8033
8071
8074
8080
8084
8093
8095
8118
8142
8151
8159
8181
8184
8197
8210
8212
8219
8260
8319
8322
8334
8355
8372
8384
8391
8420
8445
8475
8479
8489
8491
8509
8511
8561
8564
8568
8590
8618
8636
8659
8664
8684
8734
8748
8757
8764
8778
8782
8785
8789
8796
8835
8845
8850
8853
8856
8905
8922
8925
8935
8960
8968
8993
8997
9039
9077
9083
9102
9107
9121
9136
9150
9155
9170
9217
9243
9264
9271
9313
9331
9342
9366
9387
9485
9591
9597
9605
9628
9641
9647
9666
9670
9672
9675
9690
9694
9698
9704
9715
9726
9733
9744
9746
9759
9763
9777
9784
9792
9820
9836
9877
9898
9919
9924
9933
9948
9953
9969
9991
9998
-1
