12
23
27
34
35
41
123
131
148
151
171
183
199
200
213
239
283
302
313
319
338
356
358
367
378
384
396
404
409
443
459
476
478
488
501
512
513
537
550
568
574
575
582
583
599
608
670
704
717
726
740
762
765
787
791
799
819
825
869
875
885
897
915
936
941
977
978
981
990
1026
1064
1097
1109
1120
1145
1147
1149
1175
1176
1179
1196
1202
1212
1215
1226
1241
1276
1312
1319
1326
1341
1342
1351
1399
1403
1406
1414
1438
1443
1523
1527
1541
1550
1558
1573
1622
1635
1666
1668
1669
1670
1673
1700
1705
1730
1735
1764
1794
1830
1835
1856
1862
1905
1931
1969
1970
1991
2006
2031
2045
2054
2056
2057
2065
2085
2147
2157
2158
2177
2190
2196
2199
2219
2222
2246
2259
2261
2263
2271
2305
2343
2364
2368
2375
2408
2409
2423
2426
2448
2463
2488
2502
2523
2557
2567
2602
2607
2615
2657
2668
2677
2689
2763
2788
2809
2819
2831
2858
2861
2891
2913
2942
2949
2971
3019
3042
3057
3092
3116
3142
3152
3156
3172
3231
3263
3269
3351
3357
3360
3375
3379
3420
3431
3432
3439
3475
3484
3499
3529
3544
3550
3552
3564
3567
3575
3622
3635
3645
3656
3675
3694
3707
3726
3731
3770
3783
3813
3826
3827
3829
3833
3865
3887
3909
3913
3922
3941
3963
4004
4024
4049
4071
4074
4096
4120
4169
4170
4198
4206
4213
4227
4259
4297
4327
4346
4347
4361
4376
4391
4425
4429
4478
4486
4501
4507
4513
4516
4537
4558
4561
4584
4586
4593
4598
4618
4643
4674
4691
4699
4725
4760
4784
4787
4795
4802
4804
4812
4813
4844
4850
4859
4880
4899
4900
4907
4917
4926
4932
4935
4950
4953
4981
4985
5005
5016
5038
5065
5069
5160
5198
5213
5216
5247
5251
5273
5287
5296
5303
5318
5344
5374
5393
5406
5450
5512
5518
5527
5536
5541
5562
5565
5585
5604
5617
5623
5628
5650
5651
5674
5728
5770
5784
5800
5804
5817
5834
5837
5848
5875
5879
5890
5895
5955
5959
5966
5973
6022
6032
6047
6063
6067
6104
6113
6130
6181
6219
6231
6248
6253
6263
6299
6334
6344
6383
6391
6395
6401
6413
6430
6446
6447
6448
6458
6462
6483
6500
6504
6510
6518
6536
6566
6583
6622
6624
6628
6662
6687
6714
6717
6736
6741
6743
6757
6771
6789
6796
6821
6829
6880
6882
6889
6896
6914
6927
6943
6955
6974
6982
7002
7007
7029
7038
7040
7063
7092
7103
7105
7108
7111
7137
7138
7156
7175
7177
7186
7226
7227
7237
7239
7246
7251
7276
7289
7297
7302
7337
7340
7382
7394
7403
7407
7415
7429
7436
7454
7461
7467
7483
7507
7534
7564
7572
7574
7590
7603
7638
7642
7644
7691
7695
7737
7786
7787
7808
7820
7853
7856
7859
7865
7870
7877
7885
7896
7968
7979
7986
7999
8047
8059
8079
8087
8091
8109
8120
8124
8127
8131
8135
8138
8141
8143
8145
8154
8171
8250
8261
8273
8310
8321
8323
8327
8336
8342
8357
8358
8365
8421
8422
8425
8470
8478
8519
8528
8533
8551
8552
8570
8589
8600
8624
8657
8659
8753
8783
8818
8854
8871
8929
8935
8944
8945
8990
9008
9019
9027
9052
9063
9083
9123
9133
9153
9232
9234
9288
9297
9301
9317
9324
9339
9361
9399
9406
9418
9421
9422
9455
9460
9464
9478
9481
9523
9559
9561
9599
9625
9628
9662
9671
9681
9739
9745
9766
9768
9798
9839
9846
9856
9863
9872
9882
9903
9918
9924
9931
9949
9950
9956
9961
9977
9989
-1
