8
59
62
70
76
87
95
182
191
193
201
232
242
251
257
258
261
280
281
288
292
300
325
332
340
348
359
376
413
448
471
484
505
535
540
564
588
609
671
680
719
723
741
749
760
764
780
791
792
810
813
824
832
845
874
899
900
904
928
962
982
1034
1039
1075
1076
1128
1132
1134
1155
1164
1166
1176
1177
1180
1192
1197
1227
1236
1261
1276
1281
1326
1352
1360
1386
1390
1416
1436
1441
1461
1470
1486
1497
1513
1559
1562
1566
1569
1590
1592
1622
1624
1641
1656
1657
1674
1680
1681
1686
1710
1718
1730
1751
1759
1765
1782
1788
1790
1860
1864
1884
1885
1893
1946
1959
1977
1986
1987
1990
2005
2011
2012
2020
2070
2098
2116
2130
2144
2152
2173
2178
2211
2225
2243
2286
2291
2295
2330
2342
2367
2368
2381
2410
2430
2433
2473
2514
2517
2568
2571
2590
2592
2601
2607
2613
2627
2629
2654
2663
2717
2736
2754
2759
2765
2776
2785
2821
2828
2829
2834
2837
2839
2896
2903
2979
2997
3001
3030
3040
3055
3059
3127
3135
3139
3143
3144
3167
3187
3233
3249
3288
3295
3315
3340
3352
3354
3386
3400
3425
3470
3488
3506
3511
3528
3533
3555
3556
3562
3578
3587
3590
3609
3613
3625
3630
3656
3703
3713
3731
3738
3748
3750
3759
3766
3781
3790
3801
3802
3804
3807
3818
3835
3842
3843
3877
3884
3900
3924
3930
3945
3947
3952
3954
4003
4013
4033
4059
4067
4090
4111
4112
4165
4177
4182
4206
4218
4233
4243
4248
4269
4274
4306
4318
4325
4328
4357
4367
4369
4374
4375
4383
4408
4477
4513
4559
4566
4586
4648
4660
4693
4717
4720
4725
4729
4761
4766
4780
4793
4796
4798
4814
4823
4847
4871
4896
4925
4940
4970
4985
5001
5057
5063
5066
5098
5100
5107
5154
5179
5183
5204
5223
5228
5252
5326
5335
5365
5388
5456
5469
5474
5508
5611
5614
5621
5646
5670
5674
5692
5710
5721
5746
5752
5755
5760
5809
5835
5845
5851
5885
5898
5899
5908
5947
5970
5987
5988
5992
5999
6022
6024
6037
6063
6064
6085
6087
6127
6153
6161
6175
6197
6209
6219
6231
6236
6358
6456
6480
6482
6487
6508
6517
6529
6532
6537
6563
6567
6568
6571
6597
6599
6601
6617
6642
6686
6700
6712
6723
6728
6744
6763
6777
6782
6791
6800
6808
6812
6819
6825
6826
6840
6844
6852
6875
6895
6903
6931
6944
6956
6997
7025
7066
7085
7088
7105
7112
7176
7179
7183
7184
7227
7228
7279
7283
7291
7297
7306
7333
7347
7353
7354
7362
7390
7394
7411
7425
7430
7432
7433
7441
7461
7463
7466
7477
7489
7490
7497
7549
7572
7635
7644
7658
7666
7669
7673
7679
7680
7683
7684
7696
7712
7713
7728
7758
7766
7771
7783
7823
7832
7838
7841
7872
7873
7875
7907
7910
7920
7939
7963
7986
7989
8019
8051
8106
8114
8155
8164
8171
8181
8200
8204
8228
8239
8248
8261
8265
8282
8291
8297
8307
8341
8346
8369
8388
8408
8422
8438
8449
8452
8473
8485
8527
8530
8535
8579
8587
8590
8610
8624
8631
8648
8652
8657
8717
8795
8810
8813
8817
8820
8862
8875
8890
8904
8913
8923
8924
8940
8950
8956
8988
8997
9010
9035
9036
9047
9076
9112
9113
9120
9121
9136
9141
9199
9231
9265
9293
9306
9344
9455
9490
9522
9557
9563
9570
9579
9585
9615
9621
9622
9627
9643
9646
9676
9710
9764
9777
9782
9799
9819
9827
9843
9849
9864
9909
9913
9915
9932
9941
9951
9991
9993
-1
