1
50
75
78
100
123
232
240
241
259
278
311
320
323
339
352
390
420
432
439
440
479
498
503
516
518
525
546
557
566
583
593
613
614
620
652
713
727
747
762
775
801
823
884
910
927
930
965
978
993
994
1028
1037
1060
1127
1128
1134
1146
1161
1164
1191
1210
1212
1223
1226
1244
1246
1266
1268
1272
1283
1350
1376
1395
1420
1431
1486
1556
1557
1574
1593
1627
1659
1708
1719
1724
1725
1735
1746
1751
1753
1760
1765
1778
1780
1803
1807
1818
1838
1860
1876
1885
1926
1936
1960
1970
1977
2036
2043
2057
2060
2071
2093
2105
2117
2130
2132
2136
2140
2148
2165
2189
2196
2203
2229
2235
2246
2249
2264
2298
2299
2302
2312
2313
2321
2329
2356
2371
2373
2385
2398
2399
2404
2428
2468
2474
2479
2504
2508
2509
2535
2548
2557
2577
2583
2585
2587
2612
2618
2625
2629
2633
2641
2663
2697
2700
2704
2712
2729
2736
2773
2782
2803
2808
2817
2843
2888
2903
2970
2986
3075
3081
3111
3114
3127
3147
3163
3184
3192
3207
3257
3266
3269
3280
3291
3321
3349
3365
3367
3383
3403
3418
3454
3460
3474
3490
3519
3521
3536
3537
3566
3570
3601
3602
3629
3638
3649
3670
3686
3702
3711
3751
3787
3805
3810
3811
3821
3822
3836
3837
3852
3863
3865
3870
3889
3954
3971
3978
3979
3984
3999
4121
4135
4173
4199
4220
4224
4245
4247
4285
4287
4323
4330
4343
4353
4355
4360
4371
4372
4397
4398
4410
4441
4452
4518
4591
4600
4602
4606
4619
4620
4636
4660
4666
4680
4698
4700
4710
4711
4733
4736
4745
4750
4821
4836
4846
4864
4868
4888
4889
4912
4923
4940
4956
4958
4962
4973
4982
5000
5029
5058
5064
5098
5112
5113
5120
5123
5132
5137
5146
5147
5149
5155
5185
5189
5253
5270
5280
5302
5316
5347
5365
5377
5379
5396
5426
5464
5467
5482
5499
5516
5538
5552
5557
5560
5581
5594
5624
5626
5631
5634
5656
5670
5681
5705
5714
5762
5763
5815
5838
5851
5853
5877
5917
5931
5952
5971
5993
6004
6036
6047
6050
6057
6058
6068
6071
6093
6095
6132
6136
6138
6156
6177
6201
6218
6229
6280
6292
6311
6317
6318
6324
6327
6354
6373
6375
6398
6399
6414
6426
6452
6455
6473
6511
6518
6525
6528
6555
6591
6594
6613
6615
6623
6658
6669
6682
6704
6705
6719
6734
6738
6756
6785
6790
6813
6833
6867
6875
6897
6905
6907
6928
6964
6971
6979
6986
7005
7090
7155
7157
7179
7187
7194
7196
7219
7244
7249
7274
7316
7317
7324
7336
7368
7401
7425
7441
7454
7455
7527
7528
7552
7624
7653
7660
7663
7667
7673
7711
7725
7746
7789
7793
7820
7859
7874
7885
7894
7899
7909
7911
7928
7933
7938
7947
7951
7966
7992
8014
8031
8046
8051
8071
8099
8100
8106
8121
8138
8145
8173
8198
8199
8202
8213
8214
8227
8231
8254
8265
8317
8355
8356
8394
8396
8405
8409
8413
8424
8431
8452
8470
8494
8515
8528
8545
8567
8569
8587
8604
8606
8607
8612
8617
8698
8706
8747
8754
8779
8789
8831
8854
8866
8889
8896
8920
8932
8953
8955
8963
8976
8984
9007
9013
9014
9017
9021
9039
9110
9121
9122
9140
9142
9145
9152
9169
9199
9210
9217
9220
9222
9252
9253
9325
9328
9379
9387
9394
9413
9424
9427
9464
9473
9500
9550
9561
9587
9596
9638
9653
9655
9664
9697
9739
9746
9774
9775
9778
9784
9802
9846
9869
9871
9879
9902
9913
9947
9975
9976
9978
9986
9987
-1
