19
21
22
41
42
46
53
68
82
94
145
157
173
189
236
246
251
254
259
274
275
282
283
292
317
326
332
367
388
437
442
459
476
482
499
512
515
521
589
595
605
612
616
632
635
651
654
660
718
728
736
739
770
796
799
803
817
820
822
857
869
879
883
884
896
909
910
918
937
941
976
977
987
1004
1008
1018
1046
1061
1081
1087
1113
1139
1151
1176
1201
1202
1250
1253
1286
1294
1305
1307
1328
1358
1367
1385
1386
1391
1393
1397
1418
1432
1445
1468
1474
1475
1478
1492
1493
1511
1518
1530
1534
1550
1569
1572
1583
1587
1597
1601
1603
1608
1615
1626
1678
1686
1713
1715
1730
1743
1748
1750
1762
1768
1780
1783
1811
1816
1829
1872
1897
1912
1934
1986
2009
2013
2028
2049
2053
2108
2177
2203
2204
2222
2225
2267
2268
2284
2285
2296
2301
2314
2318
2322
2351
2361
2362
2435
2446
2463
2480
2517
2542
2569
2593
2625
2655
2674
2683
2695
2718
2728
2750
2759
2760
2767
2791
2831
2848
2890
2915
2924
2927
2971
2985
2996
3058
3059
3069
3111
3123
3130
3138
3141
3194
3219
3220
3243
3263
3297
3301
3331
3358
3410
3415
3426
3468
3479
3488
3509
3510
3518
3546
3563
3581
3587
3591
3595
3597
3606
3624
3632
3678
3688
3695
3742
3751
3759
3771
3784
3791
3803
3808
3816
3846
3898
3909
3925
4001
4005
4021
4028
4073
4105
4125
4127
4187
4215
4217
4221
4291
4317
4319
4329
4352
4360
4420
4423
4425
4455
4518
4544
4545
4549
4600
4601
4606
4657
4660
4667
4692
4700
4750
4754
4777
4781
4849
4874
4875
4882
4907
4927
4932
4945
4956
4966
4981
4990
4992
5001
5017
5020
5033
5039
5046
5053
5069
5079
5104
5149
5156
5158
5175
5178
5192
5210
5215
5218
5251
5281
5303
5311
5342
5346
5351
5382
5409
5417
5458
5474
5488
5490
5517
5540
5542
5577
5590
5606
5618
5638
5674
5686
5699
5700
5709
5717
5728
5729
5733
5746
5751
5774
5794
5818
5851
5856
5873
5881
5897
5915
5921
5956
5977
5985
5999
6012
6032
6038
6041
6061
6068
6080
6087
6091
6117
6125
6171
6189
6201
6227
6232
6247
6255
6280
6328
6338
6352
6358
6368
6415
6423
6437
6452
6455
6498
6518
6519
6520
6533
6546
6549
6557
6559
6560
6566
6571
6585
6590
6609
6632
6643
6646
6655
6662
6669
6695
6696
6712
6748
6756
6778
6779
6780
6802
6803
6828
6837
6846
6851
6877
6885
6893
6919
6944
6976
6996
6998
7023
7047
7059
7071
7098
7103
7125
7128
7131
7149
7151
7162
7178
7207
7267
7288
7298
7332
7342
7353
7405
7425
7443
7472
7488
7494
7529
7554
7571
7576
7585
7610
7623
7628
7638
7677
7695
7700
7714
7733
7779
7781
7811
7819
7849
7883
7885
7896
7897
7919
7921
7934
7944
7950
7952
7971
7977
7995
8005
8007
8013
8020
8023
8067
8109
8119
8122
8135
8155
8158
8162
8192
8227
8241
8246
8263
8291
8294
8299
8314
8323
8340
8384
8406
8415
8429
8443
8521
8545
8566
8583
8588
8595
8618
8624
8652
8655
8672
8681
8690
8704
8709
8755
8762
8775
8776
8814
8829
8847
8848
8854
8873
8881
8883
8895
8919
8935
8970
8978
8997
9029
9036
9039
9047
9064
9072
9102
9108
9123
9143
9150
9154
9174
9183
9186
9207
9250
9270
9341
9427
9445
9497
9506
9507
9536
9545
9592
9631
9634
9682
9706
9709
9727
9730
9742
9819
9828
9829
9871
9880
9908
9969
9996
-1
