10
11
18
51
72
80
112
113
119
133
134
144
146
162
175
177
181
185
194
205
223
258
290
326
330
331
335
339
364
372
411
465
471
484
505
511
514
515
543
616
617
622
623
630
635
674
676
747
776
798
800
810
812
813
819
825
826
841
849
853
867
877
884
886
887
891
954
967
986
987
1004
1031
1034
1047
1054
1059
1076
1079
1083
1103
1126
1167
1181
1188
1202
1205
1237
1245
1248
1249
1315
1351
1354
1378
1379
1395
1396
1401
1404
1418
1419
1430
1447
1455
1476
1496
1520
1540
1565
1582
1600
1622
1656
1660
1667
1713
1717
1743
1756
1766
1791
1826
1837
1838
1839
1843
1849
1881
1898
1939
1951
1952
1985
1997
2019
2034
2043
2061
2074
2077
2084
2085
2096
2131
2177
2182
2217
2225
2257
2283
2298
2301
2336
2359
2372
2379
2383
2400
2441
2469
2492
2495
2498
2508
2596
2601
2603
2615
2647
2649
2653
2658
2676
2720
2729
2734
2740
2743
2757
2765
2780
2796
2803
2828
2845
2859
2862
2878
2907
2910
2927
2936
2952
2967
2969
2970
2987
2988
3002
3009
3016
3028
3031
3072
3078
3090
3116
3119
3120
3135
3145
3157
3171
3189
3238
3255
3264
3280
3284
3286
3299
3362
3372
3382
3400
3402
3413
3420
3426
3474
3540
3548
3552
3611
3612
3619
3628
3709
3730
3741
3748
3751
3764
3778
3835
3851
3852
3868
3887
3930
3939
3970
3999
4018
4036
4046
4047
4048
4061
4066
4070
4076
4077
4079
4081
4110
4120
4133
4141
4159
4222
4230
4241
4242
4247
4259
4275
4282
4284
4301
4368
4369
4371
4427
4428
4445
4454
4487
4506
4519
4536
4540
4543
4544
4556
4562
4577
4636
4670
4710
4724
4761
4791
4809
4819
4834
4881
4890
4901
4902
4915
4943
4966
5017
5043
5076
5084
5092
5117
5123
5151
5177
5185
5192
5242
5254
5260
5297
5313
5337
5339
5359
5377
5384
5391
5450
5472
5492
5503
5524
5570
5575
5608
5619
5621
5622
5647
5653
5679
5687
5702
5705
5714
5715
5723
5759
5789
5806
5820
5844
5852
5870
5891
5907
5933
5953
5991
6008
6014
6063
6077
6226
6230
6239
6255
6277
6310
6358
6360
6361
6374
6386
6419
6422
6424
6426
6448
6452
6459
6502
6505
6520
6522
6550
6607
6621
6667
6674
6706
6710
6714
6733
6735
6770
6784
6786
6797
6807
6815
6818
6846
6847
6854
6865
6868
6872
6874
6890
6913
6929
6934
6951
6957
6963
6974
6986
7016
7023
7053
7057
7066
7075
7095
7099
7104
7142
7161
7162
7181
7186
7319
7333
7343
7369
7389
7417
7438
7453
7472
7501
7515
7542
7543
7565
7575
7578
7588
7610
7633
7638
7682
7694
7697
7707
7709
7728
7729
7745
7752
7762
7764
7786
7791
7802
7811
7824
7831
7834
7835
7841
7851
7900
7918
7944
7946
7947
7989
7997
8027
8030
8065
8088
8089
8090
8111
8114
8141
8145
8165
8184
8226
8231
8257
8284
8305
8310
8360
8362
8383
8405
8444
8474
8480
8513
8546
8571
8582
8596
8605
8606
8608
8611
8615
8643
8666
8693
8716
8766
8780
8805
8807
8808
8809
8821
8840
8847
8877
8879
8889
8915
8926
8983
8985
9006
9012
9059
9074
9096
9105
9119
9169
9173
9178
9191
9192
9208
9222
9227
9228
9239
9260
9315
9343
9369
9381
9386
9398
9419
9447
9461
9477
9479
9485
9539
9557
9565
9575
9576
9594
9601
9610
9616
9620
9734
9739
9767
9769
9780
9781
9787
9808
9814
9820
9825
9857
9909
9922
9924
9965
9973
-1
