12
19
28
53
55
56
67
68
84
109
110
140
145
152
172
200
205
271
273
287
309
336
341
392
421
448
454
471
513
514
523
525
574
575
604
613
633
650
653
663
664
685
705
729
735
782
789
813
814
824
833
834
851
885
893
896
925
929
952
965
971
1001
1012
1025
1042
1059
1121
1168
1217
1227
1238
1282
1288
1322
1327
1353
1402
1412
1415
1426
1444
1446
1454
1455
1464
1465
1467
1473
1485
1490
1501
1518
1530
1563
1566
1569
1585
1605
1629
1649
1696
1726
1732
1743
1759
1775
1795
1816
1853
1870
1883
1900
1965
1982
2000
2042
2061
2084
2111
2137
2146
2148
2192
2198
2212
2218
2232
2235
2246
2248
2255
2256
2266
2283
2294
2303
2320
2322
2324
2342
2351
2380
2410
2423
2464
2469
2483
2505
2524
2583
2594
2599
2614
2617
2620
2639
2652
2665
2670
2694
2704
2720
2727
2734
2750
2754
2788
2821
2825
2843
2859
2890
2896
2924
2929
2931
2939
2951
2983
2998
3031
3047
3060
3066
3067
3110
3122
3134
3145
3150
3160
3165
3167
3168
3198
3224
3272
3345
3375
3401
3407
3413
3421
3427
3430
3446
3500
3557
3565
3579
3583
3626
3646
3656
3711
3719
3726
3735
3736
3747
3749
3760
3767
3769
3772
3777
3798
3812
3822
3835
3838
3840
3857
3880
3884
3890
3910
3911
3925
3944
3945
3997
4009
4010
4046
4110
4114
4140
4161
4163
4164
4196
4201
4202
4248
4253
4287
4290
4298
4348
4349
4375
4385
4387
4405
4410
4419
4456
4459
4461
4466
4501
4545
4546
4548
4551
4555
4558
4559
4585
4596
4599
4605
4614
4648
4659
4689
4732
4751
4764
4776
4791
4810
4811
4816
4821
4824
4854
4855
4912
4915
4930
4948
4964
4976
4999
5027
5093
5149
5153
5157
5172
5195
5268
5269
5270
5290
5304
5310
5315
5316
5333
5344
5349
5355
5427
5431
5441
5447
5461
5485
5490
5496
5506
5538
5551
5568
5572
5585
5596
5599
5613
5635
5644
5662
5664
5685
5693
5697
5712
5739
5801
5804
5823
5850
5855
5858
5870
5879
5894
5898
5924
5967
5978
5982
5988
5990
6007
6037
6041
6082
6092
6114
6120
6122
6127
6133
6140
6161
6171
6238
6245
6275
6288
6289
6298
6308
6345
6361
6387
6394
6399
6428
6429
6433
6434
6441
6463
6470
6498
6501
6504
6511
6562
6570
6582
6665
6694
6706
6742
6763
6781
6784
6821
6835
6845
6860
6869
6876
6885
6892
6917
6988
7013
7019
7068
7100
7104
7166
7169
7170
7173
7180
7213
7214
7283
7332
7337
7340
7341
7373
7389
7396
7455
7510
7519
7548
7551
7552
7555
7576
7614
7642
7665
7678
7724
7740
7744
7753
7758
7761
7780
7835
7841
7846
7862
7884
7910
7916
7934
7935
7944
8003
8013
8022
8030
8042
8048
8050
8051
8087
8108
8109
8124
8145
8148
8150
8154
8259
8274
8275
8280
8291
8297
8320
8346
8368
8370
8418
8428
8429
8430
8437
8443
8454
8463
8487
8498
8510
8550
8584
8608
8615
8621
8666
8674
8678
8699
8728
8734
8739
8745
8767
8771
8846
8849
8861
8869
8888
8936
8946
8950
8954
8972
8973
8988
9017
9042
9048
9060
9062
9080
9090
9097
9107
9152
9159
9164
9177
9182
9191
9197
9212
9231
9235
9246
9272
9283
9359
9373
9376
9377
9379
9392
9420
9424
9427
9429
9450
9472
9475
9476
9482
9484
9528
9544
9552
9575
9580
9604
9620
9621
9671
9674
9726
9771
9773
9785
9811
9833
9839
9854
9858
9872
9887
9894
9945
9958
9982
9990
-1
