15
25
34
57
65
67
69
71
74
81
87
95
107
171
180
206
210
264
269
290
292
298
330
357
379
389
406
432
466
469
470
487
502
542
570
578
594
595
604
624
631
635
644
650
678
697
708
717
720
721
733
742
745
749
773
837
838
840
847
855
871
883
906
919
974
1002
1031
1059
1082
1101
1103
1120
1135
1173
1209
1210
1218
1233
1258
1267
1274
1288
1289
1298
1310
1367
1375
1405
1406
1409
1438
1446
1461
1479
1495
1504
1515
1537
1547
1558
1571
1573
1585
1593
1600
1606
1620
1641
1681
1688
1689
1747
1762
1775
1784
1798
1807
1815
1821
1823
1827
1831
1844
1878
1902
1910
1944
1951
1965
1981
1990
2036
2054
2059
2064
2073
2081
2101
2106
2115
2118
2159
2162
2172
2192
2195
2198
2217
2236
2255
2256
2267
2273
2304
2323
2357
2389
2442
2447
2454
2464
2480
2482
2526
2527
2536
2540
2550
2555
2569
2581
2589
2592
2606
2612
2624
2625
2632
2660
2661
2680
2687
2688
2697
2722
2733
2764
2771
2775
2784
2793
2808
2809
2818
2833
2927
2931
2949
2965
2976
2984
2989
2993
3012
3021
3029
3082
3095
3097
3101
3140
3158
3185
3193
3204
3215
3274
3335
3339
3342
3368
3381
3382
3396
3431
3449
3456
3463
3490
3499
3559
3586
3588
3595
3596
3618
3624
3667
3672
3699
3705
3713
3723
3728
3784
3814
3819
3838
3862
3865
3897
3911
3928
3935
3938
3948
3961
3968
3976
3981
4028
4061
4086
4093
4112
4129
4133
4148
4156
4177
4216
4248
4260
4269
4273
4282
4290
4301
4361
4372
4398
4403
4411
4419
4430
4434
4446
4467
4480
4491
4502
4529
4552
4560
4593
4597
4617
4666
4703
4709
4724
4729
4736
4766
4778
4794
4796
4807
4816
4886
4896
4912
4926
4933
4936
4983
5035
5050
5073
5074
5139
5148
5165
5202
5219
5229
5266
5330
5339
5371
5402
5406
5469
5491
5496
5503
5508
5511
5514
5540
5584
5591
5594
5595
5600
5604
5614
5615
5626
5630
5647
5654
5674
5700
5712
5722
5741
5748
5779
5848
5856
5857
5868
5946
5951
5966
5972
5990
5997
6009
6012
6029
6035
6040
6063
6065
6070
6096
6128
6143
6144
6151
6170
6195
6196
6206
6237
6239
6243
6268
6275
6279
6290
6297
6343
6369
6371
6436
6437
6463
6466
6485
6494
6497
6499
6594
6597
6614
6619
6622
6624
6630
6634
6653
6660
6678
6679
6682
6690
6696
6719
6759
6795
6856
6865
6880
6881
6909
6939
6944
6946
6947
6971
6975
6992
7043
7044
7051
7059
7072
7086
7115
7118
7119
7120
7151
7156
7162
7164
7190
7192
7193
7207
7209
7218
7232
7233
7239
7256
7257
7286
7287
7315
7317
7326
7329
7340
7363
7378
7381
7388
7409
7427
7428
7440
7454
7459
7485
7504
7507
7523
7544
7556
7623
7627
7630
7650
7657
7686
7689
7745
7753
7758
7764
7781
7809
7816
7820
7823
7844
7859
7887
8020
8100
8105
8114
8127
8219
8228
8268
8271
8276
8305
8343
8352
8367
8378
8396
8399
8407
8424
8440
8461
8481
8513
8518
8520
8537
8543
8578
8591
8608
8628
8660
8666
8676
8736
8738
8740
8763
8793
8803
8818
8920
8935
8936
8938
8939
8950
8965
9011
9028
9067
9108
9161
9187
9199
9229
9255
9257
9267
9273
9277
9291
9314
9336
9337
9342
9374
9389
9400
9402
9447
9449
9477
9506
9527
9547
9553
9600
9603
9638
9648
9698
9719
9742
9753
9775
9784
9817
9851
9875
9885
9905
9916
9947
9951
9975
9978
9999
-1
