72
106
107
138
159
172
194
250
265
267
286
302
309
314
330
331
332
360
382
395
408
424
447
520
530
538
539
548
576
586
600
605
607
621
623
650
682
717
744
768
773
798
800
827
847
873
883
904
945
949
960
1012
1017
1042
1054
1067
1071
1082
1109
1141
1174
1179
1203
1214
1237
1247
1250
1266
1268
1271
1289
1292
1326
1327
1352
1367
1373
1399
1418
1432
1434
1456
1463
1481
1507
1518
1523
1528
1533
1536
1615
1631
1635
1672
1688
1692
1696
1709
1723
1734
1761
1777
1782
1795
1825
1837
1852
1857
1862
1886
1901
1927
2014
2018
2026
2044
2058
2086
2095
2096
2097
2109
2129
2145
2146
2163
2191
2198
2205
2210
2228
2249
2264
2271
2272
2283
2291
2298
2308
2310
2338
2354
2363
2374
2390
2399
2402
2404
2406
2412
2429
2430
2435
2439
2462
2465
2482
2489
2499
2506
2524
2527
2565
2575
2587
2629
2630
2633
2650
2661
2667
2714
2741
2742
2747
2749
2765
2766
2769
2774
2792
2799
2825
2844
2850
2858
2891
2960
2966
2987
2989
3024
3026
3079
3083
3089
3116
3118
3126
3135
3168
3171
3182
3233
3237
3255
3261
3288
3304
3321
3337
3354
3378
3399
3410
3411
3417
3430
3460
3475
3511
3516
3562
3571
3575
3592
3610
3619
3630
3647
3678
3708
3762
3776
3810
3826
3841
3852
3861
3866
3875
3882
3887
3899
3900
3902
3919
3967
3986
4017
4022
4034
4064
4070
4086
4090
4092
4105
4112
4114
4124
4130
4141
4153
4162
4178
4181
4209
4227
4286
4300
4305
4318
4324
4334
4360
4364
4389
4402
4416
4446
4463
4471
4474
4496
4503
4532
4536
4538
4541
4545
4552
4554
4555
4556
4562
4607
4613
4627
4628
4636
4638
4644
4649
4669
4678
4683
4690
4700
4730
4767
4781
4787
4834
4845
4863
4869
4870
4881
4906
4937
4941
4973
4996
4997
5004
5019
5041
5053
5061
5066
5101
5133
5144
5190
5192
5194
5207
5209
5249
5251
5255
5256
5260
5272
5322
5344
5405
5434
5435
5445
5449
5453
5455
5471
5517
5545
5548
5555
5567
5626
5632
5636
5647
5651
5658
5660
5665
5669
5679
5692
5694
5719
5751
5760
5776
5778
5779
5780
5789
5832
5854
5860
5864
5932
5966
5985
5992
6004
6031
6039
6041
6046
6068
6086
6126
6130
6143
6177
6207
6209
6217
6229
6249
6292
6298
6305
6311
6359
6381
6387
6414
6445
6446
6448
6451
6468
6484
6511
6513
6521
6527
6571
6584
6599
6608
6667
6699
6705
6735
6736
6737
6742
6761
6773
6824
6832
6836
6845
6857
6861
6877
6886
6894
6912
6933
6950
6954
6981
7008
7018
7062
7071
7081
7110
7156
7218
7264
7280
7291
7293
7332
7342
7389
7405
7407
7415
7418
7456
7461
7466
7472
7473
7476
7573
7595
7615
7631
7633
7644
7656
7680
7711
7747
7774
7798
7801
7821
7860
7867
7869
7886
7910
7922
7940
7969
7981
7982
8025
8050
8060
8087
8091
8102
8104
8123
8131
8155
8194
8238
8252
8278
8298
8372
8422
8433
8434
8436
8459
8464
8473
8497
8550
8607
8645
8649
8655
8664
8706
8775
8822
8833
8849
8857
8902
8909
8918
8947
8974
8979
8990
9020
9051
9071
9085
9135
9138
9140
9152
9181
9187
9203
9207
9215
9225
9232
9238
9255
9261
9308
9331
9350
9366
9395
9418
9511
9512
9540
9543
9545
9556
9585
9620
9652
9669
9671
9675
9694
9698
9714
9715
9758
9762
9800
9820
9831
9837
9846
9858
9870
9887
9911
9916
9923
9928
9943
9956
9961
9976
9998
-1
