0
7
18
19
20
25
41
43
61
81
94
100
106
107
111
124
139
166
174
185
188
208
227
232
250
268
287
295
302
354
392
430
436
439
500
510
515
523
550
558
580
603
604
606
615
654
687
694
704
708
712
716
717
725
729
767
798
818
824
909
961
966
999
1013
1021
1055
1064
1077
1111
1118
1144
1147
1158
1169
1178
1221
1241
1246
1269
1272
1282
1316
1327
1336
1377
1457
1497
1538
1567
1578
1581
1593
1608
1614
1619
1659
1669
1698
1707
1745
1756
1763
1787
1834
1849
1866
1872
1898
1899
1902
1906
1907
1909
1917
1918
1937
1946
1961
1964
1969
2016
2080
2094
2116
2121
2143
2170
2175
2181
2189
2204
2256
2261
2281
2314
2316
2331
2378
2408
2430
2435
2444
2449
2461
2483
2494
2498
2499
2511
2513
2519
2521
2534
2540
2542
2551
2565
2566
2572
2612
2647
2675
2678
2700
2706
2708
2712
2730
2766
2773
2778
2799
2807
2840
2902
2916
2921
2941
2949
2967
2971
2981
3020
3037
3047
3051
3060
3066
3076
3080
3093
3136
3148
3155
3204
3213
3223
3225
3291
3306
3308
3342
3355
3356
3369
3370
3398
3404
3407
3443
3446
3488
3502
3525
3528
3535
3536
3556
3568
3574
3587
3589
3600
3619
3622
3693
3705
3717
3742
3773
3779
3802
3822
3825
3840
3850
3862
3871
3876
3882
3884
3885
3887
3907
3971
3983
4017
4027
4042
4070
4081
4089
4090
4119
4121
4131
4139
4156
4164
4223
4282
4322
4329
4338
4342
4343
4349
4352
4365
4387
4390
4399
4402
4419
4421
4447
4479
4497
4518
4550
4563
4595
4624
4632
4644
4648
4663
4664
4672
4681
4695
4708
4758
4764
4765
4774
4789
4807
4870
4886
4890
4935
4957
4989
5055
5099
5103
5119
5154
5192
5228
5256
5269
5278
5282
5291
5293
5322
5329
5346
5351
5354
5377
5384
5392
5398
5402
5412
5454
5476
5478
5496
5522
5528
5545
5583
5585
5625
5632
5635
5719
5726
5782
5798
5800
5803
5857
5871
5901
5933
5937
5950
5966
5980
5982
5989
5994
6005
6033
6039
6050
6104
6107
6148
6166
6175
6183
6189
6196
6222
6227
6232
6254
6294
6306
6337
6356
6363
6386
6400
6404
6428
6449
6473
6477
6482
6545
6558
6560
6576
6582
6605
6609
6610
6632
6634
6636
6644
6652
6661
6675
6681
6697
6714
6718
6723
6744
6855
6881
6904
6917
6936
6942
6944
6955
6956
7013
7015
7057
7059
7064
7086
7090
7102
7118
7119
7124
7125
7171
7173
7183
7224
7253
7264
7275
7279
7306
7315
7328
7392
7426
7461
7463
7484
7506
7515
7520
7544
7569
7571
7573
7575
7600
7615
7617
7647
7655
7683
7704
7713
7719
7728
7749
7754
7795
7827
7846
7873
7890
7898
7913
7918
7920
7934
7946
7947
7957
7959
8008
8024
8072
8080
8085
8131
8138
8149
8168
8195
8213
8222
8243
8245
8316
8322
8333
8341
8347
8352
8355
8385
8390
8398
8400
8418
8428
8431
8441
8516
8520
8539
8555
8582
8644
8664
8675
8692
8718
8765
8767
8804
8832
8845
8853
8907
8915
8931
8963
8968
8971
8974
8982
8994
8995
9000
9003
9012
9020
9027
9039
9041
9043
9070
9077
9118
9121
9142
9145
9164
9167
9188
9198
9199
9219
9258
9282
9293
9296
9339
9353
9365
9373
9382
9402
9410
9414
9433
9450
9452
9455
9489
9490
9494
9517
9539
9542
9604
9613
9627
9662
9688
9701
9754
9774
9810
9812
9816
9824
9837
9846
9847
9850
9877
9897
9901
9916
9926
9941
9954
9971
9985
-1
