16
17
25
51
81
97
108
124
137
148
169
179
198
207
222
235
278
280
288
297
341
359
368
369
371
399
407
413
434
441
449
472
475
482
494
497
507
518
522
555
588
666
700
721
732
733
736
766
790
819
820
828
829
861
866
884
903
935
980
1004
1017
1022
1039
1040
1041
1064
1070
1117
1129
1146
1157
1176
1182
1188
1213
1216
1219
1232
1241
1310
1314
1338
1365
1375
1399
1400
1406
1423
1458
1460
1482
1530
1584
1590
1597
1601
1604
1617
1686
1701
1712
1728
1738
1762
1767
1776
1785
1790
1832
1840
1841
1852
1871
1878
1890
1892
1894
1900
1908
1927
1979
1981
1996
2008
2033
2067
2093
2108
2114
2117
2118
2127
2142
2161
2196
2201
2203
2223
2273
2286
2308
2317
2324
2350
2381
2383
2394
2433
2440
2448
2455
2457
2469
2475
2492
2506
2523
2530
2555
2561
2565
2598
2614
2622
2624
2632
2648
2670
2724
2731
2742
2745
2764
2783
2791
2809
2852
2853
2864
2874
2890
2899
2958
2995
3001
3020
3038
3054
3056
3085
3130
3144
3158
3167
3182
3210
3218
3227
3229
3246
3247
3295
3303
3306
3326
3333
3388
3404
3414
3424
3437
3438
3441
3456
3464
3467
3493
3537
3552
3561
3590
3593
3597
3598
3611
3618
3631
3652
3672
3683
3688
3705
3717
3732
3740
3743
3747
3753
3764
3770
3794
3804
3819
3874
3876
3883
3897
3952
3972
3983
3992
4014
4049
4056
4068
4078
4082
4094
4100
4103
4113
4124
4125
4127
4131
4169
4180
4185
4186
4197
4217
4219
4263
4268
4280
4281
4310
4314
4317
4329
4357
4377
4423
4431
4432
4434
4449
4495
4509
4516
4553
4595
4596
4623
4636
4643
4652
4653
4656
4662
4688
4696
4718
4729
4787
4810
4811
4821
4870
4903
4914
4943
4985
4991
5001
5007
5032
5058
5080
5093
5111
5131
5148
5164
5172
5236
5272
5315
5342
5354
5368
5372
5392
5439
5456
5484
5503
5509
5514
5545
5580
5593
5609
5616
5619
5624
5635
5662
5664
5671
5683
5704
5768
5780
5795
5797
5805
5812
5832
5843
5856
5858
5871
5873
5940
5981
5983
5998
6035
6083
6127
6132
6141
6152
6168
6176
6264
6309
6335
6346
6365
6368
6369
6377
6422
6438
6450
6493
6507
6513
6517
6552
6555
6558
6561
6564
6569
6596
6597
6603
6613
6624
6630
6636
6640
6667
6720
6721
6746
6759
6780
6785
6791
6803
6810
6852
6875
6885
6890
6939
6950
6999
7010
7029
7054
7061
7063
7099
7103
7143
7150
7184
7191
7196
7198
7225
7251
7269
7272
7360
7393
7432
7433
7467
7477
7485
7489
7643
7653
7655
7678
7686
7726
7731
7738
7748
7762
7771
7772
7779
7782
7794
7846
7856
7858
7862
7863
7868
7870
7874
7877
7971
7986
7997
8013
8014
8037
8055
8059
8073
8080
8091
8158
8161
8162
8167
8178
8192
8216
8222
8245
8256
8258
8278
8284
8286
8295
8306
8310
8322
8326
8340
8392
8429
8439
8441
8444
8452
8485
8494
8506
8522
8529
8530
8535
8573
8584
8594
8623
8626
8676
8682
8701
8713
8722
8726
8794
8796
8797
8819
8854
8858
8859
8867
8876
8880
8887
8899
8938
8953
8977
8987
8991
9003
9018
9028
9070
9085
9106
9115
9116
9122
9128
9149
9166
9174
9206
9257
9288
9320
9365
9372
9385
9398
9466
9481
9491
9495
9504
9509
9513
9524
9572
9591
9592
9599
9623
9628
9650
9697
9704
9718
9724
9728
9755
9756
9789
9802
9810
9813
9838
9848
9855
9860
9863
9886
9892
9899
9992
9993
-1
