33
61
77
113
115
141
152
168
180
198
203
212
213
219
238
255
263
285
299
316
357
360
361
370
390
417
434
440
511
516
527
547
553
560
562
628
672
678
692
714
738
743
770
778
807
836
871
919
922
940
968
979
1039
1042
1051
1052
1063
1101
1124
1127
1146
1175
1183
1253
1296
1300
1303
1320
1325
1333
1344
1345
1350
1351
1382
1396
1427
1430
1437
1474
1519
1528
1543
1545
1562
1587
1589
1595
1603
1621
1637
1644
1648
1652
1660
1669
1673
1683
1697
1708
1732
1733
1746
1760
1777
1790
1803
1809
1855
1865
1867
1936
1952
1959
2032
2033
2042
2054
2080
2081
2115
2121
2128
2129
2147
2149
2176
2184
2194
2208
2224
2241
2248
2265
2302
2303
2306
2322
2336
2349
2350
2358
2385
2389
2398
2427
2461
2474
2476
2494
2504
2507
2508
2512
2513
2533
2536
2556
2572
2598
2601
2608
2618
2636
2647
2656
2661
2683
2694
2712
2726
2730
2787
2796
2803
2810
2812
2813
2829
2873
2884
2919
2924
2956
2976
2985
2994
2996
3033
3041
3050
3074
3084
3101
3105
3118
3132
3187
3192
3196
3211
3219
3228
3244
3249
3275
3277
3285
3355
3360
3391
3393
3398
3409
3450
3458
3485
3499
3515
3518
3519
3540
3589
3616
3623
3632
3637
3640
3645
3650
3662
3677
3692
3706
3761
3779
3793
3797
3814
3873
3880
3894
3898
3914
3926
3934
3948
3949
3955
3958
3975
3980
3996
4043
4048
4056
4075
4081
4084
4094
4124
4173
4176
4206
4230
4273
4291
4303
4325
4355
4382
4392
4417
4470
4490
4493
4508
4560
4624
4647
4653
4660
4671
4728
4746
4766
4772
4823
4846
4848
4849
4850
4851
4853
4857
4863
4901
4923
4932
4937
4966
4993
5008
5027
5034
5039
5054
5080
5085
5106
5136
5151
5162
5164
5168
5170
5210
5213
5233
5235
5265
5319
5343
5372
5398
5401
5413
5430
5462
5473
5475
5491
5496
5501
5510
5514
5523
5542
5578
5591
5603
5612
5621
5627
5630
5643
5678
5697
5703
5720
5737
5744
5745
5756
5766
5770
5789
5798
5805
5824
5836
5859
5867
5876
5891
5902
5916
5980
5989
6030
6034
6039
6080
6126
6162
6173
6176
6181
6221
6266
6290
6316
6322
6358
6359
6362
6365
6383
6395
6422
6424
6425
6451
6457
6461
6480
6499
6621
6624
6627
6659
6681
6728
6743
6767
6777
6783
6821
6835
6837
6839
6870
6871
6876
6914
6918
6926
6963
6972
6978
6994
7002
7003
7005
7013
7023
7030
7036
7067
7074
7075
7079
7085
7090
7094
7121
7141
7158
7159
7181
7201
7224
7243
7248
7257
7263
7268
7277
7298
7308
7379
7415
7455
7456
7459
7470
7473
7487
7491
7502
7509
7560
7604
7609
7637
7638
7643
7656
7673
7676
7679
7708
7714
7719
7728
7753
7777
7795
7812
7833
7849
7876
7883
7894
7909
7920
7922
7967
7972
7981
7987
7992
8010
8025
8033
8053
8109
8121
8133
8138
8152
8172
8204
8207
8215
8241
8257
8261
8270
8306
8314
8320
8329
8382
8383
8392
8393
8422
8433
8437
8448
8449
8462
8474
8475
8477
8501
8528
8545
8579
8613
8621
8639
8643
8655
8657
8663
8670
8672
8720
8736
8757
8809
8818
8879
8880
8901
8904
8918
8992
9038
9065
9078
9090
9139
9170
9196
9202
9215
9220
9228
9270
9286
9291
9300
9312
9340
9355
9379
9388
9394
9455
9475
9486
9517
9531
9547
9607
9612
9614
9624
9630
9655
9660
9672
9679
9696
9697
9714
9720
9740
9743
9789
9790
9801
9810
9878
9944
9947
9952
-1
