1
26
35
44
50
73
76
107
120
135
152
177
185
192
215
222
237
246
249
287
333
372
380
395
396
430
438
441
443
445
461
478
488
509
512
525
547
550
554
560
583
628
637
654
666
693
709
720
737
751
766
767
770
777
802
823
843
890
891
892
902
928
930
941
943
944
948
950
986
987
1081
1084
1111
1116
1134
1139
1168
1173
1183
1206
1242
1250
1256
1275
1295
1299
1383
1386
1423
1431
1443
1447
1461
1468
1469
1474
1482
1502
1505
1517
1522
1526
1528
1543
1550
1565
1614
1630
1647
1649
1767
1771
1801
1829
1830
1837
1838
1905
1923
1927
1942
2018
2038
2065
2080
2083
2096
2122
2127
2141
2153
2180
2192
2194
2198
2209
2230
2232
2246
2249
2268
2275
2294
2298
2317
2380
2386
2395
2409
2420
2432
2443
2455
2508
2528
2530
2575
2610
2619
2625
2641
2658
2665
2666
2676
2711
2754
2766
2770
2775
2783
2823
2827
2828
2842
2850
2864
2882
2909
2931
2948
2956
2957
2966
2970
3022
3036
3040
3046
3052
3081
3152
3172
3186
3222
3231
3240
3242
3278
3281
3298
3433
3446
3455
3484
3508
3522
3544
3567
3573
3598
3611
3646
3690
3695
3722
3723
3732
3733
3737
3745
3786
3790
3792
3801
3820
3835
3854
3866
3893
3921
3936
3985
3998
3999
4017
4027
4049
4051
4069
4070
4073
4084
4099
4145
4147
4176
4197
4213
4224
4244
4245
4247
4257
4271
4275
4291
4300
4337
4350
4388
4439
4451
4469
4477
4536
4538
4557
4560
4594
4624
4635
4641
4644
4711
4741
4778
4811
4849
4856
4859
4868
4869
4902
4906
4910
4953
4965
4975
4979
4980
4990
4992
5000
5081
5083
5115
5136
5150
5216
5244
5260
5278
5307
5339
5345
5376
5388
5391
5394
5407
5433
5440
5461
5462
5464
5483
5522
5525
5526
5528
5544
5550
5553
5569
5573
5576
5647
5651
5659
5698
5699
5731
5748
5768
5774
5782
5786
5792
5800
5807
5813
5817
5827
5835
5854
5869
5886
5889
5891
5917
5945
5949
5961
5964
5981
5982
6019
6020
6031
6047
6050
6070
6075
6127
6129
6132
6133
6168
6173
6202
6255
6268
6281
6287
6288
6294
6322
6328
6358
6376
6406
6407
6410
6420
6423
6431
6433
6442
6465
6486
6487
6506
6546
6553
6590
6593
6626
6644
6673
6691
6695
6712
6736
6759
6797
6806
6830
6834
6857
6918
6925
6941
6996
7008
7011
7015
7020
7036
7050
7081
7091
7097
7100
7109
7114
7164
7247
7267
7276
7277
7278
7297
7339
7343
7350
7355
7421
7430
7437
7439
7478
7483
7490
7495
7507
7520
7542
7551
7556
7566
7572
7589
7598
7602
7637
7653
7750
7770
7772
7779
7793
7821
7838
7839
7866
7867
7869
7870
7897
7911
7923
7928
7973
7987
7995
8004
8016
8045
8052
8054
8104
8107
8111
8126
8131
8144
8148
8169
8173
8183
8233
8254
8256
8274
8318
8349
8360
8370
8384
8395
8409
8415
8423
8455
8501
8525
8547
8571
8592
8602
8605
8608
8627
8637
8656
8669
8670
8681
8684
8686
8708
8716
8725
8743
8752
8774
8779
8783
8794
8809
8829
8831
8836
8887
8895
8932
8937
8943
8951
8965
8999
9003
9053
9057
9064
9071
9075
9092
9129
9138
9141
9147
9149
9155
9198
9222
9243
9255
9293
9311
9355
9365
9375
9381
9383
9412
9414
9430
9435
9470
9501
9536
9557
9575
9587
9616
9629
9632
9646
9663
9667
9686
9687
9698
9731
9746
9779
9807
9833
9858
9889
9893
9900
9961
9969
9978
9980
9989
9995
-1
