34
43
45
57
106
119
121
122
124
131
143
193
194
232
247
274
293
294
305
319
334
348
350
351
354
401
405
414
419
442
463
474
492
500
540
541
548
555
559
561
582
598
677
705
708
714
750
777
785
794
843
853
877
894
909
924
939
943
959
973
976
981
987
991
994
998
1001
1010
1041
1072
1085
1098
1120
1121
1143
1156
1161
1209
1271
1301
1316
1342
1379
1387
1402
1407
1437
1439
1459
1474
1525
1550
1557
1600
1628
1646
1659
1661
1714
1745
1754
1768
1779
1790
1823
1879
1899
1904
1921
1931
1944
1951
1971
2014
2029
2077
2101
2102
2141
2145
2159
2194
2215
2266
2270
2304
2317
2343
2348
2373
2389
2402
2419
2424
2435
2461
2496
2519
2541
2542
2563
2580
2641
2642
2671
2684
2690
2707
2712
2721
2728
2771
2775
2781
2798
2837
2854
2871
2875
2896
2910
2926
2929
2949
2982
2989
3021
3043
3050
3060
3085
3089
3093
3112
3128
3174
3190
3203
3211
3249
3279
3283
3296
3315
3323
3337
3356
3366
3367
3378
3426
3433
3453
3463
3473
3513
3544
3561
3567
3576
3580
3586
3592
3597
3604
3607
3622
3667
3711
3727
3784
3791
3808
3824
3828
3837
3853
3854
3870
3871
3886
3918
3950
3956
3964
3975
4000
4068
4072
4100
4103
4105
4108
4112
4116
4118
4138
4164
4170
4192
4209
4220
4234
4245
4258
4263
4273
4275
4297
4299
4328
4339
4340
4350
4357
4361
4366
4372
4377
4378
4382
4387
4398
4471
4479
4492
4493
4537
4558
4573
4577
4589
4615
4616
4633
4635
4655
4659
4673
4700
4711
4726
4738
4742
4755
4772
4774
4803
4826
4838
4854
4875
4878
4919
4935
4947
4959
4965
4978
4991
4992
4996
5030
5040
5086
5112
5113
5132
5148
5163
5167
5192
5193
5197
5268
5275
5297
5311
5314
5323
5326
5359
5361
5363
5396
5401
5423
5435
5447
5474
5482
5506
5529
5546
5557
5582
5597
5606
5620
5622
5634
5635
5637
5643
5662
5677
5683
5693
5696
5697
5700
5703
5707
5709
5712
5720
5740
5746
5762
5768
5786
5824
5868
5922
5924
5937
5939
5944
5948
5963
5968
5969
6020
6044
6055
6097
6115
6117
6141
6213
6234
6245
6255
6279
6285
6311
6361
6365
6372
6388
6408
6413
6425
6430
6433
6513
6521
6560
6601
6644
6649
6696
6706
6709
6746
6749
6755
6762
6774
6778
6807
6808
6814
6841
6842
6847
6881
6907
6934
6936
6942
6960
6965
7004
7026
7056
7099
7117
7162
7166
7169
7175
7189
7236
7251
7273
7285
7287
7296
7317
7324
7333
7399
7401
7431
7434
7460
7467
7478
7493
7563
7590
7609
7612
7620
7636
7666
7671
7682
7686
7758
7774
7792
7821
7845
7847
7852
7854
7876
7896
7948
7981
7991
8000
8014
8031
8043
8046
8070
8119
8140
8158
8174
8177
8183
8202
8226
8237
8246
8330
8347
8348
8361
8389
8396
8405
8441
8463
8474
8485
8503
8506
8507
8592
8596
8598
8601
8606
8623
8637
8678
8691
8714
8739
8770
8783
8797
8800
8804
8810
8814
8826
8829
8863
8883
8884
8900
8928
8929
8937
8960
8970
8996
9015
9020
9023
9032
9058
9092
9103
9122
9139
9170
9188
9197
9198
9210
9211
9216
9217
9272
9278
9299
9306
9316
9328
9340
9342
9387
9418
9434
9443
9446
9456
9487
9496
9507
9544
9565
9574
9577
9583
9584
9640
9641
9668
9694
9695
9696
9706
9748
9754
9764
9801
9803
9812
9816
9822
9830
9846
9856
9874
9879
9899
9918
9934
9967
9983
9995
9996
-1
