6
10
56
61
66
90
112
156
158
181
209
220
222
231
237
255
256
276
309
344
346
349
374
393
424
456
490
494
544
568
573
578
582
598
604
628
633
654
697
701
703
719
720
721
725
733
745
752
758
771
831
851
860
893
926
940
946
956
966
980
986
1002
1009
1041
1042
1051
1065
1095
1100
1103
1152
1154
1173
1177
1183
1185
1214
1217
1235
1241
1247
1261
1268
1275
1299
1300
1310
1311
1313
1346
1372
1403
1415
1489
1498
1507
1518
1576
1605
1635
1643
1653
1659
1668
1697
1719
1776
1824
1848
1862
1899
1960
1968
1985
1997
2000
2022
2092
2114
2115
2116
2125
2127
2141
2146
2182
2192
2212
2228
2230
2235
2244
2259
2288
2295
2296
2305
2306
2307
2322
2340
2355
2367
2371
2394
2432
2438
2495
2512
2519
2571
2578
2595
2615
2623
2640
2642
2662
2664
2677
2695
2732
2746
2757
2779
2793
2825
2832
2838
2841
2858
2866
2895
2905
2907
2936
2981
2985
3015
3025
3031
3044
3050
3075
3078
3087
3091
3103
3148
3153
3159
3166
3175
3223
3249
3250
3256
3262
3268
3313
3346
3369
3372
3376
3381
3388
3393
3412
3414
3422
3433
3437
3482
3484
3485
3495
3521
3559
3560
3563
3567
3574
3595
3613
3617
3621
3631
3657
3661
3699
3727
3754
3757
3765
3769
3775
3776
3782
3785
3812
3823
3825
3839
3887
3924
3937
3941
4006
4007
4012
4050
4121
4154
4162
4163
4165
4169
4173
4205
4215
4222
4238
4240
4265
4276
4286
4289
4310
4348
4366
4369
4370
4395
4420
4440
4443
4446
4505
4508
4509
4513
4525
4543
4552
4554
4585
4622
4627
4648
4652
4662
4674
4689
4698
4729
4738
4742
4790
4793
4800
4804
4808
4812
4813
4824
4825
4841
4867
4888
4919
4926
4935
4968
4969
5012
5021
5034
5039
5049
5055
5100
5115
5117
5153
5154
5164
5205
5237
5245
5255
5256
5258
5283
5284
5290
5312
5339
5358
5361
5372
5403
5438
5450
5451
5454
5461
5463
5476
5490
5532
5534
5549
5557
5684
5710
5736
5770
5779
5798
5810
5811
5812
5822
5835
5857
5890
5917
5942
5971
5973
5994
6020
6061
6083
6089
6106
6112
6115
6133
6167
6217
6268
6293
6318
6387
6394
6401
6403
6413
6424
6447
6515
6522
6525
6537
6572
6590
6600
6607
6621
6628
6633
6667
6680
6688
6696
6718
6726
6761
6768
6773
6779
6800
6844
6870
6916
6921
6932
6934
6958
6989
7005
7009
7113
7133
7147
7168
7179
7230
7243
7283
7328
7343
7358
7367
7371
7387
7398
7427
7451
7453
7456
7471
7488
7513
7538
7546
7550
7571
7573
7596
7613
7620
7631
7697
7729
7735
7739
7760
7761
7764
7775
7777
7785
7801
7823
7826
7837
7838
7852
7879
7887
7898
7905
7923
7936
7955
8000
8012
8018
8029
8055
8060
8071
8087
8125
8133
8139
8148
8171
8179
8183
8213
8259
8265
8268
8288
8311
8330
8364
8371
8379
8408
8410
8415
8420
8427
8470
8487
8545
8560
8565
8566
8584
8595
8601
8611
8616
8638
8639
8666
8684
8685
8720
8724
8725
8729
8831
8833
8838
8869
8888
8926
8927
8935
8936
8964
9001
9039
9045
9053
9068
9096
9151
9152
9158
9169
9173
9198
9223
9234
9242
9292
9295
9317
9337
9354
9359
9361
9367
9390
9427
9434
9457
9499
9532
9534
9563
9585
9586
9595
9602
9649
9671
9690
9692
9709
9718
9727
9735
9757
9773
9786
9790
9804
9818
9825
9831
9838
9839
9843
9852
9871
9873
9925
9934
9935
9963
9991
9993
-1
