2
63
148
161
178
182
193
198
204
207
243
257
286
294
297
304
311
320
329
333
379
430
452
485
508
511
523
574
580
598
613
625
627
651
666
667
702
752
791
809
810
816
817
828
832
852
874
915
926
990
999
1021
1045
1050
1051
1063
1065
1082
1090
1103
1107
1114
1124
1136
1145
1148
1152
1184
1191
1234
1248
1255
1291
1303
1310
1321
1354
1375
1387
1406
1411
1425
1435
1453
1473
1478
1493
1502
1509
1521
1547
1558
1596
1598
1617
1645
1662
1685
1693
1732
1738
1750
1778
1793
1801
1803
1842
1861
1866
1872
1903
1915
1926
1928
1935
1964
1971
1978
2006
2021
2032
2050
2059
2065
2077
2106
2127
2145
2180
2193
2195
2197
2206
2208
2257
2274
2275
2306
2307
2338
2341
2361
2365
2368
2370
2434
2463
2516
2556
2558
2570
2572
2573
2596
2635
2637
2658
2670
2687
2706
2740
2749
2759
2760
2801
2816
2835
2836
2844
2920
2939
2943
2966
2983
2990
3005
3025
3042
3044
3047
3050
3084
3094
3123
3128
3136
3161
3165
3167
3191
3204
3214
3218
3227
3234
3268
3272
3283
3291
3311
3357
3382
3423
3436
3440
3455
3457
3461
3480
3494
3495
3505
3506
3512
3532
3554
3557
3569
3575
3578
3585
3586
3587
3594
3601
3641
3698
3703
3725
3728
3731
3733
3734
3750
3760
3778
3779
3795
3804
3817
3818
3856
3868
3872
3884
3887
3908
3932
3946
3950
3986
4010
4028
4048
4091
4097
4109
4124
4144
4171
4175
4186
4187
4226
4229
4238
4246
4260
4268
4314
4355
4363
4380
4403
4410
4412
4429
4451
4452
4486
4512
4514
4520
4525
4582
4585
4608
4618
4633
4635
4636
4637
4677
4683
4718
4751
4752
4792
4798
4805
4854
4884
4898
4935
4939
4957
4966
4967
4985
4991
4992
4994
4997
5000
5002
5033
5037
5065
5071
5084
5093
5118
5160
5169
5170
5185
5212
5261
5268
5350
5355
5370
5373
5423
5535
5584
5606
5672
5752
5756
5761
5791
5813
5827
5830
5833
5843
5899
5908
5918
5948
5954
5968
5982
5985
5988
6008
6009
6016
6020
6042
6045
6050
6053
6071
6089
6101
6129
6148
6151
6156
6165
6169
6172
6177
6192
6220
6234
6246
6253
6264
6268
6274
6305
6382
6385
6428
6444
6454
6492
6518
6537
6550
6560
6567
6571
6578
6579
6584
6598
6600
6610
6651
6658
6667
6716
6721
6738
6758
6765
6778
6784
6814
6833
6846
6861
6863
6869
6874
6886
6907
6920
6986
6991
7008
7058
7071
7100
7123
7153
7166
7177
7192
7194
7196
7224
7233
7249
7262
7270
7286
7293
7294
7298
7321
7364
7376
7389
7431
7451
7458
7474
7475
7510
7520
7526
7532
7571
7577
7583
7589
7603
7632
7651
7653
7705
7714
7722
7723
7745
7773
7779
7790
7801
7803
7813
7814
7852
7885
7895
7896
7912
7929
7933
7999
8050
8065
8077
8095
8100
8102
8106
8117
8120
8124
8142
8155
8159
8194
8205
8230
8240
8247
8258
8281
8316
8317
8333
8378
8397
8399
8404
8409
8436
8452
8458
8481
8487
8530
8584
8592
8614
8618
8653
8654
8672
8675
8682
8706
8708
8755
8832
8849
8855
8914
8917
8935
8936
8953
9031
9051
9054
9088
9117
9140
9155
9171
9174
9177
9199
9213
9243
9281
9295
9298
9301
9305
9313
9325
9333
9353
9373
9376
9431
9469
9485
9506
9507
9512
9515
9576
9583
9594
9616
9673
9694
9701
9709
9722
9729
9738
9752
9763
9764
9809
9818
9835
9837
9859
9866
9892
9896
9926
9929
9937
9939
9942
9964
9976
9989
-1
