12
15
81
91
106
116
148
151
159
170
171
177
219
278
313
328
334
360
365
374
387
388
391
401
444
448
459
470
475
515
530
534
542
581
586
589
638
640
654
655
661
667
741
750
761
769
806
849
862
868
872
874
913
923
925
945
947
963
971
981
987
991
1012
1025
1052
1085
1090
1093
1095
1099
1144
1152
1176
1188
1202
1203
1241
1246
1260
1263
1272
1279
1296
1302
1308
1313
1341
1361
1369
1395
1412
1420
1446
1447
1484
1496
1511
1539
1570
1572
1591
1619
1646
1654
1673
1679
1684
1712
1729
1739
1750
1768
1773
1779
1810
1811
1813
1839
1916
1938
1939
1944
1945
1953
1954
1957
1966
1990
1994
2029
2037
2038
2051
2053
2083
2096
2102
2120
2127
2135
2157
2162
2172
2184
2186
2188
2207
2223
2239
2276
2289
2313
2346
2358
2366
2381
2398
2399
2413
2422
2457
2462
2481
2490
2491
2495
2496
2509
2513
2530
2619
2632
2639
2682
2683
2715
2717
2733
2738
2748
2750
2788
2813
2821
2822
2824
2831
2837
2847
2848
2861
2870
2878
2912
2928
2933
2948
2970
2974
2981
2985
2999
3009
3011
3013
3025
3061
3064
3066
3101
3109
3117
3141
3155
3182
3190
3238
3250
3264
3271
3287
3303
3314
3320
3361
3367
3387
3395
3410
3413
3462
3466
3469
3476
3506
3542
3601
3628
3671
3693
3737
3746
3768
3769
3774
3779
3788
3806
3833
3847
3874
3905
3921
3930
3939
3946
3947
3958
3995
4037
4056
4060
4104
4162
4167
4180
4195
4203
4220
4284
4331
4411
4420
4423
4427
4428
4439
4443
4452
4453
4519
4522
4528
4568
4571
4580
4589
4593
4601
4619
4622
4634
4684
4730
4732
4750
4754
4778
4805
4835
4871
4872
4889
4892
4905
4908
4917
4956
4957
4966
4971
4984
4991
4992
5105
5135
5136
5140
5151
5196
5230
5234
5237
5243
5257
5274
5299
5330
5345
5369
5379
5409
5454
5457
5481
5494
5500
5503
5533
5548
5624
5626
5658
5665
5696
5733
5747
5748
5771
5805
5814
5830
5834
5840
5845
5866
5885
5926
5931
5963
5967
5975
6009
6044
6058
6071
6097
6110
6118
6121
6128
6144
6149
6158
6161
6169
6180
6194
6202
6206
6246
6264
6280
6324
6328
6332
6364
6383
6395
6400
6424
6425
6447
6492
6521
6527
6566
6570
6630
6655
6678
6701
6702
6710
6727
6778
6792
6794
6804
6854
6858
6909
6916
6941
6948
6971
6979
6992
7041
7072
7082
7109
7115
7125
7171
7235
7250
7254
7276
7283
7307
7331
7336
7337
7363
7388
7400
7409
7414
7417
7421
7447
7471
7525
7543
7564
7573
7629
7648
7667
7671
7678
7683
7695
7702
7705
7740
7758
7769
7774
7780
7791
7830
7836
7837
7839
7857
7889
7896
7900
7908
7910
7917
7942
7943
7945
7951
7982
7984
7992
7997
8013
8019
8024
8027
8110
8115
8126
8128
8176
8191
8197
8198
8205
8220
8236
8244
8296
8306
8311
8317
8329
8347
8359
8382
8398
8421
8444
8451
8490
8492
8505
8508
8523
8544
8571
8608
8626
8637
8641
8655
8657
8662
8681
8707
8725
8735
8752
8759
8781
8790
8800
8804
8821
8829
8864
8906
8918
8920
8951
8954
8960
8979
9007
9029
9047
9054
9067
9080
9089
9104
9146
9154
9167
9176
9220
9225
9268
9277
9279
9283
9287
9293
9338
9342
9352
9353
9354
9370
9380
9388
9389
9402
9419
9443
9456
9514
9539
9553
9579
9612
9618
9680
9695
9789
9803
9804
9826
9834
9865
9872
9900
9914
9942
9960
9979
9987
9989
9993
9994
-1
