15
24
45
62
82
89
110
122
132
140
152
155
170
177
184
187
204
211
241
257
287
294
317
327
382
390
395
400
418
484
493
503
520
538
555
590
608
616
618
622
717
744
751
770
771
811
812
826
836
842
851
854
874
908
914
936
970
975
997
1004
1013
1055
1059
1087
1154
1159
1169
1184
1213
1215
1218
1239
1275
1285
1299
1307
1314
1327
1370
1383
1393
1406
1419
1424
1431
1439
1477
1483
1492
1499
1519
1534
1539
1540
1560
1578
1595
1599
1646
1649
1652
1678
1680
1689
1700
1750
1761
1806
1833
1850
1919
1956
1997
2023
2028
2030
2036
2072
2103
2123
2135
2142
2165
2195
2219
2223
2244
2248
2301
2330
2345
2364
2380
2398
2414
2420
2429
2438
2440
2449
2469
2481
2486
2488
2529
2532
2534
2561
2573
2597
2604
2627
2632
2659
2683
2704
2767
2789
2799
2800
2805
2812
2835
2875
2888
2895
2898
2906
2956
2975
2983
3017
3022
3030
3049
3052
3059
3064
3069
3086
3122
3156
3164
3174
3252
3261
3266
3275
3285
3288
3293
3295
3297
3312
3319
3344
3354
3359
3363
3373
3427
3429
3437
3505
3547
3549
3554
3566
3625
3639
3653
3662
3678
3713
3714
3762
3766
3769
3793
3812
3832
3863
3870
3893
3908
3915
3945
4074
4083
4097
4101
4109
4115
4117
4126
4156
4160
4180
4186
4192
4248
4261
4264
4282
4300
4332
4347
4351
4362
4363
4375
4385
4407
4416
4435
4446
4471
4518
4539
4551
4565
4590
4606
4651
4655
4687
4691
4714
4728
4742
4747
4782
4797
4808
4818
4831
4835
4839
4843
4854
4891
4894
4914
4918
4929
4934
4944
4974
5002
5036
5038
5059
5080
5102
5112
5160
5192
5198
5199
5285
5287
5292
5299
5304
5307
5308
5324
5329
5374
5397
5413
5426
5432
5433
5437
5440
5443
5497
5508
5515
5516
5535
5540
5579
5583
5607
5621
5624
5627
5641
5644
5677
5683
5687
5692
5693
5720
5726
5737
5765
5783
5796
5797
5827
5837
5852
5879
5882
5887
5906
5911
5922
5927
6015
6074
6085
6091
6104
6118
6128
6154
6166
6199
6200
6217
6224
6231
6232
6259
6268
6277
6284
6294
6310
6323
6327
6332
6336
6376
6419
6427
6466
6472
6486
6514
6515
6527
6534
6543
6565
6619
6653
6672
6675
6676
6687
6701
6705
6710
6714
6727
6752
6775
6782
6808
6811
6824
6838
6841
6902
6918
6922
6948
6976
6985
6994
6998
6999
7030
7035
7056
7061
7095
7097
7104
7121
7135
7169
7171
7175
7177
7247
7274
7278
7280
7291
7304
7306
7318
7321
7367
7370
7405
7426
7449
7464
7473
7479
7483
7486
7499
7519
7528
7566
7573
7632
7638
7682
7713
7715
7720
7723
7730
7746
7774
7793
7814
7826
7832
7853
7885
7892
7903
7908
7917
7923
7932
7950
7953
8023
8037
8053
8067
8075
8095
8103
8117
8127
8131
8132
8140
8149
8179
8184
8190
8197
8213
8223
8237
8249
8261
8286
8304
8330
8344
8369
8398
8404
8477
8489
8492
8504
8505
8522
8559
8601
8637
8643
8676
8680
8686
8724
8736
8749
8753
8774
8776
8813
8819
8823
8844
8871
8878
8885
8897
8902
8914
8915
8955
8956
8959
8960
8973
8980
9020
9070
9075
9087
9088
9105
9110
9146
9154
9173
9177
9190
9193
9194
9197
9201
9213
9224
9227
9330
9355
9362
9368
9384
9397
9450
9457
9478
9491
9570
9577
9584
9585
9646
9653
9655
9661
9688
9692
9701
9702
9718
9719
9724
9745
9761
9763
9834
9844
9848
9884
9888
9920
9926
9945
9974
-1
