5
78
81
152
154
162
168
169
170
188
195
201
207
209
228
231
248
249
250
255
276
308
320
322
335
348
369
386
398
400
426
429
432
474
480
513
516
525
533
555
568
579
588
633
634
646
647
671
707
729
731
734
830
845
851
854
881
892
897
898
902
909
930
959
964
966
972
977
993
1003
1012
1013
1028
1040
1058
1062
1069
1080
1099
1123
1139
1141
1148
1164
1188
1201
1248
1283
1298
1307
1342
1348
1372
1387
1470
1485
1487
1489
1509
1528
1563
1572
1609
1617
1639
1644
1650
1666
1681
1693
1731
1808
1822
1825
1872
1877
1893
1919
1925
1953
1969
1985
2007
2012
2031
2033
2042
2043
2093
2146
2157
2183
2234
2283
2292
2299
2309
2365
2367
2386
2391
2416
2430
2475
2479
2482
2485
2487
2504
2536
2548
2556
2572
2579
2593
2683
2684
2692
2721
2758
2771
2772
2776
2810
2813
2819
2831
2847
2877
2893
2896
2900
2908
2935
2940
2941
2973
2988
3016
3019
3034
3066
3068
3069
3084
3089
3140
3153
3164
3193
3195
3196
3230
3240
3254
3304
3316
3320
3346
3350
3357
3370
3374
3381
3404
3412
3446
3479
3491
3533
3542
3543
3547
3550
3551
3557
3593
3606
3650
3653
3654
3713
3714
3725
3737
3770
3776
3792
3805
3833
3837
3843
3855
3890
3905
3918
3952
3970
3971
3988
3990
4010
4014
4043
4061
4077
4082
4086
4091
4104
4108
4112
4115
4118
4140
4146
4164
4170
4176
4215
4217
4219
4279
4280
4287
4291
4314
4316
4327
4331
4334
4354
4358
4378
4387
4403
4407
4409
4427
4428
4430
4431
4458
4460
4525
4534
4549
4553
4611
4632
4641
4674
4685
4706
4712
4780
4807
4808
4826
4859
4878
4884
4925
4957
4985
5021
5032
5054
5063
5074
5077
5097
5133
5150
5171
5209
5230
5237
5243
5262
5266
5272
5277
5283
5303
5317
5337
5343
5391
5406
5409
5420
5438
5497
5503
5513
5515
5518
5524
5530
5550
5551
5552
5567
5596
5599
5632
5671
5683
5692
5700
5703
5733
5782
5800
5810
5813
5829
5866
5905
5906
5907
5918
5942
5950
5965
5969
5971
5991
5995
6000
6029
6033
6084
6087
6107
6122
6153
6162
6175
6212
6229
6237
6240
6253
6258
6260
6272
6298
6323
6367
6378
6385
6393
6401
6407
6426
6442
6457
6471
6477
6484
6488
6541
6547
6558
6570
6571
6601
6615
6616
6625
6654
6699
6708
6709
6715
6727
6757
6784
6795
6798
6799
6829
6837
6841
6847
6848
6849
6863
6929
6978
6998
7015
7038
7063
7069
7070
7128
7147
7168
7173
7188
7198
7212
7238
7268
7309
7336
7367
7387
7401
7403
7417
7450
7457
7486
7489
7517
7535
7539
7544
7558
7574
7590
7591
7608
7640
7646
7656
7680
7695
7720
7725
7798
7813
7841
7873
7876
7881
7883
7888
7924
7935
7949
7955
7956
7962
7984
8000
8021
8022
8027
8044
8046
8055
8061
8064
8079
8108
8112
8113
8122
8143
8164
8167
8172
8222
8246
8288
8290
8307
8316
8322
8324
8330
8363
8412
8414
8509
8511
8525
8530
8534
8541
8556
8569
8590
8634
8644
8667
8670
8688
8720
8751
8758
8786
8790
8791
8811
8831
8834
8881
8940
8947
9001
9027
9030
9097
9131
9144
9145
9153
9198
9208
9210
9243
9244
9256
9281
9282
9307
9311
9343
9386
9410
9430
9432
9442
9461
9483
9512
9514
9533
9555
9569
9582
9583
9596
9608
9650
9655
9676
9727
9728
9744
9745
9748
9759
9786
9815
9819
9856
9859
9903
9909
9914
9923
9924
9998
-1