5
20
33
51
65
69
74
95
97
98
101
104
114
120
208
224
245
305
315
345
370
433
461
468
488
510
513
516
517
518
519
575
614
617
618
672
683
722
746
757
778
816
818
825
844
851
859
860
869
918
1002
1005
1031
1044
1069
1078
1087
1091
1096
1115
1162
1170
1175
1187
1196
1212
1220
1228
1233
1237
1243
1254
1301
1322
1334
1343
1350
1421
1426
1429
1440
1459
1484
1487
1556
1580
1588
1601
1617
1622
1625
1643
1678
1680
1682
1693
1708
1732
1738
1740
1759
1762
1778
1811
1835
1862
1874
1893
1964
1972
1985
1988
2014
2077
2092
2099
2103
2105
2151
2158
2166
2201
2204
2207
2270
2277
2293
2307
2321
2350
2386
2396
2404
2432
2445
2467
2480
2486
2488
2493
2502
2514
2529
2557
2565
2567
2585
2592
2605
2693
2702
2704
2712
2755
2770
2776
2821
2839
2841
2858
2864
2866
2867
2870
2889
2906
2909
2914
2920
2921
2935
2936
2947
2950
2965
2971
2972
2986
3007
3023
3034
3041
3084
3087
3094
3099
3168
3188
3195
3205
3207
3211
3219
3225
3239
3245
3282
3303
3304
3311
3377
3447
3449
3468
3474
3478
3491
3508
3524
3525
3538
3562
3567
3609
3617
3644
3694
3699
3730
3751
3773
3781
3790
3811
3836
3844
3847
3850
3898
3900
3906
3919
3948
3950
3975
3997
4018
4028
4032
4035
4065
4095
4113
4134
4162
4167
4211
4215
4276
4330
4342
4349
4350
4385
4396
4408
4411
4449
4457
4463
4471
4485
4487
4488
4492
4507
4509
4550
4583
4586
4591
4603
4605
4635
4682
4753
4768
4772
4811
4816
4817
4819
4871
4885
4892
4897
4905
4936
4938
4939
4958
4983
4984
5010
5015
5024
5053
5073
5074
5077
5088
5105
5110
5121
5127
5144
5187
5192
5224
5232
5281
5304
5318
5329
5335
5336
5366
5386
5387
5411
5429
5449
5450
5463
5504
5523
5529
5570
5575
5581
5609
5616
5618
5637
5655
5675
5678
5711
5809
5827
5829
5885
5909
5942
5954
5958
5959
5983
5987
6063
6074
6077
6080
6090
6149
6150
6214
6243
6248
6276
6286
6296
6326
6415
6438
6443
6449
6475
6490
6523
6548
6555
6569
6604
6615
6630
6652
6674
6675
6676
6692
6696
6733
6737
6776
6809
6815
6833
6834
6835
6836
6870
6907
6925
6946
6947
6948
6954
6958
6982
6986
6992
7044
7070
7083
7092
7097
7122
7149
7159
7177
7186
7215
7218
7223
7241
7262
7270
7273
7291
7313
7323
7328
7330
7340
7349
7364
7377
7401
7415
7423
7441
7449
7468
7481
7483
7485
7486
7488
7499
7503
7532
7537
7544
7571
7594
7599
7600
7604
7616
7643
7653
7659
7666
7668
7702
7713
7739
7747
7755
7760
7766
7771
7776
7812
7820
7823
7835
7836
7893
7898
7914
7917
8025
8099
8103
8117
8124
8131
8137
8146
8160
8166
8182
8185
8213
8228
8231
8243
8253
8265
8271
8275
8318
8322
8324
8365
8370
8416
8428
8449
8485
8494
8498
8500
8502
8510
8517
8518
8564
8566
8573
8593
8613
8631
8637
8702
8706
8708
8720
8725
8750
8758
8792
8817
8827
8849
8873
8881
8887
8893
8911
8923
8933
8934
8966
8976
8978
8982
8989
9024
9080
9089
9094
9102
9111
9122
9128
9162
9164
9172
9173
9230
9267
9276
9306
9315
9332
9334
9343
9360
9362
9369
9374
9386
9395
9409
9445
9456
9472
9483
9522
9524
9532
9542
9555
9579
9583
9595
9598
9633
9647
9652
9674
9678
9745
9750
9757
9758
9766
9768
9786
9790
9798
9925
9931
9956
9961
9984
9992
-1
