17
22
24
31
58
69
77
81
102
122
132
141
148
159
179
181
188
217
252
281
303
332
381
407
410
430
432
445
462
466
485
495
510
520
537
552
557
571
616
627
643
652
655
659
675
678
688
689
697
776
777
870
873
886
900
916
919
956
971
979
991
1014
1033
1058
1116
1120
1124
1134
1135
1151
1155
1161
1184
1187
1200
1206
1217
1220
1234
1283
1297
1358
1366
1396
1401
1415
1447
1460
1470
1494
1509
1529
1535
1536
1594
1600
1651
1656
1686
1713
1758
1796
1803
1805
1813
1815
1836
1838
1850
1874
1883
1898
1912
1928
1949
1960
1974
1990
2000
2006
2009
2026
2046
2119
2140
2146
2175
2181
2186
2285
2288
2322
2324
2338
2408
2428
2463
2467
2474
2478
2480
2488
2502
2536
2550
2553
2563
2575
2585
2611
2616
2619
2624
2629
2631
2635
2660
2669
2684
2687
2688
2701
2740
2745
2754
2784
2797
2810
2811
2816
2820
2829
2866
2900
2909
2937
2939
2984
3020
3033
3049
3050
3078
3087
3133
3165
3199
3202
3208
3211
3259
3265
3277
3279
3288
3298
3327
3332
3345
3375
3423
3425
3446
3499
3562
3574
3593
3600
3618
3627
3682
3696
3724
3748
3750
3757
3812
3868
3875
3915
3928
3936
3967
3976
3994
4036
4039
4070
4085
4093
4140
4160
4161
4192
4209
4219
4250
4256
4312
4336
4341
4413
4421
4428
4470
4490
4514
4527
4548
4549
4559
4562
4574
4580
4583
4586
4603
4628
4635
4641
4655
4658
4660
4667
4670
4697
4750
4766
4769
4776
4780
4786
4819
4850
4856
4868
4893
4909
4933
4935
4938
4967
4971
4986
5028
5031
5050
5078
5081
5101
5130
5151
5153
5161
5201
5205
5209
5214
5237
5274
5275
5277
5278
5279
5285
5304
5325
5340
5360
5379
5411
5416
5439
5446
5449
5465
5475
5480
5482
5485
5502
5524
5538
5540
5570
5572
5576
5578
5609
5632
5642
5680
5692
5708
5731
5736
5745
5747
5750
5761
5854
5857
5858
5866
5879
5920
5921
5934
5940
5972
5973
5974
5981
6007
6015
6023
6090
6107
6109
6113
6135
6176
6251
6266
6278
6316
6317
6340
6349
6359
6368
6371
6387
6389
6399
6407
6410
6445
6454
6478
6480
6481
6482
6483
6509
6515
6568
6579
6594
6610
6650
6660
6664
6667
6701
6733
6754
6757
6772
6773
6784
6787
6801
6816
6843
6859
6871
6883
6884
6928
6940
6948
6958
6974
6976
6990
7065
7079
7125
7173
7185
7213
7227
7232
7234
7237
7243
7245
7248
7283
7290
7294
7295
7298
7302
7340
7359
7404
7438
7448
7457
7479
7514
7515
7524
7536
7540
7555
7570
7611
7614
7615
7622
7641
7646
7667
7681
7688
7695
7748
7753
7831
7838
7878
7883
7884
7885
7896
7938
7947
7950
7971
7979
7985
8033
8058
8065
8070
8078
8116
8123
8132
8157
8172
8204
8219
8228
8229
8232
8258
8284
8289
8294
8319
8329
8337
8387
8411
8430
8467
8479
8505
8548
8557
8588
8594
8596
8601
8617
8621
8657
8658
8668
8698
8703
8707
8723
8767
8793
8838
8842
8850
8866
8899
8915
8919
8927
8937
8947
8949
8954
8957
8968
8989
8990
9017
9020
9065
9084
9115
9125
9126
9169
9194
9202
9207
9211
9278
9284
9301
9320
9354
9357
9374
9386
9387
9407
9413
9464
9489
9497
9513
9518
9522
9550
9563
9572
9578
9582
9597
9604
9607
9623
9635
9639
9643
9659
9676
9677
9693
9694
9696
9702
9703
9705
9710
9721
9753
9757
9763
9773
9781
9792
9827
9842
9914
9927
9948
9973
9996
-1
