5
10
68
74
82
100
121
129
136
160
162
173
198
208
224
258
294
317
320
373
378
400
433
450
464
489
498
529
540
549
568
608
632
633
667
674
685
692
701
712
753
763
764
801
811
813
848
867
872
877
879
882
904
910
964
991
996
1025
1051
1064
1071
1082
1130
1145
1166
1192
1207
1209
1247
1250
1251
1260
1265
1282
1287
1310
1321
1332
1333
1340
1360
1365
1384
1386
1401
1419
1421
1429
1431
1437
1442
1450
1500
1501
1517
1526
1529
1540
1541
1543
1555
1579
1580
1585
1597
1599
1600
1620
1625
1639
1645
1676
1691
1692
1709
1724
1737
1769
1783
1805
1810
1826
1840
1857
1884
1898
1919
1929
1936
1941
1948
2025
2051
2076
2117
2127
2137
2147
2182
2260
2268
2288
2324
2341
2347
2353
2367
2380
2383
2395
2403
2422
2429
2458
2467
2480
2490
2500
2570
2591
2617
2625
2671
2690
2705
2728
2736
2739
2751
2765
2778
2794
2801
2814
2843
2844
2855
2884
2885
2890
2914
2957
2979
3004
3027
3030
3040
3062
3069
3084
3119
3124
3128
3153
3172
3182
3206
3229
3252
3257
3264
3337
3364
3368
3405
3414
3423
3454
3498
3499
3502
3509
3510
3519
3528
3594
3605
3628
3644
3659
3673
3676
3678
3703
3708
3712
3769
3773
3780
3803
3837
3838
3839
3842
3871
3876
3899
3952
3953
3967
3982
3989
4015
4044
4078
4127
4130
4150
4156
4160
4164
4178
4216
4223
4240
4246
4256
4259
4305
4332
4333
4346
4348
4351
4356
4366
4369
4379
4380
4427
4449
4457
4468
4483
4511
4519
4550
4568
4581
4587
4611
4618
4620
4702
4719
4730
4733
4797
4820
4829
4844
4852
4862
4867
4870
4895
4917
4928
4932
4940
4950
4952
4953
4962
4994
4998
5014
5048
5052
5093
5095
5096
5111
5115
5121
5156
5182
5198
5222
5223
5233
5256
5285
5299
5348
5349
5402
5411
5423
5443
5477
5485
5499
5505
5526
5555
5556
5559
5577
5600
5603
5631
5637
5652
5676
5677
5693
5707
5740
5742
5779
5790
5822
5826
5831
5845
5848
5850
5851
5859
5865
5873
5874
5876
5920
5946
5978
6016
6062
6083
6088
6089
6109
6122
6135
6145
6147
6151
6171
6220
6229
6244
6260
6279
6281
6294
6304
6308
6319
6418
6431
6447
6457
6461
6486
6491
6509
6533
6566
6610
6617
6626
6649
6705
6711
6722
6735
6765
6773
6792
6807
6816
6819
6829
6854
6859
6868
6884
6913
6932
7028
7046
7053
7080
7100
7134
7157
7171
7174
7175
7185
7227
7237
7270
7287
7292
7305
7315
7346
7349
7358
7367
7382
7411
7443
7448
7502
7504
7522
7570
7598
7616
7628
7635
7657
7658
7683
7708
7709
7717
7771
7790
7798
7800
7869
7897
7954
7956
7986
8001
8007
8011
8046
8084
8100
8105
8124
8133
8149
8150
8153
8166
8202
8208
8222
8227
8242
8245
8254
8260
8289
8296
8329
8339
8399
8400
8429
8432
8443
8447
8451
8472
8486
8495
8497
8502
8520
8525
8527
8535
8560
8593
8609
8611
8616
8617
8634
8635
8653
8665
8686
8688
8692
8724
8734
8747
8785
8806
8808
8819
8835
8854
8856
8869
8884
8892
8895
8913
8974
8981
9041
9043
9044
9063
9070
9089
9104
9112
9138
9175
9180
9213
9229
9286
9290
9294
9311
9345
9362
9376
9384
9389
9404
9408
9419
9427
9439
9441
9448
9470
9508
9524
9531
9537
9541
9559
9567
9616
9622
9637
9647
9657
9661
9669
9682
9725
9729
9763
9774
9780
9790
9799
9801
9811
9861
9911
9918
9928
9951
9974
-1
