13
55
74
121
158
159
168
173
192
200
210
233
240
243
248
256
258
278
295
299
306
307
317
321
327
329
358
363
385
427
430
436
446
509
520
536
597
616
665
681
734
748
754
755
787
800
804
814
815
829
831
864
866
919
928
954
973
987
989
992
995
1028
1031
1034
1038
1051
1075
1090
1102
1125
1128
1182
1183
1193
1212
1245
1251
1263
1269
1280
1289
1292
1323
1326
1337
1353
1354
1408
1419
1425
1437
1440
1448
1461
1475
1476
1494
1520
1521
1541
1560
1565
1567
1575
1578
1582
1586
1593
1642
1664
1676
1698
1701
1728
1735
1747
1769
1770
1779
1792
1810
1837
1886
1894
1898
1914
1915
1940
1953
1996
2076
2095
2102
2136
2146
2148
2188
2193
2199
2238
2242
2261
2272
2276
2287
2309
2320
2328
2349
2376
2384
2401
2413
2431
2433
2446
2478
2481
2498
2522
2549
2561
2590
2614
2615
2628
2671
2689
2692
2700
2702
2712
2729
2745
2746
2755
2778
2785
2821
2828
2885
2886
2890
2896
2910
2911
2930
2938
2946
2963
2970
2971
2998
3015
3026
3033
3061
3062
3064
3079
3082
3100
3108
3114
3121
3128
3147
3175
3179
3199
3204
3237
3261
3274
3286
3307
3320
3326
3379
3388
3400
3417
3429
3477
3480
3500
3505
3516
3519
3520
3573
3586
3596
3605
3686
3720
3726
3749
3752
3763
3765
3766
3770
3772
3776
3790
3805
3807
3809
3856
3875
3889
3902
3940
3943
3959
3997
4010
4015
4016
4030
4056
4072
4079
4089
4098
4100
4116
4124
4140
4141
4159
4163
4174
4175
4193
4201
4232
4236
4251
4261
4301
4342
4343
4352
4370
4371
4379
4415
4450
4454
4466
4476
4489
4509
4518
4540
4545
4549
4624
4648
4671
4686
4689
4733
4767
4818
4849
4869
4888
4898
4909
4910
4921
4927
4961
4965
4978
4991
5011
5014
5015
5021
5028
5093
5113
5137
5140
5147
5154
5184
5208
5210
5250
5259
5268
5276
5279
5311
5359
5368
5406
5407
5434
5453
5462
5476
5514
5528
5530
5552
5555
5600
5632
5637
5642
5667
5674
5710
5739
5746
5747
5750
5754
5813
5815
5817
5825
5843
5851
5870
5876
5879
5889
5894
5916
5974
5985
6003
6026
6029
6064
6101
6116
6155
6157
6195
6204
6216
6230
6231
6294
6296
6301
6307
6362
6389
6421
6441
6454
6473
6490
6523
6538
6544
6550
6566
6569
6578
6618
6626
6675
6679
6680
6683
6695
6700
6702
6708
6723
6749
6754
6773
6778
6786
6794
6812
6822
6825
6851
6857
6859
6865
6876
6899
6917
6922
6926
6930
6932
6971
6976
6995
7016
7026
7040
7045
7053
7067
7085
7094
7148
7150
7183
7191
7193
7197
7217
7228
7245
7252
7270
7279
7283
7302
7304
7308
7314
7358
7373
7379
7402
7408
7421
7478
7479
7481
7570
7594
7608
7612
7638
7640
7649
7677
7697
7699
7723
7724
7770
7788
7791
7851
7862
7891
7895
7910
7912
7935
7942
7963
8001
8061
8075
8077
8078
8079
8101
8116
8117
8136
8146
8148
8185
8187
8194
8201
8223
8240
8252
8270
8280
8315
8329
8407
8445
8455
8458
8459
8463
8518
8532
8536
8557
8585
8614
8640
8663
8671
8676
8678
8710
8751
8781
8811
8860
8875
8884
8886
8888
8961
8976
8983
8986
9029
9094
9096
9127
9140
9170
9186
9193
9202
9209
9233
9243
9286
9339
9347
9355
9365
9376
9381
9410
9461
9492
9493
9495
9525
9532
9539
9551
9610
9615
9617
9632
9633
9658
9661
9710
9765
9805
9818
9853
9902
9907
9943
9962
9967
9983
-1
