11
26
50
54
59
85
138
173
174
196
270
304
336
351
352
361
363
385
402
408
413
415
417
446
451
472
481
494
503
541
543
552
561
564
582
587
593
598
605
614
637
661
677
682
693
699
731
741
745
756
798
811
841
851
859
866
871
886
894
909
940
956
973
995
1023
1050
1073
1108
1123
1125
1129
1144
1147
1157
1170
1177
1179
1187
1190
1205
1206
1223
1227
1250
1284
1330
1342
1365
1379
1403
1410
1420
1450
1480
1489
1496
1521
1536
1538
1557
1570
1577
1583
1597
1609
1647
1678
1699
1718
1746
1766
1777
1778
1783
1784
1788
1817
1840
1841
1910
1956
1971
1973
1983
1991
2035
2042
2051
2057
2091
2109
2132
2161
2174
2175
2185
2197
2208
2219
2225
2250
2271
2276
2300
2310
2311
2321
2331
2338
2341
2355
2376
2423
2431
2440
2443
2485
2487
2489
2521
2524
2602
2619
2637
2676
2690
2715
2731
2735
2775
2785
2843
2846
2877
2901
2909
2923
2936
2949
2951
2986
2994
3003
3048
3066
3079
3090
3114
3116
3123
3153
3177
3223
3233
3249
3251
3252
3262
3277
3304
3311
3316
3323
3332
3337
3372
3373
3433
3448
3450
3467
3478
3491
3499
3514
3517
3537
3538
3583
3592
3600
3641
3644
3665
3680
3682
3694
3700
3707
3721
3723
3730
3738
3771
3832
3900
3909
3924
3928
3930
3947
3950
3997
4078
4098
4165
4221
4243
4250
4265
4267
4309
4394
4395
4408
4423
4452
4478
4496
4501
4502
4505
4531
4605
4612
4613
4626
4671
4680
4691
4719
4723
4749
4770
4773
4798
4819
4821
4830
4842
4900
4906
4920
4937
4981
4988
4991
4999
5001
5022
5029
5032
5040
5049
5056
5060
5072
5088
5094
5123
5131
5152
5160
5176
5201
5207
5267
5269
5270
5271
5364
5379
5394
5409
5430
5433
5438
5464
5479
5484
5507
5525
5528
5530
5572
5581
5586
5592
5614
5627
5651
5663
5667
5676
5691
5692
5728
5730
5773
5775
5778
5873
5931
5934
5950
5966
5991
6005
6018
6020
6040
6043
6069
6074
6079
6098
6114
6120
6126
6129
6131
6136
6150
6152
6153
6203
6206
6219
6227
6238
6271
6275
6282
6300
6327
6359
6412
6441
6464
6468
6497
6515
6538
6577
6581
6597
6600
6613
6638
6646
6656
6670
6695
6698
6744
6746
6749
6786
6824
6869
6875
6880
6885
6894
6926
6934
6942
6957
6974
7000
7013
7026
7032
7039
7073
7085
7116
7126
7149
7151
7152
7159
7163
7183
7184
7196
7198
7248
7252
7272
7273
7289
7301
7304
7314
7327
7340
7348
7369
7383
7392
7404
7469
7483
7501
7502
7505
7515
7521
7530
7533
7536
7549
7556
7568
7606
7640
7690
7698
7710
7726
7732
7735
7782
7813
7838
7839
7845
7847
7850
7873
7881
7924
7926
7979
7985
7993
8006
8009
8041
8042
8050
8080
8099
8129
8178
8206
8208
8240
8242
8244
8250
8258
8310
8320
8348
8371
8375
8381
8385
8386
8389
8390
8415
8429
8451
8468
8473
8495
8537
8546
8593
8614
8624
8629
8630
8645
8671
8677
8700
8721
8725
8733
8748
8779
8809
8813
8833
8842
8846
8854
8879
8907
8915
8927
8978
9025
9040
9043
9044
9053
9064
9067
9078
9102
9128
9139
9150
9156
9198
9199
9204
9211
9241
9261
9275
9280
9281
9285
9301
9331
9341
9345
9354
9372
9387
9404
9406
9428
9457
9478
9480
9549
9576
9619
9674
9712
9739
9767
9782
9784
9790
9800
9806
9822
9837
9839
9847
9849
9866
9895
9901
9915
9918
9924
9933
9940
9941
9943
9967
-1