7
14
57
70
84
99
119
125
134
179
205
212
219
234
237
243
247
286
298
305
309
314
316
378
396
407
411
417
422
447
449
466
520
541
555
556
571
592
620
632
655
679
688
698
726
742
745
794
835
864
865
881
887
907
916
923
952
954
957
960
977
982
985
992
995
1009
1021
1039
1051
1053
1062
1063
1065
1070
1095
1098
1100
1119
1132
1170
1176
1216
1219
1222
1241
1252
1278
1313
1323
1328
1351
1394
1418
1444
1457
1463
1476
1485
1522
1524
1568
1583
1597
1598
1602
1606
1640
1644
1648
1657
1680
1696
1698
1702
1703
1721
1734
1742
1754
1755
1763
1765
1774
1791
1799
1816
1817
1818
1838
1877
1898
1900
1904
1919
1920
1945
1968
1979
2014
2016
2063
2068
2078
2079
2082
2121
2136
2141
2143
2177
2186
2196
2214
2247
2248
2272
2297
2307
2321
2337
2341
2390
2409
2435
2444
2448
2456
2458
2480
2484
2486
2487
2548
2549
2568
2582
2636
2647
2656
2668
2678
2683
2687
2696
2698
2699
2707
2713
2716
2723
2816
2858
2888
2890
2895
2936
2965
2984
2993
3013
3020
3040
3043
3088
3121
3128
3130
3149
3185
3186
3188
3193
3209
3210
3214
3227
3255
3262
3276
3278
3298
3317
3325
3328
3331
3346
3352
3366
3367
3368
3376
3382
3394
3422
3426
3430
3473
3522
3528
3534
3559
3564
3573
3595
3599
3604
3674
3686
3700
3701
3702
3704
3713
3747
3750
3753
3783
3795
3821
3830
3837
3919
3937
3968
4009
4021
4037
4052
4075
4096
4120
4145
4164
4173
4189
4234
4281
4283
4290
4350
4363
4390
4411
4419
4422
4424
4440
4443
4515
4519
4526
4582
4593
4609
4630
4645
4684
4720
4722
4724
4746
4747
4764
4773
4800
4839
4842
4843
4869
4903
4909
4925
4962
5004
5020
5029
5060
5066
5082
5095
5100
5126
5164
5171
5209
5226
5248
5252
5302
5303
5311
5313
5316
5332
5336
5337
5360
5363
5369
5396
5406
5456
5505
5547
5570
5589
5603
5622
5634
5662
5680
5705
5720
5721
5725
5731
5801
5825
5836
5847
5872
5894
5903
5922
5940
5953
5961
5971
5988
6024
6030
6050
6051
6055
6064
6078
6080
6085
6093
6108
6112
6120
6149
6199
6208
6217
6281
6289
6300
6304
6313
6325
6366
6368
6370
6384
6397
6402
6439
6454
6467
6515
6516
6533
6595
6613
6622
6626
6697
6708
6751
6752
6755
6788
6827
6848
6859
6941
6949
6962
6974
6995
6996
7022
7047
7051
7053
7081
7112
7116
7129
7152
7176
7224
7267
7268
7280
7304
7368
7381
7383
7428
7441
7471
7509
7512
7519
7527
7528
7531
7542
7550
7569
7570
7571
7572
7573
7583
7588
7595
7620
7645
7666
7673
7687
7690
7713
7715
7818
7823
7827
7830
7833
7876
7879
7887
7890
7912
7931
7939
7947
7965
7992
8007
8030
8085
8099
8139
8148
8156
8195
8198
8236
8254
8283
8286
8308
8311
8352
8367
8377
8401
8431
8435
8437
8454
8468
8476
8483
8531
8550
8590
8617
8628
8637
8650
8743
8752
8755
8768
8784
8792
8796
8798
8818
8823
8828
8842
8854
8870
8874
8876
8881
8884
8913
8948
8974
8977
8983
9041
9051
9084
9092
9110
9117
9121
9138
9175
9179
9217
9235
9262
9276
9282
9307
9312
9331
9378
9381
9385
9392
9397
9408
9418
9424
9445
9452
9471
9478
9511
9536
9564
9565
9569
9626
9633
9669
9670
9692
9699
9708
9747
9748
9749
9772
9783
9794
9798
9808
9839
9852
9865
9872
9908
9947
9950
9961
9985
9992
9996
-1
