1
11
14
38
49
63
72
100
108
113
119
122
132
216
220
246
257
268
324
345
365
371
388
400
417
452
474
501
502
523
560
564
577
676
727
732
743
779
784
812
832
833
847
856
869
876
886
887
888
895
934
959
961
993
995
1004
1020
1022
1035
1042
1071
1117
1138
1161
1166
1174
1185
1186
1192
1201
1239
1283
1300
1311
1320
1326
1335
1342
1350
1370
1378
1421
1435
1469
1486
1524
1543
1551
1559
1572
1580
1585
1587
1589
1601
1605
1607
1617
1619
1631
1635
1658
1659
1706
1729
1733
1735
1776
1798
1799
1829
1842
1845
1858
1872
1882
1892
1921
1932
1935
1966
1981
2001
2016
2047
2057
2061
2074
2083
2089
2091
2172
2224
2235
2251
2272
2364
2371
2388
2389
2394
2408
2409
2442
2456
2463
2470
2484
2497
2519
2534
2544
2545
2554
2578
2584
2627
2629
2631
2645
2650
2676
2681
2682
2698
2721
2725
2729
2751
2754
2756
2759
2843
2847
2852
2891
2895
2908
2924
2936
2937
2961
3046
3084
3097
3117
3157
3164
3192
3211
3218
3222
3226
3231
3290
3303
3313
3316
3348
3368
3371
3375
3391
3395
3423
3433
3438
3442
3449
3453
3532
3548
3558
3574
3592
3607
3615
3622
3636
3650
3654
3682
3726
3763
3768
3790
3811
3813
3855
3863
3872
3895
3911
3921
3933
3944
3963
3977
3982
4021
4040
4051
4052
4131
4133
4144
4168
4188
4202
4259
4275
4292
4299
4314
4319
4321
4325
4347
4364
4377
4378
4383
4395
4399
4459
4461
4468
4472
4480
4482
4489
4499
4602
4611
4640
4644
4680
4689
4698
4701
4722
4727
4736
4742
4758
4761
4779
4839
4849
4906
4932
4945
4962
4965
4967
4977
4993
5009
5028
5036
5040
5047
5053
5055
5057
5058
5060
5066
5077
5083
5118
5120
5148
5175
5206
5232
5237
5251
5290
5296
5316
5333
5336
5341
5349
5359
5367
5369
5372
5376
5380
5381
5383
5389
5409
5413
5433
5435
5490
5501
5529
5554
5591
5593
5600
5606
5625
5634
5658
5714
5738
5802
5809
5811
5840
5863
5882
5883
5912
5927
5943
5969
5976
5977
5987
6028
6039
6055
6086
6091
6113
6136
6146
6180
6233
6305
6306
6321
6327
6328
6330
6345
6350
6395
6410
6412
6413
6440
6446
6448
6454
6479
6487
6499
6550
6564
6597
6602
6639
6702
6705
6708
6712
6783
6804
6806
6817
6838
6851
6857
6872
6938
6968
6976
6979
6983
7020
7039
7045
7053
7073
7083
7087
7202
7262
7271
7318
7322
7338
7342
7353
7362
7395
7396
7401
7402
7408
7450
7452
7454
7464
7477
7484
7498
7504
7535
7573
7606
7611
7641
7651
7670
7683
7726
7735
7746
7774
7781
7811
7813
7840
7843
7845
7866
7873
7910
7935
7937
7961
7982
7985
8001
8007
8008
8013
8031
8064
8066
8070
8117
8138
8161
8169
8186
8188
8190
8205
8219
8221
8238
8241
8306
8309
8325
8349
8354
8371
8387
8407
8416
8435
8438
8440
8442
8463
8473
8474
8492
8496
8507
8522
8530
8534
8577
8645
8652
8690
8700
8717
8720
8726
8728
8738
8741
8758
8770
8774
8777
8781
8784
8833
8849
8852
8864
8907
8915
8949
8955
8964
8978
8999
9005
9034
9095
9110
9114
9153
9172
9175
9181
9195
9202
9204
9212
9224
9231
9243
9302
9327
9385
9396
9423
9425
9428
9467
9488
9504
9507
9518
9521
9565
9594
9631
9633
9634
9640
9671
9673
9683
9689
9698
9708
9735
9744
9753
9761
9765
9772
9797
9803
9824
9830
9845
9877
9886
9914
9935
9952
9960
9994
-1
