22
58
74
118
141
153
189
191
222
224
229
249
253
284
291
296
297
302
318
323
324
335
369
373
381
450
456
461
462
474
482
497
510
548
574
608
616
619
631
643
670
684
687
696
716
746
781
782
784
826
855
882
884
910
947
967
1002
1035
1038
1046
1056
1071
1076
1090
1103
1106
1138
1153
1159
1177
1192
1199
1212
1226
1273
1296
1354
1359
1369
1379
1381
1387
1428
1432
1448
1454
1457
1467
1478
1532
1569
1578
1596
1621
1623
1711
1728
1765
1788
1795
1804
1805
1813
1817
1831
1848
1857
1896
1913
1916
1921
1927
1951
1953
1955
1962
2011
2016
2039
2048
2049
2050
2088
2095
2122
2125
2135
2154
2164
2167
2177
2198
2205
2229
2240
2249
2250
2255
2266
2281
2286
2297
2308
2318
2320
2360
2386
2390
2393
2411
2413
2419
2420
2426
2436
2467
2479
2482
2483
2501
2523
2525
2552
2553
2585
2604
2636
2673
2700
2706
2722
2724
2726
2734
2737
2779
2793
2806
2812
2830
2959
2990
2994
3006
3009
3017
3023
3033
3035
3057
3065
3079
3096
3111
3127
3135
3161
3187
3203
3216
3243
3254
3257
3258
3273
3276
3285
3318
3346
3347
3368
3382
3386
3411
3415
3429
3503
3512
3529
3569
3571
3615
3626
3644
3672
3683
3730
3755
3762
3786
3821
3847
3860
3866
3875
3903
3941
3959
3977
4015
4025
4053
4092
4121
4141
4145
4227
4234
4236
4239
4274
4276
4294
4304
4343
4382
4397
4444
4445
4462
4496
4498
4516
4517
4520
4562
4563
4575
4636
4637
4639
4675
4682
4683
4696
4714
4728
4759
4776
4800
4816
4826
4839
4849
4867
4873
4919
4940
4971
4978
4979
4994
5001
5007
5026
5037
5041
5043
5067
5068
5073
5083
5096
5132
5147
5154
5158
5168
5171
5188
5216
5217
5252
5253
5261
5279
5297
5306
5310
5325
5337
5376
5508
5509
5536
5554
5556
5576
5587
5598
5618
5633
5636
5641
5646
5649
5672
5677
5685
5734
5750
5782
5808
5809
5840
5876
5878
5884
5889
5890
5903
5904
5915
5917
5994
6002
6006
6017
6021
6023
6033
6038
6058
6093
6117
6135
6172
6220
6254
6282
6292
6294
6317
6385
6408
6413
6415
6422
6429
6469
6480
6491
6528
6532
6537
6541
6543
6544
6550
6576
6591
6596
6619
6636
6655
6664
6816
6847
6872
6873
6938
6943
6945
6967
6972
6973
7009
7010
7047
7073
7083
7109
7149
7167
7168
7197
7205
7232
7242
7268
7277
7293
7295
7312
7326
7394
7398
7403
7430
7435
7447
7482
7491
7495
7497
7505
7513
7523
7524
7538
7542
7564
7570
7579
7592
7607
7614
7627
7633
7639
7648
7650
7663
7666
7694
7697
7699
7701
7704
7733
7760
7794
7833
7856
7879
7929
7936
7969
7974
7980
7991
8010
8027
8032
8075
8087
8097
8103
8116
8123
8149
8167
8170
8178
8199
8228
8233
8240
8289
8322
8328
8338
8367
8368
8403
8404
8423
8430
8444
8450
8457
8469
8507
8530
8554
8564
8567
8571
8581
8595
8612
8631
8655
8657
8658
8662
8666
8723
8725
8737
8740
8753
8772
8812
8825
8846
8866
8889
8894
8898
8910
8938
8952
8954
9015
9029
9037
9060
9067
9086
9121
9125
9156
9158
9168
9174
9190
9203
9216
9218
9229
9249
9255
9260
9265
9267
9284
9309
9312
9324
9329
9340
9343
9353
9363
9367
9379
9455
9465
9492
9495
9513
9517
9526
9559
9560
9569
9591
9593
9607
9624
9641
9644
9689
9698
9713
9716
9717
9720
9740
9808
9844
9847
9851
9857
9862
9924
9955
9957
9970
-1
