13
23
24
32
43
67
88
89
112
127
129
136
145
151
154
181
193
203
206
219
245
248
263
298
303
307
315
366
368
380
400
419
446
451
466
478
483
489
495
499
501
526
529
534
540
541
546
549
557
580
606
616
621
661
674
677
681
683
688
694
705
748
763
803
811
830
842
862
881
913
921
966
971
978
997
1003
1007
1024
1025
1053
1065
1067
1087
1112
1129
1132
1168
1205
1215
1248
1258
1260
1298
1299
1301
1302
1317
1322
1338
1353
1368
1415
1443
1446
1458
1473
1477
1485
1498
1527
1558
1563
1567
1569
1579
1697
1698
1749
1751
1801
1806
1815
1820
1821
1826
1835
1838
1841
1843
1856
1860
1909
1923
1925
1930
1935
1948
1962
1985
1987
2042
2065
2071
2082
2090
2092
2093
2096
2106
2142
2146
2156
2170
2183
2191
2201
2228
2230
2276
2284
2287
2310
2328
2334
2347
2356
2417
2456
2468
2470
2476
2481
2482
2487
2500
2538
2551
2555
2617
2633
2644
2647
2651
2659
2671
2710
2714
2721
2728
2743
2750
2751
2753
2775
2785
2786
2793
2806
2818
2849
2850
2891
2905
2928
2937
2938
2986
2988
3011
3050
3103
3125
3134
3147
3151
3154
3161
3170
3187
3201
3203
3238
3249
3264
3350
3405
3426
3428
3433
3437
3438
3508
3554
3566
3568
3575
3576
3588
3614
3616
3656
3657
3658
3682
3688
3697
3701
3708
3748
3757
3765
3771
3773
3777
3790
3809
3813
3815
3821
3875
3923
3955
4001
4026
4062
4065
4066
4089
4112
4133
4147
4166
4167
4191
4197
4203
4211
4241
4268
4281
4308
4384
4437
4446
4458
4486
4489
4546
4551
4587
4601
4602
4639
4667
4677
4714
4717
4740
4756
4761
4777
4780
4791
4806
4810
4837
4842
4882
4896
4921
4928
4971
4982
4994
5009
5010
5036
5040
5080
5097
5131
5133
5136
5138
5153
5159
5169
5179
5181
5185
5202
5206
5223
5227
5230
5239
5280
5315
5357
5380
5384
5387
5400
5447
5460
5520
5523
5526
5543
5553
5556
5561
5579
5583
5600
5602
5606
5618
5625
5713
5715
5751
5753
5760
5764
5782
5811
5821
5827
5833
5840
5874
5881
5885
5893
5902
5903
5917
5919
5921
5931
5948
5964
5987
6016
6046
6059
6080
6092
6096
6098
6104
6115
6129
6130
6141
6152
6159
6172
6173
6178
6182
6183
6186
6203
6213
6237
6264
6265
6269
6283
6300
6317
6337
6362
6367
6369
6393
6405
6427
6434
6436
6439
6445
6458
6488
6560
6582
6633
6646
6648
6669
6728
6742
6760
6784
6794
6829
6869
6897
6899
6908
6914
6921
6924
6927
6936
6965
7007
7012
7027
7043
7064
7070
7071
7092
7162
7177
7292
7325
7332
7333
7339
7356
7358
7371
7394
7395
7405
7407
7418
7422
7425
7441
7471
7474
7524
7529
7547
7601
7635
7637
7656
7674
7685
7694
7704
7723
7726
7775
7792
7799
7811
7813
7817
7819
7831
7836
7845
7856
7877
7888
7894
7896
7923
7929
7938
7995
8007
8016
8020
8029
8079
8114
8134
8138
8150
8167
8208
8248
8310
8320
8321
8373
8386
8393
8403
8418
8446
8469
8510
8526
8583
8588
8596
8604
8675
8698
8718
8734
8797
8841
8899
8935
8959
8976
9003
9058
9060
9068
9086
9089
9115
9127
9170
9184
9237
9270
9292
9304
9312
9313
9314
9326
9350
9396
9416
9417
9430
9438
9450
9465
9480
9496
9519
9564
9571
9606
9631
9655
9665
9707
9712
9713
9720
9732
9743
9766
9771
9785
9794
9841
9875
9923
9932
9934
9951
9960
9969
9970
-1
