8
31
55
62
78
93
103
116
120
124
132
156
159
164
169
182
191
218
220
224
225
267
293
302
309
319
333
408
410
428
430
442
448
463
497
499
504
520
528
537
542
554
561
581
595
615
645
698
706
713
716
732
762
764
822
860
861
868
904
906
921
954
974
1021
1043
1057
1082
1083
1089
1091
1095
1115
1141
1145
1155
1160
1177
1181
1188
1201
1240
1251
1320
1324
1326
1327
1334
1359
1390
1432
1442
1458
1470
1495
1514
1555
1559
1576
1601
1616
1646
1647
1672
1710
1715
1744
1750
1753
1790
1822
1823
1835
1889
1944
1978
1996
2040
2056
2060
2104
2112
2136
2145
2160
2163
2168
2169
2174
2175
2202
2222
2224
2246
2247
2286
2312
2319
2337
2345
2359
2394
2409
2432
2440
2442
2462
2477
2481
2484
2488
2501
2506
2521
2525
2561
2606
2611
2620
2641
2648
2671
2687
2725
2727
2820
2831
2853
2881
2932
2946
2948
2949
2951
2971
2989
3001
3039
3053
3067
3097
3131
3132
3136
3143
3153
3154
3190
3206
3210
3240
3256
3275
3304
3310
3333
3335
3341
3361
3376
3385
3401
3426
3456
3467
3501
3521
3604
3609
3610
3620
3623
3660
3668
3674
3677
3683
3692
3696
3715
3716
3737
3752
3756
3798
3813
3827
3834
3865
3883
3895
3912
3925
3944
4020
4040
4056
4076
4103
4134
4143
4150
4160
4164
4167
4173
4181
4201
4204
4205
4208
4233
4235
4256
4292
4304
4326
4334
4341
4368
4375
4379
4400
4429
4431
4459
4499
4555
4556
4570
4574
4605
4608
4612
4617
4629
4651
4656
4664
4683
4701
4723
4732
4774
4789
4826
4859
4860
4862
4870
4890
4902
4934
4960
4971
4982
4996
5010
5012
5023
5046
5066
5068
5082
5089
5093
5098
5103
5123
5124
5125
5160
5172
5190
5213
5247
5276
5283
5306
5313
5332
5352
5371
5391
5415
5416
5447
5478
5493
5506
5518
5542
5566
5609
5634
5700
5705
5715
5718
5734
5738
5746
5766
5784
5787
5812
5837
5859
5879
5901
5927
5930
5934
5942
5964
5965
5999
6003
6049
6061
6085
6091
6092
6129
6156
6173
6198
6202
6207
6255
6283
6286
6300
6311
6315
6342
6357
6385
6386
6410
6425
6426
6432
6438
6453
6480
6494
6497
6533
6539
6553
6560
6567
6593
6630
6658
6682
6692
6696
6703
6724
6727
6737
6754
6770
6793
6800
6801
6805
6827
6843
6855
6882
6923
6942
6943
6949
6962
6996
7036
7038
7052
7068
7084
7100
7106
7136
7157
7175
7194
7197
7198
7209
7211
7229
7231
7237
7256
7285
7290
7304
7323
7328
7347
7359
7370
7375
7378
7385
7404
7427
7435
7443
7464
7466
7487
7541
7592
7602
7630
7650
7678
7682
7701
7717
7719
7737
7754
7779
7783
7820
7828
7845
7871
7885
7888
7891
7933
7973
8020
8022
8029
8035
8038
8044
8049
8064
8068
8070
8078
8108
8109
8137
8141
8157
8171
8173
8188
8193
8238
8252
8292
8299
8315
8335
8368
8385
8394
8425
8433
8458
8510
8518
8531
8539
8548
8553
8558
8632
8634
8655
8705
8743
8744
8773
8778
8783
8793
8831
8871
8878
8884
8905
8914
8951
8958
8969
8970
8979
9001
9037
9104
9114
9134
9136
9137
9138
9149
9163
9168
9173
9182
9221
9234
9300
9309
9317
9323
9340
9353
9373
9382
9392
9410
9413
9417
9438
9448
9450
9462
9475
9500
9506
9524
9530
9534
9555
9582
9601
9624
9666
9668
9675
9676
9677
9689
9717
9720
9742
9774
9797
9806
9836
9841
9845
9877
9902
9956
9963
9974
9987
-1
