20
26
34
65
84
97
109
116
159
164
190
203
214
270
271
293
310
325
338
355
400
422
425
437
451
455
460
471
518
545
552
576
577
655
669
673
691
714
718
730
742
745
763
783
784
785
801
826
860
880
883
888
892
910
942
969
982
1014
1042
1071
1076
1082
1129
1131
1139
1149
1154
1174
1214
1215
1228
1263
1272
1286
1347
1358
1374
1387
1416
1431
1441
1453
1457
1473
1495
1514
1530
1531
1555
1573
1586
1594
1596
1601
1602
1635
1667
1673
1687
1704
1708
1733
1739
1744
1753
1769
1771
1773
1805
1865
1868
1902
1909
1911
1916
1917
1933
1943
1944
1963
1970
1990
1991
1996
2037
2040
2048
2080
2108
2133
2144
2166
2168
2172
2193
2215
2236
2239
2246
2273
2285
2303
2342
2354
2365
2366
2386
2392
2393
2398
2402
2422
2454
2470
2492
2496
2529
2567
2580
2595
2603
2734
2740
2756
2766
2779
2823
2847
2854
2865
2868
2879
2900
2922
2943
2946
2971
2987
3001
3010
3028
3029
3042
3120
3166
3167
3196
3210
3211
3218
3222
3227
3235
3247
3248
3281
3282
3287
3290
3292
3293
3309
3352
3392
3394
3400
3431
3443
3444
3451
3462
3470
3487
3497
3527
3532
3541
3559
3585
3603
3634
3639
3661
3673
3682
3718
3728
3747
3761
3809
3827
3864
3912
3934
3960
3961
3966
3972
3980
3998
4033
4036
4045
4058
4094
4101
4134
4183
4213
4231
4254
4281
4293
4320
4322
4339
4398
4412
4435
4443
4456
4461
4475
4478
4484
4499
4597
4617
4636
4662
4663
4708
4720
4760
4778
4795
4828
4829
4837
4853
4857
4888
4898
4907
4930
4943
4951
4961
4967
4975
5008
5050
5055
5070
5076
5107
5118
5134
5158
5163
5178
5208
5211
5212
5230
5235
5254
5271
5278
5307
5310
5312
5322
5362
5380
5391
5427
5438
5444
5452
5463
5496
5499
5555
5564
5573
5599
5612
5613
5638
5639
5670
5679
5693
5728
5731
5737
5738
5740
5763
5792
5802
5808
5814
5864
5889
5904
5912
5934
5939
5960
5962
5969
5971
5982
6001
6005
6036
6054
6062
6080
6096
6104
6132
6141
6151
6153
6174
6221
6240
6294
6300
6312
6314
6328
6335
6358
6367
6373
6388
6409
6416
6431
6450
6454
6470
6492
6497
6511
6531
6542
6554
6570
6571
6579
6599
6639
6665
6671
6695
6708
6713
6718
6719
6729
6738
6750
6757
6777
6787
6793
6852
6858
6887
6889
6891
6898
6905
6909
6913
6914
6926
6959
6964
6988
6992
7016
7018
7049
7051
7055
7058
7065
7066
7100
7104
7117
7177
7189
7221
7222
7233
7260
7291
7307
7348
7394
7404
7410
7445
7447
7455
7457
7481
7485
7504
7524
7539
7547
7591
7592
7605
7633
7657
7677
7707
7709
7713
7725
7783
7807
7882
7896
7897
7925
7933
7977
8017
8026
8027
8028
8030
8033
8038
8055
8063
8067
8088
8094
8116
8129
8149
8169
8180
8181
8203
8228
8240
8241
8253
8267
8296
8343
8364
8390
8411
8416
8450
8462
8482
8522
8530
8557
8563
8573
8613
8646
8673
8684
8706
8707
8721
8723
8742
8754
8773
8795
8823
8842
8857
8872
8880
8917
8928
8934
8937
8958
8965
8986
9006
9008
9065
9077
9082
9099
9111
9116
9130
9145
9157
9163
9179
9198
9212
9229
9234
9255
9280
9282
9283
9312
9314
9331
9365
9368
9399
9408
9411
9412
9426
9448
9453
9456
9478
9480
9524
9526
9528
9534
9541
9573
9628
9631
9643
9662
9666
9688
9705
9708
9735
9740
9789
9811
9828
9833
9850
9917
9935
9955
9957
-1
