5
13
22
37
38
55
72
81
98
143
166
167
176
178
183
225
251
281
321
331
350
358
394
429
445
479
508
518
525
531
534
572
576
580
603
616
625
682
702
705
715
741
758
793
802
831
841
866
874
899
902
903
927
929
939
944
956
986
999
1001
1023
1027
1043
1045
1073
1087
1093
1131
1142
1171
1172
1209
1212
1248
1254
1264
1271
1315
1328
1330
1346
1372
1374
1390
1441
1471
1490
1534
1543
1544
1548
1604
1630
1638
1650
1672
1675
1692
1701
1713
1716
1737
1740
1761
1764
1767
1775
1800
1818
1833
1846
1847
1859
1880
1900
1932
1937
1964
1971
1981
2005
2060
2082
2113
2165
2167
2181
2186
2190
2200
2212
2218
2220
2262
2270
2273
2301
2322
2324
2504
2532
2540
2552
2565
2572
2573
2588
2599
2639
2647
2659
2670
2687
2707
2715
2721
2724
2727
2743
2747
2769
2770
2779
2804
2812
2819
2842
2857
2888
2907
2943
2944
2955
2959
2963
2971
2986
3006
3047
3086
3093
3107
3115
3139
3162
3180
3182
3193
3224
3229
3233
3239
3247
3251
3256
3259
3264
3267
3272
3312
3335
3355
3377
3389
3410
3440
3441
3469
3496
3562
3610
3611
3612
3626
3632
3657
3666
3694
3730
3739
3760
3764
3785
3787
3839
3868
3895
3907
3955
3965
3991
4030
4126
4147
4150
4172
4194
4205
4235
4257
4260
4269
4272
4298
4319
4338
4377
4387
4409
4427
4438
4451
4467
4482
4542
4580
4588
4591
4602
4649
4720
4730
4767
4775
4849
4853
4892
4929
4932
4967
4978
5016
5048
5052
5055
5064
5100
5103
5105
5158
5167
5179
5203
5204
5207
5249
5278
5310
5347
5358
5368
5378
5381
5382
5413
5416
5421
5435
5438
5447
5460
5462
5491
5496
5506
5521
5562
5565
5568
5610
5632
5645
5650
5664
5678
5688
5697
5712
5713
5725
5726
5729
5740
5772
5803
5809
5834
5874
5898
5911
5965
5966
5971
5983
6001
6002
6041
6051
6056
6059
6135
6157
6168
6169
6171
6174
6175
6208
6224
6231
6266
6277
6282
6283
6308
6318
6330
6352
6372
6374
6494
6497
6552
6566
6568
6581
6582
6589
6593
6594
6608
6616
6657
6662
6703
6741
6751
6771
6777
6783
6789
6792
6794
6800
6804
6807
6816
6834
6836
6856
6877
6898
6910
6931
6932
6961
6983
7009
7038
7056
7078
7080
7114
7115
7116
7117
7118
7134
7148
7211
7221
7226
7235
7313
7331
7338
7344
7352
7392
7400
7406
7409
7412
7421
7438
7451
7466
7494
7512
7523
7525
7527
7535
7551
7559
7573
7587
7605
7627
7661
7666
7670
7682
7685
7736
7745
7761
7778
7796
7800
7812
7837
7903
7907
7920
7987
7989
8007
8008
8010
8027
8035
8039
8059
8062
8065
8072
8075
8098
8111
8119
8124
8157
8171
8178
8183
8193
8206
8208
8221
8229
8235
8250
8255
8268
8288
8334
8408
8416
8428
8436
8460
8495
8504
8509
8512
8517
8524
8541
8549
8562
8566
8570
8579
8585
8600
8609
8611
8612
8631
8642
8654
8684
8698
8737
8742
8779
8824
8827
8854
8867
8869
8882
8907
8908
8910
8915
8928
8942
8953
9000
9021
9026
9047
9077
9113
9153
9154
9179
9186
9187
9201
9211
9218
9220
9232
9236
9247
9259
9276
9290
9308
9316
9337
9344
9350
9368
9374
9407
9434
9442
9446
9450
9451
9484
9500
9504
9516
9527
9537
9546
9548
9596
9603
9613
9618
9622
9628
9637
9664
9670
9696
9729
9734
9749
9762
9792
9796
9821
9850
9885
9888
9927
9940
9944
9950
9957
9963
9975
9998
-1
