9
50
64
69
70
93
102
123
125
155
178
184
194
205
208
225
231
272
278
280
289
303
327
328
353
362
367
409
455
520
521
543
554
567
585
595
602
607
621
622
654
708
709
730
735
783
795
804
826
851
872
874
888
915
924
935
952
1036
1039
1044
1050
1066
1093
1097
1109
1114
1125
1130
1150
1169
1176
1184
1188
1200
1212
1236
1264
1282
1289
1292
1305
1312
1322
1331
1341
1343
1361
1400
1401
1402
1420
1427
1462
1485
1516
1518
1537
1547
1596
1601
1604
1616
1639
1641
1650
1679
1690
1759
1829
1841
1851
1889
1918
1919
1921
1922
1925
1934
1969
1976
1987
2002
2022
2064
2093
2096
2120
2144
2146
2160
2201
2205
2247
2260
2272
2273
2284
2298
2299
2303
2315
2320
2327
2333
2344
2356
2360
2370
2371
2376
2400
2403
2456
2458
2470
2506
2507
2517
2519
2548
2566
2627
2643
2658
2663
2669
2725
2734
2749
2755
2756
2769
2807
2848
2850
2899
2918
2934
2952
2964
2968
2990
3000
3013
3016
3019
3044
3077
3081
3135
3140
3153
3163
3181
3182
3201
3233
3236
3256
3270
3273
3303
3315
3317
3323
3333
3360
3381
3400
3407
3443
3444
3495
3500
3518
3543
3609
3610
3647
3660
3664
3686
3722
3735
3758
3763
3781
3811
3814
3832
3855
3870
3872
3879
3890
3903
3905
3907
3925
3928
3948
4017
4039
4094
4095
4142
4143
4165
4184
4187
4228
4252
4305
4318
4360
4379
4382
4397
4423
4450
4461
4487
4508
4512
4516
4529
4534
4547
4550
4557
4571
4576
4580
4584
4589
4592
4598
4622
4642
4644
4654
4660
4695
4703
4714
4767
4783
4800
4811
4869
4882
4889
4901
4911
4933
4948
4960
4965
4973
4990
4991
5001
5005
5019
5049
5067
5081
5113
5127
5133
5136
5155
5213
5214
5249
5254
5269
5286
5328
5340
5350
5355
5357
5369
5379
5393
5414
5448
5475
5480
5494
5509
5511
5527
5583
5585
5589
5594
5630
5675
5680
5693
5694
5729
5731
5748
5750
5779
5810
5828
5867
5886
5890
5924
5936
5952
5964
5983
6007
6023
6059
6060
6089
6091
6114
6119
6150
6151
6167
6176
6185
6233
6237
6295
6319
6338
6356
6357
6362
6419
6425
6443
6449
6451
6490
6517
6524
6590
6602
6635
6651
6684
6726
6762
6777
6790
6810
6817
6825
6834
6846
6864
6888
6901
6913
6918
6926
6962
6972
6983
7003
7012
7013
7016
7038
7039
7050
7056
7063
7088
7116
7142
7145
7156
7171
7173
7194
7209
7241
7253
7278
7306
7326
7338
7385
7450
7480
7481
7490
7497
7512
7531
7532
7533
7562
7571
7598
7601
7616
7653
7675
7688
7707
7713
7745
7769
7776
7779
7782
7789
7792
7801
7802
7828
7842
7866
7908
7916
7929
7942
7944
7949
7965
8014
8045
8070
8074
8089
8101
8111
8143
8145
8151
8158
8160
8210
8267
8273
8283
8342
8379
8385
8408
8421
8440
8459
8469
8473
8493
8529
8531
8540
8543
8544
8554
8561
8569
8570
8593
8604
8624
8625
8628
8632
8639
8645
8652
8660
8664
8665
8679
8684
8693
8698
8700
8704
8706
8724
8775
8786
8794
8804
8838
8851
8858
8867
8873
8885
8889
8895
8902
8906
8991
9006
9008
9009
9010
9033
9040
9051
9056
9071
9078
9118
9144
9147
9150
9175
9186
9204
9230
9298
9307
9310
9320
9349
9362
9373
9391
9404
9424
9437
9443
9464
9482
9485
9487
9524
9566
9568
9609
9635
9669
9703
9732
9757
9768
9785
9791
9793
9799
9806
9870
9879
9880
9896
9949
9964
9984
9999
-1
