28
42
43
62
101
103
105
117
129
134
137
143
162
165
171
238
239
240
247
257
277
278
282
287
291
295
297
320
330
335
432
437
443
462
472
525
530
532
541
558
572
578
582
618
633
637
650
657
682
687
699
704
728
730
748
758
759
766
815
828
858
869
890
928
943
983
991
992
1006
1022
1026
1047
1088
1101
1102
1104
1127
1130
1131
1133
1178
1199
1251
1283
1290
1334
1335
1355
1359
1375
1396
1417
1438
1446
1449
1458
1479
1494
1500
1522
1531
1565
1588
1603
1685
1696
1705
1712
1744
1750
1805
1816
1872
1879
1914
1933
1946
1998
2004
2025
2039
2046
2050
2095
2098
2120
2138
2142
2167
2173
2195
2200
2203
2235
2238
2239
2243
2255
2282
2321
2328
2377
2392
2434
2455
2472
2481
2486
2487
2489
2499
2501
2517
2572
2583
2589
2593
2603
2608
2627
2711
2726
2730
2780
2788
2814
2818
2825
2839
2846
2873
2890
2898
2906
2939
2953
3017
3025
3032
3040
3061
3068
3079
3080
3086
3088
3105
3125
3127
3138
3145
3150
3166
3209
3239
3276
3288
3321
3344
3365
3368
3378
3403
3441
3462
3470
3483
3527
3547
3548
3576
3585
3615
3617
3626
3641
3676
3683
3685
3689
3721
3723
3735
3743
3767
3808
3825
3831
3837
3838
3862
3864
3867
3896
3920
3942
3976
3986
3989
3998
4040
4044
4068
4069
4077
4095
4131
4144
4160
4165
4169
4176
4188
4192
4207
4229
4237
4244
4250
4271
4289
4303
4313
4326
4412
4413
4437
4497
4514
4535
4562
4564
4574
4597
4606
4607
4662
4697
4707
4715
4722
4731
4743
4752
4771
4813
4823
4875
4885
4903
4932
4943
4988
5011
5063
5092
5116
5125
5144
5161
5194
5205
5213
5257
5263
5265
5268
5272
5273
5278
5288
5290
5313
5335
5338
5355
5372
5373
5378
5400
5413
5422
5423
5435
5452
5494
5498
5504
5520
5527
5547
5564
5590
5592
5597
5637
5668
5670
5674
5678
5680
5705
5710
5723
5731
5744
5751
5769
5793
5811
5819
5828
5834
5848
5854
5855
5862
5867
5881
5938
5947
5963
5970
6113
6132
6143
6156
6158
6166
6170
6187
6204
6212
6230
6269
6279
6311
6316
6339
6381
6396
6402
6414
6424
6428
6436
6441
6442
6468
6471
6479
6505
6514
6531
6544
6561
6597
6605
6641
6657
6663
6748
6752
6805
6813
6815
6829
6840
6892
6898
6905
6909
6914
6927
6932
6939
7033
7056
7097
7133
7142
7143
7177
7181
7182
7193
7201
7202
7212
7229
7327
7338
7347
7352
7356
7409
7440
7470
7480
7500
7519
7521
7536
7563
7584
7628
7707
7731
7754
7780
7812
7830
7845
7847
7853
7860
7863
7867
7868
7875
7876
7884
7896
7898
7903
7913
7915
7957
7983
7995
8045
8069
8082
8083
8088
8210
8240
8242
8256
8260
8267
8268
8288
8292
8293
8303
8327
8338
8365
8404
8415
8417
8418
8423
8438
8441
8458
8513
8515
8566
8579
8582
8583
8611
8613
8616
8678
8686
8733
8738
8749
8754
8781
8793
8797
8798
8811
8841
8878
8881
8883
8894
8903
8910
8937
8940
8954
8977
8989
8995
9033
9069
9070
9080
9081
9105
9120
9143
9158
9159
9177
9178
9179
9198
9207
9220
9239
9247
9265
9283
9303
9316
9345
9368
9381
9433
9437
9444
9447
9458
9480
9493
9496
9541
9556
9561
9574
9630
9650
9655
9657
9675
9693
9698
9706
9728
9736
9749
9757
9784
9788
9796
9808
9826
9829
9841
9846
9859
9876
9877
9881
9913
9934
9940
9944
9951
9960
9976
9984
9994
-1
