7
12
24
45
58
66
125
127
135
156
159
169
189
197
208
211
216
245
248
270
276
282
291
329
332
344
368
386
464
467
473
483
484
503
522
527
550
551
571
576
581
608
643
646
661
690
707
743
747
750
753
760
767
769
801
825
844
853
865
918
922
944
960
1018
1060
1066
1087
1093
1106
1109
1122
1133
1160
1173
1202
1213
1216
1218
1225
1286
1323
1333
1353
1355
1367
1393
1397
1416
1422
1478
1532
1544
1546
1548
1562
1568
1572
1590
1610
1645
1658
1664
1672
1695
1722
1757
1798
1832
1863
1877
1880
1881
1893
1900
1904
1913
1914
1915
1923
1924
1932
1978
2001
2004
2080
2095
2137
2143
2161
2167
2170
2173
2190
2210
2215
2229
2249
2270
2294
2326
2329
2333
2343
2352
2423
2462
2466
2510
2523
2526
2531
2536
2577
2583
2598
2628
2632
2633
2646
2647
2675
2680
2685
2712
2714
2725
2736
2739
2749
2784
2796
2824
2833
2862
2875
2897
2915
2921
2950
2974
2978
2997
3000
3002
3009
3021
3043
3061
3074
3075
3086
3090
3102
3142
3158
3161
3218
3258
3261
3288
3322
3331
3339
3346
3347
3356
3370
3377
3398
3412
3500
3510
3519
3552
3563
3564
3601
3607
3618
3623
3645
3668
3678
3702
3711
3718
3726
3731
3746
3752
3754
3757
3771
3780
3815
3822
3829
3843
3852
3862
3866
3881
3893
3906
3920
3929
3932
3938
3981
3996
4011
4031
4051
4061
4134
4140
4159
4174
4198
4221
4224
4249
4269
4300
4366
4390
4416
4432
4434
4453
4476
4477
4517
4525
4558
4566
4573
4583
4586
4589
4599
4604
4607
4669
4687
4701
4706
4764
4780
4808
4810
4812
4814
4832
4849
4866
4886
4894
4906
4925
4937
4939
4949
4961
4981
5013
5033
5042
5051
5071
5072
5074
5127
5130
5156
5168
5170
5175
5234
5241
5245
5255
5257
5258
5309
5311
5313
5364
5379
5394
5435
5455
5460
5488
5500
5571
5583
5591
5612
5634
5642
5671
5679
5688
5703
5706
5712
5728
5752
5753
5761
5805
5809
5827
5847
5871
5889
5903
5905
5956
5968
5983
6036
6041
6046
6051
6093
6100
6112
6148
6175
6191
6213
6227
6231
6237
6246
6248
6277
6310
6334
6352
6364
6370
6383
6388
6399
6434
6438
6444
6455
6473
6485
6509
6566
6577
6580
6604
6715
6731
6748
6751
6760
6764
6771
6795
6804
6829
6852
6855
6858
6867
6872
6893
6906
6924
6926
6996
7032
7043
7083
7086
7088
7099
7113
7146
7154
7177
7198
7206
7229
7260
7265
7268
7289
7331
7349
7358
7363
7415
7441
7454
7462
7468
7478
7490
7525
7547
7607
7609
7624
7645
7654
7685
7697
7708
7718
7722
7748
7751
7774
7779
7782
7787
7821
7849
7858
7861
7878
7884
7927
7948
7970
7989
8015
8025
8027
8081
8101
8138
8183
8216
8234
8237
8249
8254
8270
8298
8300
8313
8333
8334
8335
8341
8347
8360
8367
8372
8389
8399
8402
8418
8464
8487
8558
8602
8606
8619
8637
8641
8661
8662
8680
8727
8741
8751
8765
8775
8802
8814
8829
8855
8856
8877
8882
8892
8909
8910
8928
8933
8945
8951
8956
8998
9005
9027
9029
9033
9043
9044
9054
9064
9103
9106
9114
9115
9131
9151
9177
9179
9189
9196
9244
9257
9270
9280
9294
9311
9325
9335
9337
9347
9349
9379
9388
9420
9451
9468
9483
9485
9491
9527
9529
9534
9537
9542
9571
9599
9615
9631
9638
9642
9644
9688
9701
9754
9761
9776
9794
9812
9857
9864
9868
9876
9877
9916
9940
9959
9967
9993
-1
