23
38
45
48
62
85
90
93
129
142
153
169
170
192
196
198
209
231
261
282
343
362
396
412
417
450
476
484
496
504
531
536
549
567
611
660
668
676
683
707
730
735
790
800
802
830
853
857
878
914
920
922
928
934
958
972
994
1006
1023
1027
1028
1033
1079
1089
1093
1112
1115
1125
1131
1145
1171
1172
1175
1188
1192
1198
1202
1220
1241
1254
1301
1316
1318
1337
1388
1441
1456
1458
1487
1503
1506
1525
1529
1546
1551
1560
1565
1575
1588
1595
1608
1616
1638
1653
1666
1676
1677
1681
1689
1717
1736
1737
1748
1766
1797
1799
1812
1818
1856
1864
1895
1904
1931
1932
1988
2017
2027
2043
2057
2083
2131
2139
2143
2148
2184
2197
2217
2225
2228
2261
2274
2289
2344
2347
2399
2405
2416
2441
2450
2479
2493
2511
2513
2518
2530
2540
2541
2542
2553
2579
2631
2658
2669
2674
2682
2689
2690
2694
2720
2741
2749
2757
2765
2787
2812
2815
2827
2830
2839
2841
2851
2859
2873
2915
2928
2931
2939
2953
2963
2966
2974
3035
3075
3078
3088
3106
3127
3164
3204
3212
3215
3236
3239
3254
3272
3298
3351
3368
3369
3406
3410
3447
3450
3455
3456
3457
3468
3474
3491
3507
3548
3562
3570
3584
3587
3598
3604
3605
3608
3610
3614
3619
3665
3681
3698
3710
3715
3789
3795
3833
3854
3870
3876
3925
3929
3949
3951
3979
3980
3994
3995
4003
4035
4046
4053
4081
4097
4105
4110
4111
4115
4123
4127
4130
4145
4148
4166
4178
4194
4218
4243
4258
4287
4297
4325
4362
4392
4407
4412
4414
4416
4485
4493
4529
4555
4579
4592
4610
4619
4620
4641
4694
4696
4698
4709
4715
4718
4726
4732
4749
4777
4779
4792
4794
4821
4838
4867
4873
4878
4882
4916
4921
4931
4972
4979
4980
4985
4994
4995
5000
5005
5039
5083
5115
5116
5128
5137
5139
5143
5144
5170
5223
5235
5243
5244
5266
5276
5312
5317
5413
5414
5439
5543
5549
5560
5587
5671
5674
5682
5712
5754
5775
5842
5858
5872
5883
5911
5915
5919
5960
5966
5968
5977
6044
6049
6060
6083
6084
6117
6122
6132
6141
6163
6169
6172
6178
6224
6229
6257
6273
6289
6304
6311
6322
6324
6336
6338
6350
6368
6370
6372
6376
6393
6409
6456
6471
6490
6496
6519
6535
6578
6579
6580
6581
6623
6653
6655
6661
6676
6677
6692
6760
6785
6789
6837
6840
6846
6860
6865
6874
6904
6911
6916
6919
6945
6946
6959
6984
6998
7006
7029
7116
7130
7151
7166
7175
7199
7202
7221
7235
7240
7256
7266
7279
7280
7291
7308
7311
7316
7319
7380
7388
7394
7398
7411
7422
7424
7430
7437
7445
7478
7501
7565
7573
7592
7608
7609
7623
7631
7654
7657
7710
7721
7723
7749
7753
7758
7803
7823
7851
7861
7869
7874
7876
7922
7929
7935
7941
7981
8062
8084
8087
8101
8103
8112
8121
8154
8182
8187
8191
8215
8247
8251
8271
8274
8303
8305
8356
8363
8394
8400
8431
8464
8488
8511
8549
8570
8634
8642
8654
8697
8711
8726
8745
8762
8773
8776
8798
8808
8840
8841
8852
8893
8919
8927
8963
8967
8987
8989
9004
9010
9020
9030
9037
9056
9057
9058
9089
9096
9106
9118
9133
9146
9157
9180
9183
9185
9195
9216
9231
9266
9293
9327
9347
9351
9353
9384
9420
9429
9436
9470
9497
9506
9524
9553
9561
9574
9587
9603
9607
9612
9624
9626
9636
9658
9673
9685
9739
9765
9793
9811
9850
9866
9878
9890
9901
9911
9933
9940
9987
-1
