18
34
101
102
115
130
135
162
212
303
313
316
317
320
349
366
385
500
503
508
521
525
549
560
596
598
617
618
630
636
659
673
676
689
725
743
764
789
827
834
849
877
890
897
920
936
952
980
1022
1044
1065
1073
1116
1117
1118
1124
1161
1182
1208
1211
1212
1234
1245
1250
1298
1323
1350
1376
1386
1395
1409
1438
1449
1467
1485
1489
1519
1542
1545
1575
1594
1604
1649
1650
1689
1690
1701
1713
1732
1738
1741
1777
1842
1859
1862
1876
1882
1890
1892
1900
1910
1913
1917
1939
1947
1966
1968
1981
2000
2030
2032
2040
2061
2088
2120
2136
2164
2170
2235
2280
2323
2353
2368
2376
2377
2395
2410
2416
2435
2457
2476
2493
2540
2568
2596
2636
2660
2674
2678
2687
2755
2761
2772
2791
2802
2818
2824
2829
2844
2849
2879
2909
2919
2986
3015
3049
3062
3067
3068
3091
3092
3140
3141
3142
3149
3161
3176
3185
3187
3195
3221
3235
3245
3272
3306
3310
3326
3362
3369
3385
3398
3408
3432
3441
3447
3458
3460
3463
3488
3492
3520
3554
3570
3588
3609
3612
3622
3645
3705
3765
3815
3830
3851
3870
3879
3920
4000
4008
4053
4142
4152
4169
4213
4221
4227
4241
4250
4252
4260
4262
4270
4273
4289
4291
4295
4307
4320
4321
4340
4396
4403
4415
4433
4491
4493
4505
4545
4574
4587
4600
4602
4608
4610
4642
4686
4691
4744
4770
4818
4847
4873
4903
4908
4938
4941
4947
4970
5015
5036
5086
5093
5108
5131
5145
5183
5236
5249
5259
5266
5272
5310
5316
5336
5340
5341
5347
5372
5382
5400
5427
5455
5475
5476
5480
5481
5519
5538
5552
5553
5588
5594
5598
5627
5631
5641
5691
5700
5710
5711
5741
5747
5756
5757
5770
5806
5819
5835
5840
5846
5848
5858
5876
5893
5901
5911
5913
5920
5923
5929
5936
5937
5963
5982
6003
6005
6017
6040
6046
6064
6084
6092
6103
6113
6132
6144
6165
6182
6183
6186
6197
6202
6220
6223
6229
6234
6239
6268
6289
6290
6295
6307
6319
6342
6347
6362
6390
6397
6404
6421
6437
6445
6451
6453
6462
6475
6476
6478
6487
6495
6506
6514
6516
6519
6534
6539
6545
6548
6550
6559
6571
6574
6579
6585
6621
6626
6637
6654
6701
6715
6717
6721
6741
6744
6765
6778
6784
6820
6848
6854
6879
6886
6902
6910
6943
6971
6981
6992
7005
7035
7036
7061
7064
7092
7106
7109
7115
7118
7127
7146
7153
7158
7162
7165
7166
7198
7220
7236
7238
7242
7246
7257
7258
7259
7273
7352
7357
7361
7388
7389
7393
7426
7439
7462
7473
7485
7505
7516
7543
7545
7558
7572
7585
7634
7641
7654
7678
7685
7686
7695
7709
7713
7723
7793
7801
7805
7806
7817
7825
7842
7853
7900
7916
7920
7923
7927
7943
7955
7957
7985
8028
8037
8046
8057
8100
8104
8130
8143
8153
8155
8163
8182
8224
8238
8253
8268
8272
8283
8287
8289
8291
8294
8306
8318
8321
8324
8401
8414
8441
8456
8460
8467
8488
8526
8529
8532
8542
8549
8565
8573
8600
8633
8640
8646
8671
8689
8705
8706
8739
8770
8782
8806
8807
8840
8855
8857
8866
8966
8991
9006
9022
9026
9044
9068
9069
9078
9108
9141
9203
9208
9240
9265
9267
9309
9324
9326
9331
9340
9366
9367
9374
9377
9382
9394
9411
9443
9444
9454
9477
9484
9500
9502
9528
9535
9560
9564
9572
9577
9582
9590
9593
9604
9608
9621
9644
9656
9665
9711
9721
9736
9740
9802
9826
9897
9929
9947
9950
9959
9970
9983
9988
-1
