13
14
19
28
40
52
55
84
88
90
96
119
130
131
134
148
169
174
178
188
202
218
269
289
299
314
323
324
326
340
342
343
349
372
408
411
423
427
428
467
509
512
525
539
544
575
581
589
592
632
691
695
724
725
732
734
737
758
766
767
770
796
804
847
852
867
926
934
937
950
965
973
990
1021
1031
1057
1088
1101
1120
1160
1169
1171
1178
1230
1304
1307
1317
1342
1356
1359
1368
1376
1379
1387
1396
1403
1434
1442
1475
1487
1488
1501
1513
1524
1530
1541
1548
1562
1584
1586
1617
1630
1640
1659
1662
1682
1700
1703
1713
1761
1773
1794
1816
1822
1835
1842
1844
1849
1852
1864
1873
1896
1897
1898
1901
1925
1949
1995
2000
2014
2021
2033
2048
2085
2096
2099
2122
2123
2156
2166
2187
2200
2209
2228
2232
2242
2264
2277
2290
2299
2306
2327
2335
2343
2372
2436
2438
2444
2447
2451
2495
2506
2522
2548
2552
2565
2602
2633
2648
2653
2676
2680
2695
2702
2705
2713
2719
2727
2740
2743
2748
2782
2796
2823
2891
2895
2918
2928
2946
2947
2949
2976
2978
2988
2989
3012
3015
3017
3068
3071
3091
3095
3114
3126
3154
3169
3227
3261
3279
3286
3298
3299
3310
3345
3357
3385
3435
3438
3452
3489
3491
3512
3516
3534
3553
3622
3642
3685
3693
3702
3706
3724
3783
3786
3792
3834
3837
3858
3883
3892
3901
3936
3982
4020
4021
4067
4074
4088
4091
4130
4152
4175
4182
4197
4204
4212
4213
4221
4227
4233
4242
4296
4297
4303
4305
4318
4326
4346
4347
4358
4372
4375
4379
4384
4415
4463
4479
4544
4579
4588
4593
4601
4608
4626
4646
4647
4660
4661
4663
4665
4676
4688
4691
4714
4719
4726
4777
4790
4796
4822
4874
4888
4895
4911
4955
4961
4972
4977
5011
5052
5066
5106
5124
5154
5156
5180
5184
5245
5258
5273
5296
5298
5316
5337
5357
5389
5434
5449
5457
5466
5553
5554
5591
5595
5626
5665
5668
5670
5681
5703
5727
5732
5777
5779
5787
5798
5823
5866
5868
5870
5902
5934
5983
6017
6029
6030
6039
6044
6070
6071
6098
6137
6156
6177
6185
6196
6230
6253
6274
6293
6306
6333
6349
6359
6389
6390
6404
6412
6417
6437
6447
6451
6460
6485
6497
6557
6559
6562
6574
6586
6604
6641
6644
6651
6676
6685
6702
6716
6763
6766
6769
6773
6816
6829
6832
6837
6845
6861
6878
6882
6897
6907
6918
6931
6937
6942
6948
6951
7008
7009
7020
7040
7070
7079
7085
7086
7104
7148
7169
7200
7233
7269
7309
7310
7359
7382
7384
7387
7394
7407
7436
7454
7480
7507
7526
7534
7586
7601
7610
7630
7632
7636
7642
7647
7656
7681
7715
7737
7739
7744
7747
7783
7817
7828
7841
7843
7856
7885
7920
7932
7947
7984
7991
8005
8018
8029
8047
8106
8128
8129
8142
8143
8155
8165
8195
8206
8212
8243
8246
8275
8294
8303
8314
8336
8369
8374
8380
8382
8435
8436
8441
8474
8493
8499
8520
8522
8527
8537
8567
8586
8589
8622
8656
8703
8719
8748
8760
8765
8768
8800
8809
8817
8826
8830
8861
8874
8882
8892
8905
8916
8921
8926
9006
9012
9025
9035
9037
9040
9051
9055
9074
9086
9120
9125
9142
9161
9209
9224
9259
9292
9296
9312
9313
9319
9326
9344
9371
9427
9442
9449
9450
9454
9470
9477
9496
9500
9503
9507
9525
9537
9538
9584
9624
9628
9640
9677
9679
9686
9698
9741
9749
9810
9820
9837
9840
9844
9855
9856
9947
9981
-1
