3
10
25
26
43
63
89
98
101
108
113
162
165
169
179
193
228
248
264
268
277
281
299
300
369
383
388
389
396
418
424
429
452
458
465
512
514
517
528
529
543
563
589
594
609
665
685
704
735
786
804
838
851
855
879
882
883
905
919
947
974
987
988
991
993
1046
1048
1063
1089
1103
1110
1116
1133
1157
1198
1211
1229
1237
1259
1265
1266
1283
1301
1302
1312
1339
1364
1373
1392
1393
1402
1416
1422
1430
1464
1477
1488
1491
1492
1494
1512
1517
1555
1556
1569
1583
1602
1603
1623
1653
1667
1672
1677
1684
1685
1691
1699
1732
1740
1753
1766
1799
1804
1807
1839
1855
1879
1905
1913
1921
1956
1968
1971
1975
1981
1983
2002
2019
2028
2051
2052
2056
2059
2093
2096
2101
2137
2143
2174
2178
2183
2204
2273
2274
2299
2309
2331
2338
2362
2364
2380
2399
2413
2420
2444
2445
2470
2475
2479
2480
2491
2495
2512
2530
2598
2619
2641
2643
2648
2658
2699
2723
2738
2761
2767
2782
2793
2799
2800
2803
2810
2812
2854
2879
2883
2893
2896
2917
2943
2946
2962
2973
2993
3010
3029
3037
3055
3069
3070
3105
3121
3127
3141
3146
3186
3189
3221
3240
3249
3292
3303
3331
3343
3346
3348
3367
3380
3387
3418
3431
3438
3466
3484
3494
3503
3520
3529
3533
3544
3546
3555
3567
3588
3599
3610
3641
3661
3667
3668
3670
3683
3704
3730
3732
3734
3746
3759
3764
3847
3848
3851
3865
3871
3888
3951
3975
3992
4000
4009
4030
4069
4095
4113
4130
4143
4150
4184
4187
4193
4194
4216
4243
4264
4266
4276
4281
4289
4308
4319
4328
4376
4382
4400
4407
4411
4429
4440
4458
4462
4495
4513
4533
4552
4560
4580
4582
4584
4606
4622
4632
4633
4649
4695
4705
4710
4720
4725
4747
4752
4809
4813
4830
4845
4875
4899
4924
4930
4946
4969
4976
4980
5075
5079
5084
5086
5124
5138
5193
5207
5218
5245
5290
5339
5359
5420
5430
5457
5463
5508
5516
5521
5524
5536
5549
5561
5580
5586
5600
5629
5674
5676
5695
5702
5706
5711
5731
5732
5736
5738
5803
5836
5840
5845
5854
5900
5901
5902
5923
5955
5970
5989
5994
6037
6042
6086
6089
6094
6131
6145
6147
6164
6171
6179
6224
6226
6228
6243
6255
6275
6287
6288
6289
6316
6318
6333
6342
6351
6365
6404
6426
6432
6451
6461
6463
6465
6475
6500
6509
6542
6552
6572
6600
6655
6659
6664
6700
6724
6741
6781
6783
6821
6840
6843
6858
6956
6966
6977
6991
6992
6997
7000
7003
7016
7022
7033
7043
7054
7095
7132
7134
7164
7167
7169
7206
7209
7234
7245
7281
7294
7297
7307
7333
7367
7370
7387
7410
7411
7422
7430
7446
7463
7476
7507
7522
7527
7598
7608
7610
7612
7626
7665
7677
7687
7742
7753
7786
7788
7792
7809
7821
7826
7828
7868
7872
7924
7939
8038
8058
8122
8129
8133
8137
8191
8193
8214
8216
8256
8257
8258
8282
8327
8390
8421
8429
8437
8444
8450
8486
8491
8495
8544
8563
8578
8579
8598
8599
8611
8629
8643
8645
8677
8683
8694
8713
8721
8730
8738
8780
8799
8826
8831
8833
8841
8867
8874
8953
8955
8969
8980
8984
9007
9009
9015
9021
9077
9090
9115
9124
9134
9137
9152
9165
9177
9179
9180
9194
9236
9242
9264
9315
9327
9339
9363
9364
9389
9450
9471
9479
9487
9530
9537
9586
9595
9602
9615
9616
9643
9645
9676
9732
9733
9849
9873
9886
9909
9915
9926
9928
9937
9973
-1
