0
15
33
35
67
76
114
137
146
203
274
276
289
301
311
328
366
372
439
473
507
515
548
568
579
601
603
622
631
666
691
693
698
708
715
716
727
750
758
767
776
795
801
836
842
846
946
949
957
966
990
1030
1050
1060
1065
1072
1110
1137
1147
1174
1186
1189
1201
1203
1221
1239
1265
1270
1279
1299
1303
1321
1322
1330
1344
1345
1346
1371
1395
1414
1445
1463
1482
1487
1491
1495
1511
1514
1519
1532
1547
1566
1582
1595
1606
1623
1634
1674
1738
1739
1750
1752
1763
1793
1837
1860
1878
1889
1891
1917
1956
1959
1991
1998
2010
2012
2013
2016
2027
2036
2039
2044
2048
2050
2051
2059
2115
2142
2143
2144
2148
2150
2164
2172
2180
2232
2244
2250
2297
2320
2323
2334
2341
2344
2358
2365
2371
2389
2420
2424
2441
2442
2462
2523
2543
2555
2581
2589
2595
2599
2609
2624
2667
2670
2692
2712
2731
2749
2772
2812
2823
2925
2962
2991
3013
3044
3051
3052
3076
3098
3102
3154
3167
3177
3179
3202
3207
3217
3242
3246
3252
3253
3273
3274
3284
3292
3303
3306
3313
3327
3344
3354
3370
3422
3425
3446
3462
3463
3475
3489
3499
3544
3552
3554
3567
3574
3601
3620
3639
3646
3651
3665
3666
3694
3731
3765
3776
3820
3857
3860
3914
3917
3925
3940
3941
3953
3996
4006
4021
4056
4082
4118
4124
4147
4148
4168
4174
4185
4193
4199
4212
4258
4267
4282
4291
4293
4308
4321
4357
4369
4372
4378
4381
4387
4415
4444
4445
4455
4467
4471
4491
4522
4538
4546
4561
4633
4638
4639
4664
4671
4706
4712
4715
4728
4743
4777
4781
4787
4791
4814
4833
4841
4844
4862
4873
4887
4896
4903
4916
4936
4937
4943
4958
4959
4967
4974
4975
5056
5064
5068
5122
5124
5128
5145
5166
5173
5194
5198
5210
5218
5262
5269
5270
5280
5294
5298
5313
5319
5321
5324
5325
5395
5401
5413
5435
5437
5445
5454
5458
5476
5479
5533
5542
5587
5589
5590
5592
5607
5610
5622
5625
5639
5641
5700
5707
5743
5745
5772
5780
5786
5835
5867
5869
5902
5910
5915
5931
5935
5942
5950
5972
6012
6044
6045
6060
6074
6085
6090
6111
6115
6154
6156
6179
6187
6192
6198
6209
6243
6264
6274
6299
6300
6307
6312
6348
6396
6398
6400
6423
6429
6434
6451
6463
6475
6498
6499
6509
6512
6589
6603
6657
6688
6697
6705
6706
6758
6764
6770
6780
6796
6815
6830
6860
6866
6896
6922
6936
6966
6975
6999
7050
7067
7124
7147
7162
7165
7173
7186
7194
7199
7204
7212
7218
7220
7224
7239
7241
7246
7253
7294
7322
7356
7374
7392
7408
7410
7425
7446
7474
7495
7498
7503
7508
7510
7525
7538
7555
7637
7638
7643
7652
7692
7697
7701
7709
7711
7729
7738
7740
7765
7773
7775
7825
7855
7927
7936
7964
8000
8012
8039
8076
8087
8090
8100
8105
8128
8144
8176
8178
8188
8196
8197
8200
8204
8216
8221
8234
8241
8245
8256
8286
8334
8340
8453
8471
8483
8490
8504
8505
8512
8544
8545
8553
8556
8561
8566
8600
8678
8692
8708
8710
8761
8776
8818
8842
8853
8857
8871
8877
8904
8907
8921
8927
8960
8961
8983
9021
9063
9083
9101
9127
9153
9161
9191
9197
9203
9219
9232
9256
9263
9335
9340
9362
9364
9373
9377
9389
9390
9406
9423
9445
9446
9452
9459
9461
9466
9483
9494
9526
9537
9545
9567
9570
9572
9575
9595
9650
9655
9672
9689
9709
9739
9785
9806
9852
9858
9895
9947
9956
9988
-1
