7
18
107
130
134
164
172
175
229
241
268
338
352
374
375
377
390
417
486
528
678
712
717
724
730
767
774
780
784
788
819
832
840
863
870
903
914
927
928
946
971
1050
1078
1098
1124
1127
1151
1164
1174
1202
1277
1291
1317
1331
1334
1336
1349
1386
1388
1459
1503
1557
1560
1566
1610
1617
1653
1696
1713
1717
1731
1764
1777
1807
1831
1832
1895
1923
1956
1988
1990
2014
2058
2077
2084
2132
2144
2149
2151
2202
2245
2271
2288
2370
2375
2381
2422
2438
2452
2496
2529
2541
2558
2568
2589
2613
2619
2649
2651
2652
2680
2713
2716
2735
2811
2863
2887
2923
2946
2989
3039
3069
3106
3121
3141
3153
3172
3188
3193
3205
3208
3241
3268
3323
3354
3357
3379
3382
3392
3411
3425
3431
3469
3499
3504
3507
3525
3553
3560
3566
3623
3628
3655
3667
3682
3695
3712
3729
3754
3762
3785
3807
3813
3847
3892
3893
3907
3927
3974
4045
4087
4089
4163
4175
4344
4376
4378
4389
4395
4396
4403
4447
4526
4536
4546
4559
4716
4778
4784
4819
4822
4894
4919
4958
4971
5012
5022
5037
5048
5087
5089
5096
5109
5111
5121
5184
5250
5265
5275
5350
5368
5380
5416
5442
5503
5532
5600
5670
5681
5740
5748
5765
5770
5775
5808
5850
5891
5934
5984
6066
6079
6106
6142
6159
6168
6248
6255
6257
6291
6305
6324
6342
6348
6380
6381
6383
6410
6464
6501
6504
6505
6519
6541
6568
6581
6605
6606
6641
6646
6652
6733
6739
6805
6832
6926
6965
6982
7045
7101
7120
7122
7149
7179
7185
7293
7305
7327
7366
7375
7399
7433
7474
7502
7513
7530
7572
7590
7629
7660
7672
7775
7782
7808
7830
7843
7850
7858
7865
7904
7908
7912
7944
8003
8017
8034
8037
8064
8090
8103
8119
8133
8156
8196
8203
8220
8228
8230
8281
8336
8375
8383
8384
8391
8419
8429
8441
8516
8522
8558
8574
8577
8596
8746
8757
8763
8817
8880
8909
9002
9131
9182
9208
9221
9252
9258
9262
9354
9430
9451
9501
9529
9551
9552
9580
9587
9615
9632
9643
9693
9694
9695
9706
9729
9735
9762
9768
9790
9836
9849
9869
9901
9947
9965
10017
10034
10043
10045
10054
10056
10059
10079
10113
10149
10155
10180
10208
10277
10311
10411
10436
10450
10459
10461
10472
10499
10501
10514
10523
10538
10574
10579
10580
10626
10638
10646
10650
10651
10661
10739
10748
10769
10775
10786
10815
10829
10862
10876
10905
10977
11038
11040
11065
11158
11198
11234
11238
11271
11325
11342
11359
11361
11401
11501
11562
11567
11570
11607
11609
11612
11618
11644
11816
11853
11869
11881
11886
11891
11900
11905
11916
11932
11947
11950
12012
12017
12086
12178
12226
12264
12265
12271
12273
12275
12315
12345
12352
12359
12365
12371
12394
12439
12493
12548
12565
12566
12570
12571
12627
12647
12679
12687
12694
12701
12702
12716
12727
12732
12749
12754
12758
12759
12809
12820
12821
12878
12950
12959
13016
13031
13080
13084
13117
13141
13145
13169
13179
13189
13225
13238
13247
13259
13263
13267
13282
13293
13321
13341
13360
13365
13368
13388
13392
13414
13461
13500
13525
13533
13619
13678
13690
13747
13870
13872
13911
13954
13999
14029
14033
14046
14056
14113
14127
14163
14170
14185
14248
14282
14397
14419
14429
14446
14516
14535
14543
14555
14572
14601
14608
14624
14639
14659
14668
14700
14714
14726
14754
14780
14797
14821
14853
14861
14895
14911
14912
14949
14952
14957
14973
14982
14983
14990
15078
15100
15117
15168
15169
15281
15301
15339
15389
15407
15444
15455
15468
15494
15496
15505
15508
15523
15533
15536
15559
15564
15602
15631
15634
15688
15699
15724
15725
15764
15771
15853
15868
15894
15971
15978
15980
15997
16008
16160
16210
16211
16242
16266
16270
16308
16355
16376
16393
16456
16508
16549
16588
16618
16665
16680
16712
16727
16737
16750
16759
16778
16787
16801
16837
16859
16862
16919
16929
16990
17018
17023
17052
17064
17068
17081
17148
17170
17187
17210
17215
17279
17287
17389
17420
17459
17477
17507
17545
17583
17585
17587
17619
17624
17625
17627
17655
17695
17712
17718
17733
17739
17744
17820
17846
17851
17858
17898
17926
17982
18012
18042
18057
18073
18080
18093
18107
18145
18154
18170
18179
18209
18236
18315
18351
18380
18382
18394
18407
18414
18432
18449
18457
18523
18571
18575
18590
18623
18663
18687
18688
18699
18731
18842
18874
18890
18903
18942
18944
18947
18968
18977
19015
19033
19049
19061
19082
19085
19120
19122
19131
19176
19193
19198
19214
19259
19268
19293
19340
19356
19388
19400
19458
19462
19494
19498
19500
19587
19637
19642
19720
19794
19805
19842
19864
19932
19959
20085
20112
20119
20130
20143
20145
20209
20263
20322
20325
20345
20427
20434
20484
20487
20505
20554
20587
20599
20631
20659
20682
20701
20715
20719
20721
20736
20785
20807
20859
20866
20888
20930
20962
20975
21016
21027
21058
21093
21097
21125
21127
21158
21204
21208
21228
21232
21235
21236
21238
21437
21450
21466
21484
21501
21503
21545
21549
21607
21689
21717
21801
21805
21814
21865
21913
21924
22035
22089
22099
22108
22111
22176
22182
22208
22213
22235
22242
22254
22325
22342
22387
22439
22446
22486
22516
22547
22549
22569
22574
22591
22599
22604
22652
22733
22803
22827
22862
22935
22961
22979
22985
22994
23008
23043
23077
23176
23179
23182
23200
23252
23278
23334
23387
23390
23402
23405
23409
23446
23557
23566
23623
23627
23648
23771
23805
23862
23875
23905
23936
23949
23970
23977
24003
24047
24082
24091
24107
24123
24124
24160
24182
24278
24302
24315
24349
24362
24411
24450
24467
24488
24499
24553
24566
24581
24601
24603
24627
24650
24652
24658
24661
24715
24740
24767
24800
24818
24830
24896
24912
24919
24933
24945
24963
25031
25040
25093
25141
25167
25188
25205
25214
25230
25302
25344
25358
25391
25392
25401
25413
25454
25502
25506
25522
25537
25545
25546
25550
25559
25568
25577
25610
25614
25638
25651
25667
25687
25781
25836
25853
25854
25909
25917
25998
26015
26032
26057
26084
26127
26137
26167
26170
26195
26203
26210
26224
26293
26330
26377
26401
26403
26418
26446
26477
26503
26541
26548
26554
26563
26575
26589
26659
26665
26675
26686
26707
26725
26740
26759
26770
26780
26827
26829
26834
26842
26926
26986
27002
27005
27019
27048
27063
27078
27095
27120
27147
27161
27186
27190
27203
27229
27277
27279
27283
27338
27442
27464
27468
27524
27704
27723
27745
27766
27789
27818
27820
27867
27869
27882
27886
27888
27889
27899
27921
27923
27926
27967
28011
28020
28120
28148
28164
28214
28227
28251
28298
28308
28323
28349
28389
28440
28452
28471
28486
28488
28510
28593
28638
28657
28748
28767
28817
28867
28889
28937
28954
28958
28965
28971
28986
29029
29082
29111
29124
29163
29175
29198
29233
29246
29308
29342
29345
29354
29364
29486
29495
29506
29549
29629
29638
29646
29647
29651
29662
29667
29677
29745
29749
29751
29769
29793
29859
29873
29891
29898
29935
29959
29984
29985
30087
30125
30151
30172
30193
30203
30261
30284
30288
30334
30342
30344
30408
30411
30470
30501
30505
30537
30555
30628
30636
30662
30692
30707
30752
30770
30848
30864
30930
30963
31025
31051
31108
31163
31182
31187
31203
31204
31328
31444
31456
31480
31481
31496
31509
31538
31572
31586
31603
31612
31618
31630
31638
31642
31676
31701
31764
31821
31940
31943
31968
31969
32023
32029
32038
32099
32103
32104
32176
32204
32229
32289
32302
32304
32320
32325
32330
32338
32375
32417
32576
32593
32596
32621
32626
32639
32663
32665
32669
32844
32864
32886
32903
32949
32962
32985
32991
33002
33168
33409
33410
33462
33528
33554
33574
33590
33646
33721
33730
33738
33748
33749
33809
33839
33859
33890
33978
34067
34082
34087
34121
34124
34226
34263
34268
34309
34322
34360
34387
34398
34439
34453
34472
34488
34490
34520
34544
34548
34626
34680
34709
34720
34728
34751
34761
34762
34804
34806
34824
34835
34857
34881
34971
34980
35013
35028
35039
35062
35070
35095
35111
35143
35208
35243
35270
35278
35284
35369
35378
35385
35441
35468
35470
35471
35495
35529
35535
35538
35558
35578
35579
35625
35627
35636
35654
35764
35767
35768
35770
35793
35805
35830
35873
35880
35943
35970
36000
36003
36025
36034
36091
36117
36132
36166
36180
36189
36191
36216
36233
36237
36279
36284
36297
36350
36382
36387
36399
36406
36441
36457
36493
36514
36518
36528
36551
36554
36602
36612
36648
36692
36751
36754
36757
36780
36790
36804
36828
36876
36899
36906
36934
36957
36966
36987
37002
37043
37098
37106
37112
37229
37259
37261
37291
37305
37317
37343
37346
37387
37391
37406
37415
37438
37450
37460
37463
37473
37502
37511
37542
37547
37548
37693
37729
37741
37792
37797
37822
37850
37876
37880
37891
37956
37958
37959
37964
38002
38016
38035
38053
38067
38138
38153
38198
38218
38241
38293
38304
38309
38349
38362
38367
38434
38453
38457
38459
38545
38560
38569
38620
38625
38633
38650
38654
38673
38695
38722
38748
38749
38796
38797
38825
38828
38838
38857
38864
38941
38966
39016
39027
39048
39054
39064
39115
39175
39179
39196
39223
39246
39255
39261
39275
39286
39319
39323
39339
39360
39390
39432
39554
39587
39637
39656
39718
39730
39739
39772
39773
39776
39831
39848
39888
39903
39953
-1
