0
5
35
46
186
216
261
268
295
380
417
477
483
500
522
524
526
588
623
632
638
651
712
723
727
746
751
782
791
845
851
857
915
951
959
987
1000
1044
1069
1087
1108
1154
1158
1169
1192
1210
1214
1249
1255
1329
1358
1454
1492
1553
1580
1591
1614
1619
1659
1738
1803
1849
1886
1912
1978
1987
1989
1993
1997
1998
2030
2032
2080
2093
2131
2148
2154
2155
2161
2175
2244
2251
2268
2314
2330
2343
2393
2417
2426
2472
2476
2478
2515
2523
2552
2567
2577
2598
2635
2648
2658
2665
2667
2719
2744
2753
2762
2796
2859
2884
2905
2946
2955
2977
2986
3048
3126
3164
3191
3248
3297
3312
3320
3345
3404
3423
3425
3474
3522
3571
3640
3676
3678
3680
3681
3695
3702
3796
3821
3891
3896
3960
3965
3993
4003
4081
4110
4135
4145
4165
4169
4174
4184
4193
4229
4244
4263
4276
4312
4321
4332
4355
4359
4435
4471
4507
4539
4560
4572
4599
4637
4668
4687
4704
4710
4726
4739
4775
4813
4815
4888
4892
4960
4999
5024
5027
5033
5035
5041
5117
5157
5171
5208
5245
5289
5292
5294
5302
5329
5342
5365
5376
5390
5425
5441
5443
5494
5519
5554
5579
5594
5662
5730
5740
5742
5752
5764
5766
5781
5782
5796
5821
5865
5876
5892
5941
5962
5971
5989
6054
6064
6098
6112
6114
6120
6144
6206
6222
6224
6225
6261
6267
6282
6291
6352
6388
6393
6405
6464
6517
6616
6683
6720
6767
6771
6827
6864
6888
6922
6923
6967
6978
6993
6998
7017
7066
7106
7138
7174
7208
7226
7246
7295
7300
7305
7319
7331
7398
7399
7404
7437
7450
7516
7609
7620
7658
7677
7717
7727
7747
7771
7823
7824
7845
7895
7899
7926
7938
8021
8027
8046
8061
8096
8097
8133
8135
8166
8172
8185
8194
8207
8229
8242
8264
8277
8428
8510
8552
8555
8582
8621
8679
8682
8720
8782
8791
8805
8921
8980
9008
9039
9069
9212
9265
9267
9269
9315
9322
9367
9381
9474
9525
9541
9561
9585
9610
9647
9685
9693
9705
9726
9778
9830
9840
9894
9895
9914
9919
9926
10008
10079
10082
10109
10119
10132
10168
10194
10210
10230
10235
10284
10293
10318
10351
10354
10400
10403
10473
10484
10507
10548
10561
10566
10571
10580
10583
10585
10618
10641
10674
10708
10709
10727
10774
10793
10826
10829
10834
10848
10861
10878
10904
10927
10930
10937
10964
10974
10992
11014
11109
11136
11145
11179
11253
11261
11270
11303
11321
11329
11353
11473
11486
11505
11514
11539
11569
11570
11596
11597
11646
11680
11692
11695
11724
11742
11748
11769
11821
11830
11865
11945
11966
11969
11975
12012
12033
12035
12095
12097
12129
12130
12131
12160
12249
12265
12306
12309
12329
12337
12355
12369
12413
12529
12545
12577
12588
12610
12615
12643
12646
12666
12700
12707
12711
12793
12866
12905
12934
12984
13002
13040
13048
13061
13092
13098
13193
13203
13210
13223
13315
13328
13329
13396
13411
13454
13459
13503
13532
13580
13633
13643
13742
13780
13781
13835
13839
13868
13874
13940
13941
13988
14023
14051
14094
14113
14164
14262
14283
14294
14343
14375
14384
14387
14428
14484
14498
14557
14579
14600
14649
14657
14716
14728
14731
14791
14798
14902
14943
14952
14957
14961
14994
15002
15011
15054
15066
15116
15147
15230
15265
15269
15280
15304
15310
15327
15356
15366
15368
15375
15387
15395
15417
15432
15485
15558
15559
15562
15576
15630
15646
15678
15690
15691
15695
15706
15713
15738
15777
15863
15894
15926
15937
15947
15963
15981
16051
16058
16077
16113
16128
16130
16155
16197
16246
16259
16274
16288
16299
16327
16343
16384
16436
16451
16487
16594
16608
16620
16643
16721
16771
16785
16802
16848
16851
16900
16930
16933
16941
16943
16976
17022
17023
17034
17070
17100
17105
17149
17165
17185
17227
17313
17350
17364
17443
17460
17482
17517
17562
17568
17621
17624
17746
17757
17846
17857
17865
17893
17906
18058
18091
18096
18154
18169
18199
18209
18213
18244
18310
18319
18323
18358
18424
18472
18492
18504
18557
18558
18571
18606
18630
18670
18671
18695
18697
18727
18771
18776
18797
18799
18801
18834
18895
18896
18923
18938
18978
19015
19018
19072
19108
19134
19258
19306
19318
19333
19387
19439
19477
19478
19506
19522
19530
19593
19609
19627
19647
19661
19667
19676
19700
19734
19746
19787
19792
19803
19804
19906
19911
19926
19930
19961
20037
20038
20054
20071
20078
20108
20179
20186
20225
20245
20246
20283
20295
20296
20303
20306
20315
20316
20343
20352
20363
20374
20435
20526
20567
20648
20661
20687
20693
20696
20736
20748
20758
20816
20820
20831
20880
20893
20924
20939
20975
21030
21040
21073
21106
21117
21129
21144
21156
21201
21212
21221
21303
21337
21429
21487
21505
21509
21511
21515
21538
21577
21579
21606
21660
21766
21814
21848
21872
21922
21935
21940
21945
21973
22029
22037
22052
22057
22070
22083
22146
22182
22207
22213
22262
22273
22301
22308
22318
22342
22385
22436
22442
22461
22485
22540
22563
22589
22601
22639
22683
22692
22762
22777
22844
22873
22883
22900
22903
22921
22966
23003
23058
23090
23096
23180
23233
23280
23282
23296
23297
23315
23329
23389
23410
23422
23431
23474
23485
23493
23497
23502
23503
23514
23526
23538
23552
23559
23561
23577
23651
23660
23668
23673
23734
23799
23806
23823
23874
23877
23903
23919
23952
23986
23993
23999
24005
24027
24034
24037
24063
24115
24139
24167
24185
24192
24206
24222
24255
24269
24270
24280
24292
24319
24348
24370
24371
24422
24438
24458
24495
24588
24603
24668
24700
24759
24767
24768
24780
24800
24819
24842
24951
24973
24979
25004
25005
25009
25023
25060
25071
25088
25127
25173
25174
25191
25230
25297
25303
25309
25367
25382
25438
25497
25504
25523
25569
25589
25590
25637
25649
25650
25682
25688
25689
25737
25778
25814
25896
25918
25923
25944
25953
25967
25974
25983
26030
26107
26111
26124
26150
26231
26315
26391
26421
26431
26436
26467
26483
26556
26563
26592
26630
26645
26646
26684
26698
26761
26764
26779
26803
26816
26905
26937
26940
27003
27031
27044
27074
27081
27124
27161
27172
27194
27279
27290
27301
27362
27378
27438
27445
27454
27496
27498
27531
27557
27569
27580
27602
27608
27625
27633
27643
27673
27704
27716
27719
27728
27749
27771
27783
27791
27818
27821
27874
27884
27898
27907
27916
27980
28076
28089
28092
28096
28098
28124
28132
28161
28184
28190
28197
28202
28211
28219
28223
28232
28242
28266
28282
28309
28338
28396
28439
28440
28450
28471
28482
28521
28534
28550
28563
28571
28647
28668
28693
28706
28737
28770
28807
28859
28879
28892
28914
28926
28968
29070
29084
29104
29135
29136
29160
29168
29198
29265
29287
29334
29347
29361
29362
29435
29545
29558
29563
29565
29612
29613
29630
29644
29684
29685
29700
29701
29704
29741
29746
29779
29808
29820
29840
29903
29961
30016
30036
30081
30160
30165
30221
30284
30289
30290
30291
30296
30326
30405
30415
30418
30430
30447
30458
30494
30506
30513
30544
30599
30604
30689
30716
30719
30750
30765
30798
30842
30854
30858
30862
30880
30924
30964
30973
31082
31100
31108
31246
31248
31300
31316
31378
31388
31394
31474
31485
31503
31514
31524
31585
31675
31682
31861
31883
31884
31895
31923
31928
31954
31969
31998
32016
32032
32054
32084
32087
32102
32121
32123
32134
32135
32141
32167
32190
32219
32258
32278
32304
32324
32334
32355
32361
32371
32374
32410
32415
32443
32446
32472
32488
32510
32518
32525
32538
32602
32604
32612
32619
32625
32662
32780
32792
32836
32837
32844
32890
32899
32922
32924
32954
32984
33084
33105
33124
33134
33145
33149
33152
33167
33172
33189
33206
33222
33238
33243
33255
33333
33413
33426
33441
33461
33464
33484
33493
33500
33512
33530
33547
33561
33583
33614
33665
33693
33706
33731
33838
33842
33874
33884
33925
33958
33967
33979
33987
34011
34014
34074
34091
34137
34161
34170
34191
34199
34203
34212
34234
34239
34267
34283
34300
34312
34337
34386
34392
34406
34440
34442
34447
34472
34504
34511
34538
34570
34578
34588
34599
34603
34634
34655
34663
34706
34718
34755
34765
34808
34832
34834
34835
34841
34869
34881
34915
34940
34964
35012
35013
35091
35095
35123
35146
35147
35221
35253
35256
35265
35267
35304
35312
35352
35368
35409
35423
35428
35437
35461
35472
35488
35509
35517
35530
35542
35543
35555
35556
35621
35624
35641
35660
35681
35718
35757
35783
35791
35808
35818
35850
35859
35880
35885
35929
35957
35975
35979
35989
36020
36027
36176
36179
36182
36199
36212
36261
36266
36276
36425
36484
36530
36611
36628
36657
36688
36733
36762
36814
36830
36867
36870
36928
37004
37022
37119
37121
37148
37153
37157
37164
37165
37212
37267
37280
37283
37349
37378
37397
37443
37486
37494
37500
37516
37548
37640
37645
37669
37705
37724
37745
37823
37824
37826
37835
37860
37863
37880
37937
37952
37965
37968
38011
38024
38103
38142
38173
38190
38208
38212
38227
38243
38336
38352
38407
38421
38429
38482
38509
38526
38548
38550
38561
38589
38603
38605
38642
38662
38698
38719
38730
38732
38755
38833
38852
38855
38955
38972
39007
39046
39073
39095
39221
39236
39243
39290
39310
39318
39412
39444
39456
39543
39547
39550
39557
39603
39658
39667
39697
39747
39766
39890
39897
39907
39933
39960
39982
39985
39999
-1
