1
20
107
161
181
182
192
267
269
316
326
337
347
426
441
453
456
478
482
500
549
603
605
637
698
829
855
884
888
962
1045
1070
1112
1138
1159
1169
1191
1211
1249
1340
1352
1364
1378
1439
1463
1564
1574
1609
1628
1640
1644
1674
1713
1736
1763
1770
1812
1819
1820
1828
1837
1878
1893
1922
1946
1980
2045
2062
2077
2139
2204
2234
2246
2304
2338
2351
2398
2431
2439
2441
2444
2453
2458
2500
2502
2516
2589
2590
2643
2677
2752
2773
2793
2796
2815
2866
2873
2883
2923
2938
2980
3023
3042
3108
3113
3146
3156
3206
3226
3234
3255
3270
3293
3317
3325
3334
3368
3388
3397
3411
3423
3488
3489
3559
3583
3626
3645
3652
3671
3733
3771
3778
3797
3837
3838
3909
3928
3930
3936
3966
3974
3988
4006
4055
4127
4211
4232
4314
4347
4375
4416
4422
4424
4450
4568
4572
4586
4588
4609
4671
4680
4699
4711
4738
4739
4751
4777
4793
4808
4818
4828
4844
4916
4921
4923
5001
5051
5057
5078
5087
5133
5142
5144
5150
5159
5215
5217
5250
5257
5277
5285
5328
5351
5355
5406
5439
5474
5493
5499
5502
5511
5620
5633
5638
5692
5763
5789
5834
5841
5856
5857
5907
5939
5970
5989
5998
6006
6026
6034
6044
6051
6054
6060
6072
6080
6107
6156
6166
6192
6224
6284
6291
6336
6342
6344
6399
6428
6441
6444
6457
6465
6481
6514
6532
6552
6563
6623
6661
6676
6717
6719
6795
6834
6868
6930
7004
7011
7038
7079
7125
7167
7184
7240
7242
7254
7268
7308
7349
7405
7428
7437
7487
7541
7573
7678
7703
7723
7778
7793
7830
7863
7904
7907
7932
7941
7972
7981
7984
8029
8072
8073
8075
8079
8085
8097
8104
8136
8152
8198
8199
8248
8283
8303
8342
8344
8386
8394
8433
8538
8558
8574
8626
8628
8632
8671
8672
8673
8691
8715
8734
8787
8812
8813
8828
8847
8857
8890
8906
8923
8927
8937
8949
8967
8980
9035
9042
9072
9110
9113
9135
9137
9168
9174
9201
9215
9249
9252
9254
9261
9266
9313
9331
9336
9359
9375
9378
9408
9443
9462
9482
9487
9493
9524
9570
9594
9700
9804
9827
9863
9941
9967
9970
10044
10055
10061
10064
10067
10072
10101
10147
10281
10293
10308
10328
10333
10339
10411
10412
10424
10432
10438
10463
10508
10523
10535
10540
10542
10563
10565
10603
10643
10647
10652
10668
10682
10706
10764
10801
10811
10832
10864
10891
10895
10931
11018
11047
11096
11143
11166
11189
11233
11266
11275
11284
11296
11302
11405
11415
11441
11465
11491
11525
11526
11530
11566
11583
11603
11633
11637
11667
11669
11758
11798
11829
11853
11865
11869
11915
11920
12008
12017
12043
12058
12117
12146
12205
12213
12216
12222
12232
12293
12298
12299
12326
12374
12391
12400
12417
12433
12523
12607
12627
12637
12666
12667
12684
12713
12816
12893
12973
13072
13161
13184
13190
13209
13244
13247
13306
13332
13373
13378
13384
13399
13401
13410
13425
13439
13462
13492
13517
13602
13617
13625
13629
13635
13636
13659
13662
13683
13744
13775
13823
13828
13829
13830
13832
13857
13870
13878
13886
13892
13935
13969
13993
14002
14008
14021
14027
14058
14099
14107
14181
14295
14304
14319
14346
14426
14429
14548
14551
14552
14561
14652
14751
14784
14793
14905
14915
14920
14952
14972
14979
14996
15030
15054
15057
15075
15112
15196
15237
15244
15260
15276
15277
15323
15332
15340
15354
15363
15451
15473
15507
15609
15658
15660
15704
15769
15772
15788
15799
15818
15836
15854
15877
15880
15894
15911
15946
15979
15986
16009
16020
16036
16045
16092
16098
16127
16148
16159
16193
16241
16306
16345
16354
16363
16392
16465
16466
16484
16498
16504
16518
16576
16585
16644
16691
16698
16708
16711
16745
16749
16791
16797
16804
16826
16837
16860
16866
16899
16902
17006
17035
17069
17103
17133
17139
17165
17174
17230
17251
17268
17270
17364
17365
17373
17378
17381
17391
17450
17452
17457
17472
17604
17616
17619
17657
17683
17709
17815
17821
17851
17861
17874
17961
17994
18059
18062
18103
18108
18119
18123
18163
18174
18226
18239
18266
18298
18365
18368
18369
18464
18509
18513
18520
18535
18615
18617
18668
18692
18693
18779
18838
18876
18900
18916
18919
18982
19068
19085
19152
19174
19228
19309
19312
19324
19387
19422
19434
19455
19479
19495
19497
19557
19567
19575
19581
19621
19642
19650
19668
19698
19728
19750
19775
19776
19807
19843
19851
19921
19924
19969
19973
19992
20009
20022
20027
20056
20084
20171
20172
20177
20191
20212
20216
20240
20250
20351
20390
20391
20407
20425
20473
20539
20545
20548
20558
20611
20647
20654
20659
20700
20724
20738
20766
20811
20878
20918
20948
20961
21049
21116
21222
21236
21299
21326
21386
21396
21401
21497
21503
21545
21554
21561
21580
21624
21663
21684
21692
21737
21754
21765
21776
21783
21805
21822
21828
21834
21857
21867
21891
21911
21959
22004
22034
22064
22079
22087
22097
22179
22194
22204
22209
22230
22240
22270
22283
22289
22409
22411
22421
22446
22458
22481
22523
22549
22563
22565
22569
22599
22604
22650
22652
22770
22853
22908
22921
22953
22964
22966
23020
23052
23064
23172
23173
23182
23207
23227
23281
23363
23388
23434
23453
23457
23467
23474
23483
23484
23523
23541
23544
23555
23586
23591
23604
23609
23651
23679
23686
23689
23690
23710
23723
23730
23800
23843
23846
23858
23860
23889
23900
23901
24016
24023
24036
24055
24067
24076
24116
24138
24160
24209
24256
24266
24297
24324
24408
24485
24515
24519
24532
24537
24547
24593
24637
24656
24684
24687
24703
24708
24740
24839
24859
24861
24862
24878
24950
24957
24961
24962
24973
24990
25003
25020
25037
25146
25174
25209
25227
25229
25269
25331
25336
25345
25358
25374
25386
25411
25474
25490
25512
25531
25537
25549
25568
25586
25615
25630
25645
25671
25673
25717
25730
25750
25774
25791
25805
25809
25811
25871
25906
25918
26053
26083
26108
26110
26131
26143
26233
26344
26361
26365
26366
26435
26502
26603
26632
26651
26685
26697
26709
26717
26805
26832
26886
26913
26930
27066
27078
27086
27154
27211
27223
27225
27243
27306
27321
27340
27346
27405
27424
27487
27510
27527
27532
27539
27553
27589
27663
27672
27694
27706
27773
27793
27836
27887
27892
27899
27938
27973
28013
28047
28081
28105
28122
28145
28195
28199
28242
28255
28258
28401
28430
28444
28536
28562
28575
28589
28592
28648
28656
28677
28711
28731
28766
28781
28789
28794
28823
28933
28934
28945
28965
29107
29115
29123
29128
29149
29216
29237
29249
29258
29286
29291
29353
29367
29370
29384
29398
29406
29411
29432
29439
29448
29453
29522
29536
29581
29593
29622
29664
29672
29746
29784
29790
29802
29806
29821
29850
29868
29870
29875
29886
29940
29953
29963
29975
29982
30041
30059
30076
30147
30211
30237
30238
30257
30269
30284
30307
30313
30317
30329
30360
30398
30428
30460
30463
30468
30473
30477
30511
30512
30550
30551
30562
30573
30632
30640
30643
30671
30672
30716
30756
30759
30761
30771
30826
30838
30846
30867
30875
30876
30878
30921
30927
30942
30969
30989
31015
31019
31021
31066
31150
31163
31178
31190
31259
31364
31365
31382
31397
31411
31441
31443
31453
31457
31513
31532
31534
31548
31561
31585
31589
31605
31613
31654
31740
31744
31745
31780
31804
31816
31818
31881
31887
32028
32080
32097
32119
32174
32177
32191
32216
32225
32230
32255
32277
32291
32352
32390
32395
32408
32417
32418
32423
32449
32468
32530
32546
32559
32619
32625
32676
32697
32712
32744
32753
32761
32783
32878
32879
32881
32882
32891
32896
32991
32995
33071
33098
33102
33117
33131
33172
33182
33233
33291
33297
33316
33350
33367
33373
33395
33433
33441
33458
33488
33517
33539
33571
33573
33574
33580
33587
33609
33618
33673
33691
33692
33705
33743
33770
33809
33864
33908
33959
33964
34009
34014
34017
34019
34104
34134
34197
34198
34211
34216
34257
34289
34314
34320
34321
34366
34396
34410
34434
34441
34468
34481
34498
34531
34542
34565
34572
34580
34584
34621
34651
34683
34703
34710
34716
34774
34787
34789
34799
34807
34810
34832
34861
34867
34874
34889
34897
35005
35032
35068
35087
35129
35132
35159
35168
35205
35225
35229
35241
35289
35305
35358
35368
35479
35485
35491
35508
35509
35565
35566
35618
35636
35656
35663
35673
35719
35769
35786
35795
35868
35881
35892
35896
35905
35967
35986
36016
36033
36074
36098
36100
36105
36162
36177
36184
36221
36225
36232
36233
36247
36251
36267
36301
36309
36326
36367
36412
36447
36467
36515
36516
36568
36588
36591
36614
36632
36644
36661
36668
36670
36677
36692
36695
36700
36717
36741
36823
36854
36919
36929
36950
36969
37017
37105
37134
37169
37190
37203
37223
37236
37246
37250
37306
37360
37372
37374
37427
37464
37470
37568
37570
37592
37595
37624
37647
37656
37672
37733
37742
37751
37766
37794
37797
37809
37830
37837
37838
37865
37952
37995
38034
38113
38122
38132
38189
38254
38317
38365
38431
38441
38469
38506
38510
38513
38541
38599
38612
38673
38693
38719
38726
38747
38760
38773
38785
38817
38886
38908
38925
38931
38961
38970
38980
38983
38986
38994
39129
39153
39216
39285
39316
39394
39397
39418
39434
39498
39527
39535
39568
39605
39619
39639
39680
39727
39770
39772
39781
39788
39811
39826
39827
39836
39886
39890
39940
-1
