46
53
67
78
138
205
210
241
250
287
321
366
390
394
421
423
479
566
605
617
657
685
687
689
718
725
733
746
820
824
869
945
949
960
994
1047
1073
1098
1169
1173
1177
1180
1264
1279
1283
1290
1316
1325
1333
1343
1414
1415
1441
1455
1559
1599
1608
1611
1612
1642
1647
1659
1666
1670
1688
1703
1761
1770
1809
1814
1822
1828
1830
1842
1847
1878
1884
1890
1898
1914
1922
1930
1955
1986
2033
2063
2066
2135
2143
2158
2197
2241
2267
2272
2274
2280
2304
2358
2390
2397
2405
2406
2411
2443
2496
2563
2599
2614
2615
2655
2656
2682
2685
2771
2801
2804
2816
2872
2899
2913
2960
2973
2976
3005
3056
3078
3102
3104
3136
3185
3220
3221
3256
3281
3312
3314
3336
3358
3556
3596
3602
3639
3658
3679
3685
3810
3842
3883
3917
3931
3933
3940
3953
3958
3979
3990
4013
4030
4034
4086
4090
4136
4140
4164
4361
4378
4379
4391
4403
4404
4423
4449
4476
4556
4568
4586
4606
4610
4651
4655
4670
4677
4683
4705
4707
4726
4737
4810
4814
4834
4880
4912
4999
5007
5033
5167
5191
5295
5314
5356
5359
5446
5544
5545
5695
5702
5721
5738
5750
5763
5764
5849
5856
5922
5924
5940
5970
5996
6016
6024
6053
6064
6081
6100
6132
6137
6155
6157
6173
6335
6418
6476
6484
6510
6546
6556
6559
6587
6591
6618
6630
6646
6773
6776
6807
6908
6916
6932
6951
6979
6992
7020
7029
7064
7072
7085
7115
7117
7118
7134
7172
7192
7213
7225
7244
7280
7286
7307
7334
7339
7370
7385
7408
7445
7460
7478
7509
7569
7572
7586
7668
7715
7729
7748
7793
7805
7824
7862
7872
7882
7976
7981
8147
8149
8207
8222
8225
8236
8271
8310
8338
8370
8385
8415
8455
8483
8511
8515
8531
8576
8582
8595
8677
8681
8714
8717
8780
8811
8851
8859
8884
8894
8899
8913
8917
8920
8948
9035
9061
9113
9160
9185
9189
9205
9306
9335
9384
9431
9556
9571
9603
9649
9682
9723
9728
9733
9778
9787
9793
9865
9882
10019
10037
10089
10097
10126
10165
10195
10200
10256
10331
10346
10376
10400
10406
10417
10598
10621
10645
10687
10689
10701
10706
10728
10755
10759
10783
10824
10825
10861
10865
10916
10919
10936
10944
10947
10958
10960
10970
10975
11004
11028
11036
11140
11168
11175
11183
11208
11224
11300
11332
11344
11353
11425
11443
11490
11520
11545
11561
11571
11581
11585
11602
11604
11626
11656
11691
11703
11705
11706
11710
11711
11769
11778
11792
11822
11854
11870
11882
11883
11941
11964
11971
11974
12002
12045
12083
12113
12148
12188
12196
12214
12222
12251
12277
12278
12285
12316
12317
12352
12354
12375
12380
12389
12409
12452
12458
12472
12479
12491
12502
12518
12527
12534
12553
12582
12583
12615
12638
12647
12670
12672
12700
12770
12771
12776
12810
12843
12960
12992
13005
13055
13091
13102
13107
13125
13140
13175
13193
13274
13278
13311
13333
13340
13346
13383
13399
13416
13538
13568
13587
13599
13616
13622
13627
13639
13647
13652
13654
13686
13695
13708
13715
13719
13739
13764
13842
13864
13867
13895
13904
13912
13933
13942
13956
13966
14004
14045
14057
14076
14132
14144
14147
14192
14196
14208
14232
14243
14244
14259
14308
14313
14319
14330
14371
14389
14439
14460
14471
14484
14511
14536
14603
14610
14646
14662
14676
14699
14709
14723
14769
14800
14818
14822
14837
14859
14910
14917
14958
14971
14986
15050
15111
15121
15137
15151
15176
15177
15236
15242
15261
15263
15282
15285
15307
15408
15428
15431
15436
15472
15483
15518
15546
15550
15554
15572
15579
15587
15630
15727
15771
15842
15848
15876
15884
15889
15954
16120
16144
16158
16169
16231
16270
16300
16322
16353
16415
16434
16533
16536
16566
16586
16635
16642
16721
16723
16724
16745
16759
16761
16763
16781
16790
16796
16810
16827
16869
16871
16877
16926
16983
17001
17064
17106
17112
17223
17256
17288
17294
17310
17388
17390
17409
17526
17532
17670
17686
17700
17711
17735
17756
17887
17905
17908
17934
17941
17949
17957
18005
18041
18108
18140
18145
18158
18168
18177
18183
18196
18198
18259
18303
18323
18326
18336
18347
18358
18359
18378
18407
18414
18419
18459
18507
18511
18561
18583
18586
18597
18604
18628
18637
18679
18699
18711
18715
18724
18795
18797
18838
18839
18855
18860
18868
19018
19061
19130
19136
19137
19198
19267
19284
19359
19378
19392
19475
19501
19509
19515
19539
19669
19684
19689
19725
19756
19810
19817
19824
19828
19873
19921
19952
19985
20016
20025
20033
20067
20113
20114
20139
20150
20162
20239
20243
20265
20319
20339
20380
20401
20443
20444
20462
20471
20501
20506
20510
20531
20557
20597
20612
20619
20642
20718
20744
20755
20758
20914
20964
20991
21003
21048
21063
21079
21097
21104
21198
21204
21222
21223
21235
21273
21279
21295
21328
21366
21397
21406
21419
21452
21500
21541
21571
21602
21605
21607
21665
21666
21677
21738
21794
21840
21911
21937
21938
21939
21990
22162
22164
22165
22174
22199
22222
22226
22233
22281
22326
22336
22348
22355
22435
22458
22474
22505
22575
22578
22581
22607
22638
22639
22643
22660
22726
22815
22835
22877
22930
22936
22972
22983
22993
23021
23028
23038
23065
23068
23073
23135
23149
23216
23225
23264
23267
23277
23315
23317
23353
23359
23372
23384
23399
23419
23423
23495
23526
23556
23591
23633
23648
23665
23666
23676
23682
23717
23734
23769
23783
23827
23857
23881
23899
23914
23965
23974
23984
24120
24165
24166
24253
24257
24267
24274
24319
24392
24412
24423
24467
24485
24500
24505
24608
24646
24676
24699
24707
24709
24712
24714
24721
24742
24756
24799
24811
24815
24861
24876
24881
24915
24916
24941
24959
24990
25010
25014
25156
25219
25234
25254
25268
25287
25347
25408
25429
25470
25514
25523
25533
25538
25556
25577
25611
25622
25633
25638
25661
25694
25709
25717
25818
25826
25859
25918
25923
25934
25945
25953
25973
26012
26021
26060
26071
26074
26108
26118
26120
26202
26216
26302
26324
26335
26341
26349
26375
26382
26385
26409
26441
26481
26595
26599
26642
26644
26650
26691
26705
26730
26787
26790
26814
26863
26874
26922
26950
26951
26968
27066
27074
27108
27110
27158
27193
27197
27214
27225
27234
27250
27254
27281
27297
27318
27380
27408
27440
27452
27459
27468
27498
27551
27558
27564
27565
27578
27584
27608
27611
27661
27667
27676
27703
27711
27797
27822
27831
27835
27849
27878
27882
27925
27927
27931
27981
27989
28015
28020
28026
28028
28037
28039
28051
28091
28095
28103
28111
28122
28140
28151
28182
28252
28259
28281
28293
28297
28374
28396
28414
28445
28493
28621
28626
28672
28731
28791
28805
28813
28815
28854
28867
28888
28901
28959
28966
29003
29041
29062
29080
29181
29204
29229
29236
29251
29265
29279
29280
29387
29423
29433
29445
29505
29605
29615
29632
29640
29705
29716
29722
29726
29754
29777
29804
29858
29864
29914
29916
29935
29948
29982
29983
29987
29994
30016
30017
30020
30030
30134
30146
30147
30148
30182
30213
30229
30278
30304
30343
30381
30450
30476
30486
30533
30541
30542
30545
30546
30574
30601
30603
30606
30621
30638
30660
30662
30701
30717
30744
30749
30756
30776
30802
30842
30886
30918
30945
30962
30968
30993
31004
31011
31015
31048
31062
31082
31118
31125
31197
31208
31246
31263
31269
31302
31304
31318
31331
31344
31468
31519
31540
31575
31576
31616
31639
31660
31669
31709
31809
31820
31836
31849
31883
31907
31942
32000
32010
32034
32040
32073
32160
32205
32212
32231
32251
32312
32332
32337
32338
32341
32364
32376
32379
32410
32421
32450
32459
32461
32466
32477
32545
32601
32626
32656
32695
32780
32793
32817
32864
32880
32922
32998
33059
33084
33124
33131
33132
33133
33180
33204
33247
33259
33263
33265
33298
33312
33360
33398
33406
33417
33442
33477
33486
33492
33526
33544
33561
33590
33607
33622
33639
33658
33678
33685
33755
33790
33829
33849
33873
33888
33904
33939
33970
34036
34075
34078
34087
34109
34136
34176
34200
34206
34246
34317
34393
34399
34415
34468
34518
34525
34585
34662
34666
34667
34677
34705
34764
34840
34841
34875
34879
34899
34960
34964
34972
35013
35017
35027
35044
35072
35106
35119
35124
35129
35170
35188
35194
35217
35234
35322
35389
35427
35454
35509
35536
35561
35569
35575
35591
35615
35668
35669
35704
35724
35735
35741
35752
35792
35793
35818
35836
35857
35872
35968
35986
36006
36060
36107
36111
36118
36155
36174
36212
36262
36311
36332
36353
36364
36400
36431
36459
36487
36542
36559
36574
36621
36623
36656
36665
36717
36739
36756
36833
36882
36901
36926
36991
37000
37022
37084
37099
37156
37168
37223
37238
37256
37263
37275
37302
37334
37363
37374
37401
37407
37470
37496
37519
37573
37644
37673
37677
37679
37687
37699
37727
37749
37750
37798
37803
37814
37840
37890
37897
37910
37915
37932
37933
37947
37954
37956
37969
38008
38041
38046
38118
38125
38137
38138
38163
38176
38187
38192
38216
38251
38265
38339
38447
38475
38553
38585
38625
38626
38639
38673
38683
38684
38690
38773
38825
38843
38883
38890
38903
38937
38958
38982
38991
39000
39022
39023
39107
39136
39157
39255
39281
39307
39362
39372
39403
39455
39463
39486
39534
39596
39597
39602
39621
39667
39686
39712
39776
39782
39792
39793
39839
39858
39866
39939
-1
