49
59
61
67
109
118
125
174
190
226
228
263
280
285
354
395
400
410
413
429
460
488
498
503
515
520
535
568
590
592
611
663
719
729
744
779
796
826
835
849
949
953
979
998
1023
1040
1045
1056
1097
1107
1119
1125
1152
1177
1193
1262
1420
1427
1441
1455
1530
1533
1537
1581
1601
1698
1703
1735
1753
1774
1827
1867
1872
1885
1927
1952
2001
2007
2028
2062
2072
2133
2156
2180
2209
2210
2214
2229
2256
2273
2303
2326
2346
2378
2381
2410
2432
2449
2463
2464
2469
2508
2569
2608
2614
2676
2705
2744
2762
2763
2774
2815
2866
2886
2899
2956
2961
2978
2984
2990
3006
3009
3028
3040
3056
3077
3093
3128
3139
3160
3162
3188
3197
3223
3224
3252
3255
3266
3318
3337
3338
3345
3349
3370
3373
3374
3458
3573
3595
3633
3654
3712
3741
3775
3801
3885
3896
3906
3934
3950
4086
4115
4126
4170
4174
4182
4185
4240
4306
4319
4324
4417
4438
4467
4469
4474
4479
4585
4590
4604
4640
4670
4684
4693
4704
4736
4749
4782
4783
4785
4796
4798
4816
4836
4845
4881
4887
4888
4912
4915
5011
5017
5026
5028
5033
5059
5101
5139
5171
5176
5189
5221
5228
5294
5342
5383
5407
5436
5453
5458
5477
5480
5502
5506
5508
5516
5541
5545
5547
5562
5587
5603
5606
5629
5688
5689
5753
5780
5807
5810
5821
5850
5920
5925
5940
5968
6007
6074
6085
6101
6114
6142
6158
6180
6203
6223
6228
6282
6292
6321
6330
6354
6375
6438
6462
6476
6580
6584
6626
6632
6682
6713
6765
6795
6822
6825
6832
6852
6871
6927
6981
6987
7030
7034
7044
7046
7066
7088
7149
7160
7163
7170
7185
7205
7226
7258
7286
7324
7327
7381
7399
7471
7491
7492
7502
7515
7517
7521
7553
7555
7609
7627
7645
7660
7674
7678
7737
7752
7759
7825
7850
7921
7934
7935
7981
7984
8086
8088
8146
8151
8186
8274
8280
8293
8315
8376
8394
8399
8425
8443
8460
8502
8531
8539
8593
8594
8605
8626
8644
8667
8689
8693
8717
8736
8758
8759
8768
8777
8783
8820
8832
8849
8860
8864
8882
8891
8964
8971
9009
9051
9052
9115
9116
9131
9163
9187
9192
9239
9322
9325
9327
9395
9414
9490
9494
9507
9518
9531
9575
9597
9669
9724
9752
9793
9798
9831
9850
9895
9897
9928
9937
9957
10044
10104
10121
10161
10208
10236
10241
10246
10260
10307
10336
10354
10363
10419
10427
10512
10525
10534
10604
10610
10613
10641
10731
10807
10815
10896
10923
10969
10971
10984
10990
11004
11010
11026
11038
11087
11096
11097
11120
11145
11146
11164
11175
11188
11198
11199
11207
11216
11268
11270
11365
11378
11397
11448
11469
11487
11499
11501
11513
11539
11544
11551
11581
11606
11613
11639
11640
11662
11681
11712
11726
11729
11746
11758
11766
11773
11803
11808
11876
11886
11888
11912
11943
11978
12002
12022
12046
12083
12114
12147
12163
12173
12195
12258
12284
12330
12370
12380
12385
12408
12416
12429
12466
12483
12497
12505
12516
12525
12582
12591
12597
12631
12660
12697
12737
12794
12815
12831
12847
12858
12881
12885
12911
12937
12945
12970
12982
13009
13076
13087
13100
13131
13132
13287
13290
13311
13324
13339
13344
13346
13368
13407
13416
13424
13439
13462
13498
13515
13519
13553
13570
13579
13608
13626
13667
13698
13730
13843
13853
13865
13868
13878
13914
13930
14083
14181
14210
14225
14271
14289
14304
14329
14370
14384
14464
14490
14491
14619
14650
14674
14718
14725
14783
14795
14876
14890
14891
14977
15009
15026
15047
15096
15128
15170
15187
15195
15205
15221
15246
15257
15295
15304
15318
15323
15326
15347
15351
15359
15436
15438
15492
15496
15511
15534
15651
15667
15773
15843
15859
15890
15892
15901
15927
15964
15996
16002
16018
16054
16077
16106
16121
16140
16144
16197
16281
16298
16343
16387
16410
16428
16447
16459
16462
16505
16524
16531
16555
16562
16566
16568
16592
16601
16602
16617
16643
16644
16673
16705
16771
16799
16818
16880
16885
16900
16935
16949
17022
17033
17035
17074
17111
17118
17145
17168
17174
17206
17249
17314
17341
17343
17346
17348
17387
17441
17482
17485
17674
17676
17717
17725
17732
17751
17768
17796
17798
17827
17855
17875
17919
17927
17951
17964
18003
18026
18034
18060
18067
18068
18107
18149
18159
18163
18175
18234
18235
18274
18288
18308
18368
18374
18387
18529
18533
18575
18604
18617
18624
18633
18635
18658
18667
18677
18737
18739
18810
18815
18832
18841
18851
18905
18934
18969
19033
19057
19086
19089
19124
19209
19246
19283
19292
19330
19334
19344
19346
19358
19377
19385
19402
19436
19470
19504
19518
19525
19539
19541
19566
19587
19602
19616
19623
19639
19649
19684
19699
19725
19744
19748
19880
19928
19940
19951
19967
20004
20036
20041
20073
20083
20106
20117
20145
20184
20214
20241
20248
20329
20348
20361
20366
20376
20385
20390
20392
20401
20405
20428
20448
20495
20498
20563
20578
20659
20676
20691
20724
20725
20730
20734
20749
20765
20799
20803
20825
20841
20890
20919
20951
20970
20982
21045
21047
21059
21072
21126
21152
21180
21211
21259
21269
21280
21310
21330
21339
21356
21374
21380
21413
21427
21428
21456
21458
21489
21561
21574
21653
21656
21691
21711
21734
21745
21761
21821
21844
21859
21860
21879
21880
21899
21906
21933
21939
21944
21962
22067
22069
22160
22173
22174
22181
22184
22209
22231
22268
22289
22310
22317
22319
22323
22330
22348
22354
22378
22404
22409
22430
22483
22508
22511
22552
22558
22571
22617
22629
22644
22665
22683
22688
22703
22716
22721
22722
22739
22750
22768
22792
22832
22847
22855
22862
22879
23026
23047
23139
23228
23293
23321
23324
23332
23334
23352
23368
23375
23377
23384
23510
23512
23545
23553
23564
23573
23601
23633
23651
23665
23731
23739
23740
23789
23812
23842
23880
23937
23944
23965
23968
23994
24067
24080
24085
24095
24108
24131
24160
24169
24173
24238
24258
24270
24293
24301
24329
24330
24348
24353
24376
24397
24443
24474
24507
24511
24545
24547
24588
24590
24612
24685
24724
24736
24739
24773
24781
24783
24851
24866
24877
24879
24888
24908
24933
24969
24983
24984
25016
25045
25108
25170
25267
25291
25445
25451
25455
25485
25508
25518
25541
25554
25564
25577
25589
25645
25658
25659
25776
25825
25883
26004
26012
26031
26033
26044
26050
26076
26078
26116
26117
26141
26255
26259
26284
26398
26439
26442
26446
26464
26534
26569
26597
26670
26673
26680
26703
26720
26724
26734
26738
26859
26877
27013
27045
27068
27115
27151
27163
27165
27180
27208
27252
27256
27258
27313
27393
27401
27463
27495
27539
27562
27594
27604
27605
27612
27642
27664
27683
27742
27743
27754
27927
27941
27945
27983
27998
28087
28092
28138
28151
28186
28217
28245
28257
28258
28264
28403
28432
28451
28453
28455
28504
28562
28584
28593
28597
28628
28639
28720
28779
28812
28831
28852
28867
28884
28907
28932
29028
29043
29053
29054
29172
29265
29351
29410
29462
29475
29488
29531
29561
29591
29600
29606
29655
29696
29706
29710
29734
29753
29779
29803
29853
29872
29942
29955
29985
29989
30000
30012
30041
30105
30116
30148
30161
30204
30248
30251
30257
30268
30279
30287
30292
30341
30344
30359
30384
30419
30515
30541
30544
30549
30552
30560
30573
30583
30599
30622
30646
30673
30677
30688
30720
30722
30751
30769
30834
30852
30924
30939
30975
31000
31086
31266
31296
31313
31338
31386
31401
31431
31451
31468
31489
31511
31554
31573
31599
31603
31619
31711
31766
31767
31768
31774
31794
31817
31874
31890
31901
31945
31959
31993
32024
32051
32054
32063
32118
32122
32144
32155
32204
32206
32257
32285
32288
32295
32307
32366
32367
32384
32387
32408
32463
32470
32490
32552
32615
32631
32633
32648
32683
32739
32744
32746
32799
32828
32869
32874
32875
32878
32967
32991
33004
33018
33044
33056
33107
33124
33155
33164
33186
33246
33268
33275
33287
33292
33315
33331
33348
33387
33407
33523
33568
33600
33605
33655
33711
33731
33749
33788
33847
33866
33954
33958
34054
34074
34078
34162
34183
34193
34269
34285
34288
34291
34298
34303
34306
34403
34428
34441
34445
34471
34487
34509
34522
34601
34608
34617
34620
34640
34672
34709
34773
34779
34849
34911
34953
34994
35003
35015
35038
35064
35108
35115
35122
35150
35167
35173
35175
35219
35247
35249
35257
35260
35280
35334
35352
35359
35368
35388
35456
35466
35474
35524
35528
35550
35572
35581
35691
35702
35721
35794
35814
35826
35827
35903
35920
35944
35947
35952
36013
36018
36022
36026
36044
36064
36116
36118
36154
36159
36217
36224
36310
36319
36345
36369
36422
36467
36471
36497
36513
36523
36525
36533
36553
36558
36609
36619
36628
36881
36908
36922
37002
37003
37027
37042
37045
37065
37067
37108
37143
37205
37272
37297
37346
37358
37471
37472
37479
37492
37522
37544
37545
37559
37597
37614
37694
37712
37748
37762
37823
37850
37908
37921
37958
38000
38062
38106
38109
38137
38161
38189
38207
38266
38306
38307
38324
38341
38360
38361
38375
38426
38439
38449
38452
38463
38481
38524
38684
38752
38754
38795
38797
38799
38813
38873
38885
38959
39014
39054
39115
39260
39303
39329
39330
39337
39385
39410
39418
39422
39436
39463
39479
39492
39552
39563
39655
39666
39727
39757
39784
39858
39903
39955
-1
