14
55
57
99
121
146
169
196
204
231
241
281
304
330
366
399
404
408
410
419
473
499
504
509
510
520
539
547
557
564
592
594
595
621
773
781
790
844
908
926
957
987
991
1102
1112
1128
1141
1179
1210
1223
1264
1322
1391
1455
1492
1519
1547
1549
1550
1569
1596
1609
1621
1622
1632
1673
1711
1713
1767
1793
1798
1871
1881
1900
1923
1938
1962
1963
2094
2170
2184
2212
2261
2325
2406
2407
2530
2555
2655
2717
2765
2767
2771
2775
2780
2781
2801
2842
2848
2862
2921
2928
2942
2945
2964
2969
2972
2987
3068
3081
3152
3201
3210
3221
3225
3229
3279
3332
3353
3356
3377
3380
3391
3447
3457
3479
3543
3548
3588
3633
3644
3653
3709
3729
3744
3755
3781
3816
3819
3854
3859
3873
3885
3957
3974
3991
3994
4012
4082
4090
4091
4121
4134
4199
4239
4283
4321
4337
4375
4391
4423
4456
4528
4532
4582
4622
4631
4666
4690
4701
4712
4718
4730
4736
4750
4781
4824
4850
4937
4982
5044
5073
5108
5140
5153
5174
5207
5252
5312
5315
5448
5465
5498
5501
5507
5526
5627
5714
5724
5757
5777
5780
5782
5788
5802
5804
5814
5818
5832
5854
5855
5872
5873
5892
5903
5947
5967
5978
5991
6004
6034
6066
6081
6163
6169
6170
6248
6290
6297
6307
6396
6437
6472
6501
6512
6554
6570
6648
6702
6747
6763
6772
6779
6782
6798
6800
6807
6808
6830
6836
6901
6907
6922
6927
6929
6935
6941
6972
6993
7048
7055
7069
7115
7139
7153
7172
7186
7188
7253
7263
7321
7337
7352
7361
7364
7393
7483
7487
7500
7501
7519
7532
7562
7569
7573
7578
7603
7610
7615
7634
7720
7741
7776
7800
7845
7866
7873
7973
7979
7981
8057
8109
8144
8185
8257
8262
8273
8274
8368
8387
8415
8440
8453
8473
8497
8620
8666
8670
8672
8685
8721
8823
8832
8841
8888
8901
8912
8918
8950
8974
9012
9022
9036
9057
9136
9205
9267
9273
9355
9364
9379
9402
9409
9549
9589
9615
9623
9624
9625
9698
9740
9766
9788
9794
9826
9840
9858
9871
9903
9906
9921
9944
9979
9982
10010
10081
10099
10103
10139
10150
10182
10184
10248
10267
10337
10368
10379
10391
10445
10514
10565
10635
10638
10680
10704
10710
10751
10758
10795
10800
10864
10898
10957
10994
11001
11003
11005
11017
11028
11029
11042
11070
11105
11125
11158
11164
11171
11175
11177
11212
11229
11251
11273
11281
11296
11367
11401
11444
11447
11462
11502
11531
11542
11550
11641
11665
11672
11686
11694
11697
11710
11713
11733
11742
11746
11817
11873
11896
11940
11941
11969
11973
12053
12055
12075
12092
12108
12111
12140
12181
12185
12278
12317
12336
12342
12419
12424
12456
12497
12512
12527
12541
12630
12647
12648
12666
12667
12692
12716
12722
12735
12744
12775
12781
12782
12812
12840
12869
12896
12900
12922
12946
12947
12949
12960
13035
13117
13161
13169
13181
13201
13246
13284
13285
13363
13413
13427
13460
13483
13516
13533
13547
13559
13569
13606
13723
13775
13818
13837
13838
13842
13923
13941
13943
13955
13957
13966
13989
14071
14107
14112
14125
14204
14226
14256
14257
14310
14316
14339
14359
14369
14376
14408
14419
14452
14465
14523
14555
14596
14607
14667
14675
14715
14736
14741
14826
14844
14854
14863
14877
14894
14908
14918
14924
14929
14949
15079
15097
15104
15149
15197
15200
15234
15267
15324
15379
15449
15467
15477
15478
15484
15512
15518
15548
15571
15605
15608
15616
15632
15732
15766
15770
15837
15886
15893
15971
15996
16000
16017
16142
16169
16303
16316
16327
16346
16376
16386
16404
16424
16463
16492
16520
16526
16560
16565
16619
16714
16724
16765
16808
16833
16838
16906
16910
16927
16956
17022
17032
17081
17101
17119
17121
17138
17156
17164
17204
17256
17261
17282
17286
17301
17363
17373
17392
17449
17509
17534
17597
17623
17655
17705
17712
17727
17767
17800
17842
17856
17884
17908
17914
17960
18007
18028
18066
18079
18088
18103
18113
18247
18252
18281
18302
18370
18392
18407
18411
18436
18451
18535
18538
18540
18601
18609
18620
18633
18641
18652
18682
18713
18791
18816
18826
18896
18907
18918
18961
18969
19038
19064
19075
19085
19127
19169
19177
19203
19204
19207
19221
19249
19287
19297
19329
19415
19430
19440
19464
19476
19490
19580
19608
19666
19692
19698
19709
19714
19736
19922
19949
20057
20087
20179
20195
20207
20210
20233
20236
20244
20266
20281
20386
20395
20406
20434
20440
20462
20518
20519
20593
20621
20634
20639
20654
20687
20713
20735
20769
20802
20814
20819
20858
20910
20933
20947
20963
20965
20995
21021
21044
21074
21086
21089
21100
21105
21150
21191
21204
21273
21329
21391
21406
21513
21519
21531
21544
21611
21681
21686
21694
21707
21714
21732
21764
21772
21779
21788
21789
21822
21867
21884
21897
21903
21932
21947
22014
22016
22058
22059
22070
22119
22121
22146
22163
22191
22240
22260
22291
22313
22371
22394
22399
22404
22430
22466
22609
22659
22682
22716
22727
22733
22747
22781
22833
22851
22901
23004
23020
23022
23034
23039
23080
23084
23125
23132
23139
23147
23233
23255
23265
23281
23286
23326
23416
23434
23441
23467
23495
23534
23540
23630
23640
23690
23710
23714
23723
23729
23733
23735
23766
23805
23830
23847
23884
23920
23991
24003
24047
24082
24099
24109
24112
24183
24228
24256
24308
24314
24322
24370
24407
24468
24475
24481
24494
24532
24533
24536
24559
24561
24696
24768
24771
24788
24832
24858
24930
24971
24973
24991
25000
25020
25029
25030
25082
25093
25114
25138
25142
25211
25240
25265
25276
25280
25301
25302
25314
25334
25342
25349
25374
25378
25423
25477
25557
25611
25613
25615
25651
25672
25681
25712
25719
25734
25743
25744
25844
25863
25882
25886
25920
25967
25980
25991
26019
26023
26034
26037
26052
26070
26082
26087
26093
26096
26180
26187
26206
26218
26222
26225
26237
26251
26254
26274
26282
26285
26296
26302
26304
26348
26353
26358
26377
26398
26437
26450
26514
26526
26534
26564
26573
26585
26593
26604
26610
26626
26644
26651
26670
26683
26719
26763
26765
26773
26808
26864
26881
26904
26910
26916
26992
27125
27130
27204
27238
27294
27314
27341
27357
27359
27378
27457
27479
27487
27508
27516
27536
27562
27576
27592
27641
27665
27702
27713
27746
27804
27812
27817
27839
27863
27877
27879
27906
27916
27944
27957
28018
28029
28059
28063
28087
28112
28122
28135
28145
28162
28190
28215
28223
28247
28279
28346
28369
28420
28456
28464
28465
28508
28539
28552
28574
28633
28646
28669
28674
28703
28704
28709
28715
28717
28799
28806
28831
28850
28864
28884
28982
29006
29007
29080
29088
29090
29194
29212
29229
29232
29235
29260
29278
29292
29299
29308
29450
29486
29499
29564
29571
29600
29631
29700
29727
29732
29741
29746
29773
29803
29804
29833
29917
29944
29958
29975
29977
29997
30002
30032
30041
30095
30097
30131
30138
30248
30283
30289
30303
30323
30341
30348
30362
30414
30431
30452
30458
30560
30639
30665
30666
30691
30780
30823
30837
30897
30950
30963
30977
31061
31062
31072
31073
31119
31176
31203
31220
31225
31234
31258
31268
31344
31353
31372
31375
31377
31401
31407
31494
31589
31606
31612
31625
31677
31707
31729
31747
31749
31756
31780
31812
31858
31889
31963
31992
31995
31996
32026
32058
32114
32117
32136
32142
32149
32169
32196
32203
32235
32244
32304
32322
32391
32400
32473
32484
32508
32587
32596
32606
32610
32631
32635
32640
32643
32655
32700
32701
32710
32753
32767
32801
32840
32842
32855
32865
32868
32875
32887
32897
32940
33015
33040
33063
33097
33165
33232
33261
33295
33342
33360
33362
33409
33443
33477
33492
33500
33656
33662
33748
33754
33768
33786
33848
33861
33866
33868
33871
33877
33878
33905
33927
33936
33970
34010
34028
34044
34065
34084
34109
34150
34215
34225
34240
34250
34259
34285
34294
34303
34306
34370
34390
34408
34419
34473
34485
34536
34542
34552
34584
34585
34631
34640
34673
34711
34785
34806
34855
34879
35006
35013
35016
35055
35062
35069
35137
35157
35160
35161
35170
35201
35247
35275
35358
35460
35466
35484
35489
35510
35514
35526
35552
35575
35610
35624
35634
35646
35659
35666
35707
35744
35787
35819
35826
35834
35843
35877
35960
36001
36027
36044
36072
36094
36112
36118
36124
36129
36134
36158
36171
36263
36274
36319
36359
36381
36407
36418
36427
36434
36436
36492
36510
36532
36549
36551
36586
36615
36648
36652
36664
36669
36690
36701
36736
36745
36748
36787
36801
36816
36819
36820
36823
36829
36843
36861
36871
36969
36976
36978
36997
37051
37110
37150
37206
37237
37263
37299
37303
37324
37370
37372
37403
37432
37435
37505
37512
37519
37539
37595
37622
37645
37656
37680
37681
37698
37718
37725
37750
37773
37848
37904
37906
37916
37919
37951
37963
38013
38112
38134
38149
38154
38157
38212
38236
38253
38255
38280
38300
38326
38348
38351
38369
38381
38401
38406
38408
38409
38420
38432
38450
38467
38469
38478
38479
38558
38559
38588
38592
38634
38661
38719
38791
38834
38866
38867
38884
38977
39005
39055
39062
39104
39117
39123
39126
39175
39190
39217
39241
39268
39290
39339
39377
39382
39434
39452
39514
39520
39554
39565
39596
39611
39616
39700
39736
39782
39810
39834
39853
39858
39859
39904
39923
39938
39952
39962
39971
39985
39993
-1
