16
18
32
40
71
74
79
166
184
186
282
302
339
452
459
463
485
577
615
629
655
693
705
720
725
752
769
778
789
806
819
889
892
901
915
921
991
996
1003
1091
1232
1249
1262
1344
1361
1367
1409
1444
1474
1485
1521
1547
1667
1679
1685
1700
1702
1708
1790
1806
1828
1847
1903
1919
1938
1966
1972
2008
2025
2080
2094
2114
2121
2138
2149
2208
2264
2309
2313
2315
2321
2329
2354
2366
2378
2436
2494
2599
2659
2679
2708
2716
2719
2755
2763
2764
2811
2835
2918
2938
2944
2946
2976
3004
3024
3030
3045
3061
3064
3075
3103
3110
3112
3198
3217
3225
3229
3252
3317
3330
3350
3380
3442
3495
3508
3531
3653
3722
3724
3778
3866
3898
3945
3987
4006
4026
4075
4085
4095
4143
4164
4177
4242
4263
4302
4335
4343
4352
4362
4366
4407
4451
4461
4482
4558
4577
4591
4609
4623
4663
4671
4742
4746
4770
4800
4810
4848
4865
4867
4875
4884
4905
5038
5039
5044
5077
5087
5092
5125
5151
5196
5220
5256
5270
5338
5347
5352
5357
5376
5390
5428
5449
5450
5504
5539
5594
5600
5613
5619
5627
5632
5664
5720
5746
5749
5767
5782
5790
5810
5840
5860
5891
5953
6002
6016
6059
6091
6100
6124
6254
6257
6263
6273
6282
6292
6313
6349
6371
6375
6378
6413
6442
6446
6467
6512
6533
6571
6585
6590
6596
6615
6626
6660
6672
6691
6708
6732
6755
6773
6781
6782
6829
6902
6903
6944
6963
7050
7242
7254
7261
7268
7282
7294
7310
7318
7333
7357
7390
7407
7422
7480
7520
7554
7558
7569
7599
7603
7607
7622
7664
7682
7697
7776
7801
7805
7875
7887
7980
8002
8018
8082
8106
8163
8177
8195
8211
8235
8282
8299
8323
8336
8355
8390
8437
8471
8495
8517
8591
8614
8623
8624
8634
8635
8659
8673
8707
8757
8762
8792
8794
8813
8819
8842
8918
8930
8935
9008
9047
9103
9178
9185
9212
9220
9226
9230
9233
9237
9275
9317
9331
9373
9460
9461
9515
9519
9562
9571
9627
9636
9725
9739
9775
9792
9793
9817
9854
9875
9895
9942
9961
9971
10006
10043
10077
10099
10132
10152
10156
10175
10200
10227
10230
10253
10271
10280
10314
10345
10350
10355
10360
10372
10378
10418
10442
10447
10448
10536
10550
10557
10562
10607
10618
10643
10745
10769
10782
10803
10833
10853
10915
10960
10983
11013
11035
11068
11170
11181
11248
11258
11291
11302
11330
11359
11430
11451
11546
11561
11564
11573
11615
11647
11775
11827
11833
11875
11917
11925
11929
12063
12087
12212
12240
12321
12361
12378
12430
12449
12462
12465
12480
12486
12492
12512
12519
12531
12561
12572
12576
12582
12590
12592
12649
12669
12689
12734
12745
12769
12778
12828
12834
12847
12853
12861
12890
12921
12962
12979
12985
12993
12997
13013
13026
13072
13126
13209
13244
13245
13270
13289
13367
13371
13400
13411
13443
13481
13506
13543
13547
13571
13619
13639
13707
13717
13721
13732
13746
13802
13810
13847
13874
13888
13929
13941
13947
14066
14159
14166
14170
14177
14212
14243
14309
14333
14382
14390
14451
14452
14457
14492
14506
14521
14539
14596
14597
14628
14639
14655
14693
14720
14729
14819
14846
14848
14944
15018
15037
15054
15104
15138
15158
15166
15176
15187
15211
15234
15256
15284
15287
15348
15410
15427
15461
15469
15485
15505
15524
15537
15539
15568
15572
15609
15629
15636
15637
15708
15709
15742
15789
15801
15811
15846
15847
15850
15935
15959
15960
15985
16039
16056
16066
16197
16200
16230
16233
16260
16284
16290
16315
16362
16372
16425
16432
16461
16492
16570
16604
16655
16658
16724
16763
16768
16777
16788
16801
16806
16835
16845
16863
16890
16900
16902
16934
16945
16948
16971
16975
16981
17010
17020
17056
17107
17127
17157
17178
17200
17263
17286
17295
17299
17330
17332
17341
17393
17397
17399
17427
17473
17478
17520
17523
17541
17573
17586
17611
17694
17709
17718
17770
17785
17803
17833
17835
17866
17872
17976
17989
18034
18054
18056
18069
18077
18089
18097
18130
18146
18157
18227
18232
18241
18251
18261
18266
18281
18354
18365
18383
18470
18476
18510
18531
18534
18543
18577
18590
18614
18645
18676
18700
18717
18732
18738
18756
18770
18781
18792
18861
18891
18937
18945
18963
18964
18996
19007
19009
19024
19051
19067
19092
19122
19123
19145
19176
19180
19210
19246
19254
19300
19323
19337
19351
19353
19380
19410
19479
19510
19564
19593
19597
19601
19605
19646
19664
19732
19735
19738
19744
19770
19808
19824
19828
19831
19884
19938
19942
19980
20052
20058
20099
20116
20173
20181
20202
20211
20241
20295
20317
20333
20344
20345
20355
20399
20413
20415
20417
20421
20441
20460
20482
20488
20514
20551
20567
20633
20648
20738
20754
20784
20813
20821
20871
20887
20899
20969
20978
21052
21056
21168
21210
21212
21217
21281
21287
21383
21411
21425
21429
21446
21448
21456
21476
21483
21493
21506
21518
21562
21633
21643
21671
21720
21730
21769
21771
21783
21805
21827
21864
21866
21875
21880
21928
21939
21947
21957
21959
21969
21973
22016
22020
22031
22046
22070
22080
22121
22184
22226
22247
22250
22264
22300
22317
22347
22376
22377
22394
22399
22411
22491
22531
22555
22558
22572
22592
22600
22638
22693
22714
22743
22767
22771
22795
22813
22824
22850
22855
22861
22862
22893
22917
22985
23004
23073
23120
23144
23160
23165
23191
23237
23253
23286
23313
23340
23345
23396
23451
23454
23461
23465
23485
23489
23517
23543
23607
23707
23727
23750
23756
23804
23844
23859
23866
23871
23943
23946
23972
23987
24008
24029
24037
24048
24062
24077
24127
24154
24253
24303
24351
24359
24394
24419
24456
24457
24556
24561
24577
24585
24607
24631
24641
24675
24685
24692
24730
24748
24749
24788
24916
24937
24938
24965
24968
24979
24983
24988
25019
25036
25051
25091
25108
25119
25145
25146
25150
25154
25177
25186
25212
25242
25254
25300
25359
25360
25389
25506
25535
25625
25682
25685
25707
25713
25759
25770
25800
25833
25835
25847
25856
25868
25907
25926
25950
25993
26081
26094
26138
26181
26200
26246
26314
26360
26371
26437
26446
26506
26600
26634
26703
26728
26807
26816
26863
26878
26948
26980
27089
27143
27158
27159
27188
27194
27196
27258
27275
27279
27301
27308
27322
27328
27364
27369
27370
27383
27384
27412
27417
27438
27447
27482
27485
27500
27514
27519
27551
27557
27573
27599
27613
27627
27653
27661
27765
27772
27782
27784
27785
27788
27796
27823
27840
27842
27849
27867
27924
27951
28023
28059
28112
28146
28173
28194
28204
28207
28236
28297
28313
28317
28336
28349
28360
28438
28439
28449
28450
28495
28496
28508
28510
28515
28521
28573
28613
28658
28667
28709
28736
28755
28757
28799
28946
28961
28987
28989
29026
29053
29089
29090
29122
29142
29180
29181
29187
29233
29249
29261
29288
29298
29308
29334
29337
29340
29347
29356
29364
29367
29382
29391
29400
29433
29440
29457
29458
29460
29483
29509
29510
29521
29591
29626
29629
29684
29689
29799
29835
29895
29912
29916
29922
29959
29977
29985
30001
30023
30028
30029
30031
30058
30086
30096
30123
30126
30137
30162
30168
30184
30215
30248
30288
30295
30313
30338
30361
30366
30383
30399
30444
30478
30507
30545
30556
30574
30618
30625
30627
30658
30669
30701
30749
30849
30863
30884
30896
30922
31014
31015
31031
31040
31067
31100
31102
31154
31160
31278
31317
31360
31408
31426
31437
31448
31456
31462
31476
31480
31490
31509
31553
31600
31607
31631
31656
31662
31681
31685
31801
31829
31846
31911
31924
31930
31958
31979
31999
32029
32039
32079
32129
32170
32201
32214
32248
32256
32259
32266
32267
32271
32312
32344
32351
32401
32426
32433
32485
32525
32595
32600
32604
32626
32635
32687
32695
32774
32783
32809
32857
32858
32868
32886
32932
32948
32953
33048
33137
33179
33226
33285
33309
33332
33446
33502
33532
33558
33560
33562
33618
33635
33646
33683
33684
33709
33716
33735
33758
33792
33817
33822
33832
33844
33851
33868
33897
33962
33975
33992
34028
34043
34121
34143
34151
34188
34193
34303
34312
34390
34474
34500
34511
34512
34519
34527
34535
34540
34557
34597
34617
34643
34668
34694
34746
34786
34810
34811
34832
34848
34851
34896
34912
34919
34931
34941
34957
35013
35028
35046
35052
35073
35106
35130
35136
35192
35200
35307
35346
35378
35383
35403
35436
35481
35482
35539
35583
35586
35617
35656
35679
35700
35703
35749
35762
35765
35771
35795
35865
35979
35999
36004
36011
36027
36029
36041
36098
36140
36149
36230
36252
36278
36282
36342
36350
36354
36365
36378
36436
36452
36467
36473
36514
36553
36609
36720
36724
36743
36748
36758
36779
36784
36838
36913
36961
36971
36987
36988
37007
37028
37109
37119
37193
37201
37224
37241
37299
37375
37379
37483
37484
37522
37523
37532
37603
37618
37657
37667
37692
37696
37713
37821
37844
37974
38011
38022
38051
38061
38062
38071
38100
38161
38177
38260
38302
38309
38337
38370
38400
38476
38481
38522
38565
38633
38636
38707
38729
38743
38753
38763
38790
38795
38816
38820
38825
38850
38853
38871
38879
38901
38902
38928
38947
38982
38985
39054
39056
39085
39091
39098
39101
39112
39114
39130
39208
39215
39328
39361
39364
39370
39418
39425
39484
39532
39543
39559
39576
39612
39654
39655
39697
39762
39849
39862
39884
39890
39909
39952
39963
-1
