21
23
36
50
80
97
98
134
260
265
279
297
357
389
425
456
471
521
527
541
555
576
579
598
602
620
630
645
744
751
764
777
802
836
840
888
889
913
978
1009
1045
1070
1076
1120
1121
1132
1156
1199
1210
1213
1319
1333
1380
1386
1393
1407
1475
1499
1500
1502
1521
1526
1596
1602
1605
1664
1686
1755
1809
1815
1847
1862
1881
1954
1991
1993
1994
2040
2052
2094
2137
2156
2197
2219
2264
2323
2354
2447
2485
2504
2517
2533
2617
2648
2669
2694
2704
2719
2747
2820
2842
2925
2948
2976
2978
3022
3033
3065
3090
3136
3151
3164
3193
3270
3279
3359
3380
3395
3402
3410
3427
3442
3460
3466
3471
3561
3643
3666
3696
3708
3740
3762
3804
3809
3811
3815
3818
3824
3912
3916
3919
3928
3989
4033
4043
4111
4118
4163
4167
4185
4187
4193
4198
4199
4262
4270
4272
4291
4313
4369
4382
4418
4469
4474
4511
4561
4586
4651
4656
4667
4706
4712
4736
4762
4844
4866
4877
4909
4997
5012
5031
5059
5121
5123
5131
5156
5191
5196
5211
5242
5284
5301
5313
5336
5429
5435
5444
5456
5504
5515
5526
5541
5619
5642
5662
5701
5718
5744
5756
5782
5850
5878
5890
5895
5903
5914
5915
5928
5950
5954
6026
6064
6166
6174
6229
6258
6276
6308
6332
6357
6445
6527
6537
6560
6576
6603
6622
6636
6654
6703
6720
6727
6738
6762
6775
6776
6812
6829
6834
6859
6888
6890
6931
6943
6986
6992
6993
6994
7005
7063
7140
7143
7160
7163
7178
7183
7215
7317
7338
7346
7369
7388
7396
7405
7456
7472
7543
7558
7641
7671
7752
7784
7809
7841
7926
7940
8050
8053
8069
8129
8150
8152
8153
8211
8245
8274
8295
8300
8365
8374
8387
8417
8421
8446
8470
8473
8533
8544
8603
8653
8662
8676
8740
8742
8747
8769
8811
8853
8902
8978
8997
9027
9041
9055
9057
9060
9135
9145
9156
9164
9188
9208
9223
9304
9308
9335
9347
9357
9380
9381
9427
9438
9455
9505
9519
9526
9547
9562
9601
9617
9649
9706
9836
9883
9888
9948
9996
10135
10143
10162
10187
10218
10224
10407
10446
10495
10541
10551
10557
10589
10641
10652
10662
10666
10696
10723
10752
10759
10787
10800
10806
10835
10873
10881
10898
10906
10922
10973
10974
10998
11001
11004
11006
11044
11066
11067
11102
11137
11147
11175
11193
11226
11268
11270
11291
11300
11346
11420
11438
11454
11470
11481
11487
11491
11500
11578
11593
11633
11659
11710
11712
11728
11741
11742
11759
11772
11789
11838
11846
11870
11882
11915
11958
12023
12073
12092
12099
12127
12175
12180
12246
12303
12319
12344
12348
12396
12456
12461
12470
12510
12512
12549
12633
12699
12715
12790
12797
12840
12868
12959
12998
12999
13024
13029
13038
13048
13055
13067
13074
13077
13103
13119
13186
13196
13197
13218
13278
13315
13318
13333
13355
13364
13457
13492
13496
13547
13555
13571
13573
13576
13609
13612
13646
13652
13758
13765
13774
13788
13801
13807
13816
13835
13858
13881
13909
13931
13942
14016
14023
14048
14074
14097
14108
14119
14147
14190
14196
14241
14249
14293
14299
14304
14309
14399
14438
14445
14463
14558
14565
14570
14616
14628
14680
14701
14719
14757
14767
14772
14788
14793
14796
14857
14889
14980
14990
15001
15006
15010
15026
15040
15070
15072
15134
15135
15152
15173
15203
15218
15242
15249
15283
15330
15350
15435
15469
15496
15503
15505
15512
15520
15549
15574
15613
15631
15633
15637
15640
15663
15683
15687
15717
15724
15750
15758
15792
15816
15843
15910
15931
15962
16023
16033
16085
16106
16123
16134
16203
16204
16207
16224
16235
16249
16265
16268
16395
16437
16469
16471
16479
16490
16541
16568
16572
16574
16581
16656
16694
16708
16713
16733
16828
16880
16886
16895
16908
16957
17020
17044
17047
17048
17089
17131
17141
17160
17188
17203
17209
17245
17258
17267
17312
17335
17344
17354
17425
17439
17454
17484
17495
17531
17537
17622
17651
17654
17659
17674
17697
17705
17716
17722
17741
17748
17794
17804
17807
17817
17821
17825
17890
17914
18020
18023
18044
18077
18104
18105
18133
18153
18161
18186
18212
18292
18309
18313
18350
18352
18354
18454
18457
18520
18523
18531
18555
18589
18615
18632
18668
18677
18691
18700
18705
18729
18746
18770
18781
18819
18866
18942
18943
18950
18962
18984
19005
19015
19044
19061
19078
19094
19167
19201
19226
19227
19270
19321
19414
19439
19464
19495
19502
19562
19581
19621
19693
19717
19755
19920
19953
19976
19977
19984
20006
20043
20066
20116
20148
20190
20206
20244
20270
20286
20320
20328
20383
20450
20477
20559
20565
20575
20610
20627
20722
20724
20727
20769
20790
20803
20835
20869
20872
20911
20924
20948
20958
20963
20997
21002
21012
21013
21017
21020
21038
21076
21085
21115
21117
21154
21166
21194
21226
21245
21246
21286
21327
21336
21383
21438
21456
21481
21496
21507
21514
21582
21586
21640
21674
21689
21714
21759
21786
21858
21922
21991
21994
22013
22041
22063
22129
22204
22210
22294
22299
22312
22326
22345
22352
22360
22397
22423
22446
22450
22455
22498
22576
22590
22650
22668
22767
22792
22810
22831
22842
22877
22905
22925
22937
22965
22975
22991
23021
23038
23062
23068
23075
23093
23100
23104
23147
23166
23180
23182
23199
23249
23264
23270
23297
23360
23364
23403
23409
23441
23443
23526
23593
23601
23608
23628
23650
23697
23766
23790
23859
23923
23984
24027
24042
24130
24146
24160
24172
24175
24179
24198
24220
24243
24288
24330
24344
24352
24375
24383
24401
24404
24514
24547
24600
24613
24658
24705
24719
24723
24790
24816
24819
24872
24893
24901
24924
24983
25067
25116
25168
25182
25211
25221
25253
25282
25284
25298
25331
25332
25337
25343
25360
25377
25380
25410
25419
25552
25581
25608
25625
25642
25675
25695
25696
25697
25758
25804
25874
25934
26016
26027
26029
26045
26200
26203
26259
26290
26292
26324
26329
26360
26367
26383
26385
26472
26493
26517
26518
26561
26572
26605
26614
26656
26673
26684
26702
26749
26757
26801
26884
26896
26916
26917
26963
26995
27026
27037
27112
27123
27147
27152
27197
27216
27257
27296
27319
27391
27421
27423
27451
27456
27457
27458
27472
27512
27541
27585
27604
27649
27670
27695
27719
27723
27785
27799
27811
27838
27842
27853
27869
27870
27921
27944
27984
27998
28012
28055
28076
28090
28091
28110
28134
28141
28143
28160
28194
28208
28213
28271
28279
28297
28314
28359
28397
28425
28442
28443
28452
28473
28479
28488
28501
28506
28562
28565
28594
28626
28627
28642
28655
28668
28676
28696
28719
28746
28753
28769
28780
28808
28830
28840
28856
28867
28944
28953
29000
29008
29017
29019
29022
29033
29053
29054
29158
29171
29205
29207
29280
29306
29362
29371
29392
29393
29414
29467
29468
29487
29501
29549
29593
29640
29663
29682
29694
29756
29794
29797
29812
29856
29899
29919
29944
29978
30051
30072
30073
30098
30113
30114
30155
30156
30184
30220
30272
30278
30315
30325
30328
30360
30369
30397
30457
30481
30531
30535
30609
30622
30683
30702
30707
30710
30713
30789
30812
30851
30859
30877
30924
31080
31085
31087
31111
31171
31202
31210
31246
31292
31376
31527
31565
31568
31612
31633
31686
31715
31716
31742
31827
31834
31861
31864
31875
31884
31961
31971
31994
32039
32064
32070
32101
32126
32145
32164
32170
32189
32215
32239
32255
32257
32271
32278
32295
32316
32331
32355
32375
32383
32391
32398
32404
32444
32488
32506
32509
32521
32534
32612
32625
32634
32719
32730
32758
32764
32780
32793
32853
32917
32927
32947
32948
32979
32985
33006
33042
33045
33047
33073
33089
33102
33171
33215
33244
33289
33337
33346
33353
33390
33451
33468
33470
33478
33499
33503
33549
33590
33600
33603
33647
33664
33729
33731
33788
33790
33794
33807
33829
33834
33843
33878
33883
33933
33957
34014
34038
34055
34109
34112
34113
34115
34132
34136
34139
34143
34145
34192
34235
34294
34315
34375
34396
34412
34430
34441
34503
34524
34530
34539
34603
34624
34625
34684
34690
34695
34700
34723
34793
34816
34865
34882
34891
34907
34924
35019
35051
35054
35055
35092
35120
35126
35164
35212
35213
35221
35223
35232
35269
35282
35293
35313
35316
35345
35406
35441
35455
35460
35468
35482
35568
35622
35653
35661
35692
35718
35743
35806
35813
35881
35910
35960
36038
36075
36081
36090
36092
36122
36126
36172
36195
36263
36269
36309
36334
36356
36377
36388
36395
36439
36489
36491
36509
36519
36547
36554
36562
36582
36619
36622
36629
36644
36651
36658
36665
36677
36684
36703
36705
36727
36733
36752
36755
36759
36773
36812
36843
36846
36902
36976
36986
37013
37060
37066
37070
37083
37136
37170
37356
37396
37473
37511
37529
37560
37579
37589
37591
37609
37749
37752
37764
37799
37807
37813
37848
37861
37872
37884
37941
37985
38006
38089
38107
38112
38177
38185
38212
38221
38269
38278
38287
38306
38307
38315
38337
38367
38386
38445
38448
38458
38464
38475
38476
38520
38523
38542
38566
38570
38575
38578
38579
38611
38612
38616
38635
38636
38678
38684
38699
38735
38829
38850
38856
38899
38909
38922
38954
38958
38963
38968
38985
38990
39019
39068
39082
39099
39137
39162
39170
39178
39201
39231
39242
39272
39287
39327
39381
39398
39415
39432
39548
39589
39592
39605
39633
39660
39672
39675
39709
39734
39767
39848
-1
