12
40
43
63
65
67
72
126
128
178
211
241
255
279
316
326
377
413
486
494
507
517
577
595
600
601
605
610
615
652
720
765
779
854
861
862
903
907
917
954
979
1015
1026
1040
1049
1059
1063
1075
1144
1192
1199
1205
1220
1224
1229
1269
1320
1359
1383
1391
1405
1409
1418
1436
1457
1462
1484
1569
1576
1622
1677
1680
1688
1725
1731
1735
1807
1821
1835
1843
1852
1874
1881
1942
1951
1971
1979
2104
2126
2182
2392
2399
2498
2529
2682
2687
2716
2727
2729
2747
2784
2787
2790
2818
2865
2873
2885
2921
2927
2958
2965
2982
3001
3110
3149
3224
3254
3290
3302
3304
3325
3465
3483
3501
3518
3521
3526
3536
3561
3585
3598
3605
3616
3633
3634
3655
3669
3686
3808
3818
3822
3835
3871
3873
3876
3887
3920
3948
3975
4026
4031
4046
4119
4127
4140
4147
4212
4232
4283
4310
4314
4371
4394
4476
4479
4515
4574
4575
4630
4666
4740
4752
4764
4765
4815
4818
4851
4853
4869
4875
4934
4945
5029
5068
5081
5096
5113
5114
5122
5125
5148
5239
5257
5267
5302
5306
5312
5314
5315
5322
5357
5365
5403
5491
5532
5548
5563
5577
5590
5611
5630
5648
5695
5697
5723
5773
5777
5793
5835
5888
5894
5899
5945
5968
5969
5973
6023
6042
6053
6059
6108
6131
6146
6148
6180
6220
6259
6260
6289
6291
6307
6315
6336
6341
6412
6418
6420
6453
6478
6558
6587
6596
6643
6648
6692
6722
6808
6823
6839
6841
6860
6872
6874
6875
6880
6900
6941
6945
6946
6978
6980
7019
7046
7060
7063
7074
7100
7114
7183
7189
7191
7247
7272
7281
7304
7350
7357
7397
7476
7487
7488
7496
7525
7590
7603
7609
7620
7630
7648
7649
7680
7700
7772
7805
7810
7844
7847
7861
7870
7880
7907
7923
7941
7942
7962
7995
7999
8044
8079
8104
8117
8180
8211
8256
8275
8309
8316
8347
8373
8387
8391
8398
8406
8444
8479
8526
8534
8549
8611
8661
8672
8699
8706
8709
8786
8789
8794
8816
8924
9025
9047
9052
9094
9095
9098
9116
9149
9199
9211
9235
9297
9306
9319
9358
9388
9409
9470
9511
9527
9530
9573
9584
9613
9644
9646
9661
9670
9687
9695
9738
9739
9751
9754
9769
9774
9837
9880
9905
9927
9934
9956
10041
10042
10044
10076
10098
10119
10123
10133
10143
10157
10164
10194
10197
10201
10248
10255
10268
10319
10326
10383
10405
10416
10423
10446
10488
10495
10497
10517
10568
10613
10621
10623
10662
10685
10696
10788
10833
10853
10858
10911
10919
10922
10932
11034
11044
11063
11116
11170
11184
11198
11208
11222
11235
11270
11327
11332
11336
11381
11417
11426
11429
11432
11467
11523
11537
11550
11605
11606
11608
11616
11617
11622
11719
11743
11814
11836
11858
11926
11928
12005
12057
12123
12158
12212
12230
12237
12260
12265
12338
12342
12428
12468
12473
12490
12514
12521
12524
12550
12557
12559
12564
12574
12577
12610
12619
12623
12635
12673
12687
12718
12724
12732
12767
12781
12808
12809
12859
12917
12936
12958
13051
13053
13061
13112
13131
13139
13144
13154
13190
13239
13263
13278
13363
13382
13435
13445
13449
13481
13482
13490
13604
13636
13643
13670
13672
13720
13739
13761
13768
13902
13913
13926
14020
14047
14068
14114
14146
14152
14155
14161
14198
14214
14228
14308
14330
14370
14396
14405
14426
14440
14458
14469
14515
14538
14576
14646
14651
14653
14654
14667
14713
14737
14738
14777
14785
14796
14808
14850
14892
14933
14953
15006
15017
15038
15059
15111
15123
15164
15197
15208
15209
15298
15300
15316
15449
15496
15506
15516
15552
15595
15643
15669
15683
15750
15782
15820
15831
15852
15885
15916
15933
15942
16010
16016
16020
16052
16066
16081
16093
16144
16152
16167
16226
16264
16308
16322
16326
16352
16358
16370
16383
16401
16406
16425
16432
16461
16486
16579
16594
16666
16754
16780
16866
16878
16886
16914
16915
17045
17066
17081
17094
17154
17171
17187
17199
17208
17232
17234
17243
17266
17274
17318
17376
17394
17415
17489
17504
17522
17529
17554
17690
17753
17798
17810
17838
17860
17869
17874
17902
17955
17960
17973
17977
18051
18074
18150
18172
18173
18251
18303
18327
18357
18358
18381
18405
18408
18409
18416
18435
18446
18447
18558
18579
18647
18672
18684
18686
18695
18741
18746
18820
18876
18879
18952
18997
19019
19033
19086
19133
19185
19241
19256
19283
19305
19336
19344
19406
19420
19488
19524
19527
19562
19589
19618
19651
19688
19714
19747
19775
19815
19826
19835
19837
19852
19871
19900
19931
19969
20012
20019
20032
20037
20173
20218
20246
20272
20302
20351
20364
20367
20438
20442
20458
20461
20500
20534
20539
20561
20598
20603
20632
20639
20641
20644
20681
20698
20718
20758
20761
20790
20795
20813
20843
20888
20889
20901
20905
20999
21015
21048
21049
21064
21077
21090
21097
21111
21132
21176
21234
21273
21287
21305
21310
21311
21336
21341
21368
21404
21442
21466
21511
21514
21532
21574
21583
21616
21637
21661
21731
21764
21780
21819
21852
21864
21900
21921
21951
22005
22048
22079
22121
22133
22164
22179
22208
22209
22370
22392
22398
22404
22421
22430
22436
22442
22459
22540
22541
22590
22605
22654
22655
22663
22670
22684
22694
22734
22752
22774
22793
22815
22831
22847
22850
22870
22885
22887
22898
22921
22965
22974
22987
23003
23028
23034
23048
23137
23139
23192
23194
23226
23242
23282
23294
23303
23309
23319
23368
23369
23435
23442
23468
23515
23520
23559
23566
23583
23597
23600
23607
23631
23657
23662
23663
23695
23715
23719
23731
23779
23828
23837
23841
23843
23850
23856
23864
23907
23997
24020
24030
24039
24045
24065
24124
24166
24292
24308
24329
24366
24382
24395
24398
24508
24514
24532
24587
24605
24674
24691
24694
24706
24712
24766
24784
24799
24800
24857
24875
24885
24891
24898
24916
24924
24951
24956
24997
25048
25080
25095
25098
25116
25153
25237
25294
25322
25347
25458
25462
25469
25489
25506
25563
25566
25579
25594
25636
25643
25647
25732
25746
25752
25788
25823
25826
25877
25880
25926
25952
25965
26070
26080
26153
26195
26311
26325
26336
26362
26403
26421
26441
26443
26448
26456
26466
26481
26489
26529
26566
26622
26630
26634
26741
26784
26807
26843
26853
26868
26892
26994
27003
27007
27052
27091
27109
27160
27188
27232
27240
27270
27285
27322
27337
27347
27361
27410
27466
27519
27564
27629
27635
27664
27703
27742
27760
27810
27871
27933
27955
27974
28040
28075
28086
28163
28194
28215
28255
28282
28286
28440
28492
28544
28575
28586
28610
28642
28646
28667
28759
28774
28790
28803
28845
28868
28904
28908
28951
28964
28967
28993
29007
29010
29038
29061
29114
29187
29207
29265
29294
29321
29342
29361
29407
29472
29517
29535
29536
29561
29579
29591
29592
29634
29637
29672
29694
29699
29762
29771
29777
29809
29814
29831
29882
29887
29936
29952
29989
30012
30046
30058
30106
30134
30142
30160
30184
30208
30370
30391
30397
30458
30471
30511
30529
30531
30533
30537
30567
30581
30587
30592
30605
30613
30617
30626
30642
30679
30683
30704
30717
30732
30744
30770
30775
30831
30843
30895
30910
30911
30947
30959
30968
30990
31010
31028
31043
31083
31117
31139
31227
31317
31330
31349
31415
31421
31436
31439
31479
31602
31618
31639
31685
31710
31739
31762
31782
31842
31875
31885
31898
31902
31951
31970
31990
32127
32142
32155
32169
32173
32208
32250
32265
32311
32316
32388
32396
32401
32423
32479
32488
32489
32493
32541
32543
32549
32555
32620
32627
32629
32634
32684
32685
32715
32761
32763
32787
32803
32806
32821
32828
32878
32892
32983
32989
32993
33009
33036
33110
33190
33212
33218
33259
33286
33288
33344
33417
33449
33453
33487
33504
33525
33540
33561
33581
33612
33616
33631
33644
33683
33686
33689
33790
33819
33829
33898
33931
33969
33991
33998
34074
34157
34158
34176
34184
34199
34236
34316
34321
34326
34339
34389
34426
34478
34518
34524
34557
34568
34605
34618
34628
34673
34674
34716
34735
34747
34866
34901
34915
34916
34929
34943
34961
34989
34993
35078
35121
35166
35189
35218
35222
35230
35237
35250
35263
35290
35295
35301
35314
35315
35370
35373
35434
35465
35566
35577
35590
35614
35618
35629
35653
35662
35673
35675
35732
35754
35797
35835
35840
35873
35876
35898
35899
35915
35965
36025
36058
36097
36135
36156
36174
36183
36220
36283
36385
36393
36394
36398
36430
36438
36439
36500
36510
36550
36563
36571
36621
36654
36715
36717
36724
36802
36822
36919
36932
36935
36968
37020
37140
37187
37195
37222
37244
37283
37284
37285
37316
37363
37395
37398
37452
37455
37458
37474
37497
37546
37598
37606
37656
37659
37667
37724
37732
37771
37772
37773
37776
37790
37802
37816
37826
37872
37898
37929
37934
37956
37984
38004
38036
38042
38065
38082
38093
38109
38128
38143
38148
38180
38197
38206
38275
38300
38336
38348
38351
38365
38367
38376
38427
38463
38468
38473
38474
38483
38485
38544
38556
38562
38571
38573
38583
38594
38608
38640
38689
38710
38732
38760
38783
38785
38801
38816
38895
38932
38953
38962
39023
39063
39067
39068
39171
39172
39184
39215
39246
39259
39276
39306
39329
39330
39348
39354
39386
39423
39433
39464
39594
39607
39682
39727
39770
39772
39794
39801
39804
39805
39868
39894
39915
39921
39943
39979
39996
-1
