19
47
60
75
121
146
173
214
244
253
310
329
428
442
443
449
483
501
512
534
548
553
590
645
689
701
747
767
801
843
852
863
920
928
967
1006
1032
1070
1134
1160
1163
1177
1188
1255
1332
1348
1373
1382
1389
1392
1394
1403
1424
1481
1486
1491
1496
1513
1525
1528
1558
1568
1692
1811
1825
1853
1867
1881
1891
1895
1968
1972
1980
1990
1997
1999
2003
2071
2080
2122
2141
2150
2155
2161
2184
2196
2218
2220
2222
2250
2268
2278
2281
2330
2333
2347
2432
2442
2465
2482
2508
2512
2531
2554
2591
2598
2601
2608
2648
2684
2709
2751
2778
2869
2907
2918
3007
3023
3027
3106
3177
3232
3288
3315
3323
3359
3368
3373
3374
3412
3417
3419
3435
3478
3489
3494
3500
3519
3560
3568
3580
3594
3602
3623
3648
3676
3697
3715
3756
3772
3780
3825
3826
3852
3861
3893
3904
3974
4098
4103
4125
4144
4205
4209
4242
4246
4327
4401
4410
4423
4428
4461
4464
4544
4579
4618
4630
4659
4673
4678
4692
4744
4753
4760
4779
4799
4808
4810
4822
4844
4846
4878
4932
4943
5019
5024
5050
5080
5128
5147
5210
5228
5242
5290
5304
5310
5315
5324
5361
5376
5390
5392
5427
5513
5543
5655
5700
5726
5746
5809
5840
5880
5905
5928
5959
5964
5978
5984
6006
6010
6044
6063
6071
6086
6157
6171
6182
6193
6203
6247
6249
6257
6264
6266
6288
6297
6323
6327
6352
6354
6398
6414
6508
6509
6533
6552
6590
6638
6700
6709
6712
6735
6745
6811
6832
6833
6844
6859
6878
6893
6894
6905
6914
6934
6975
6982
6992
6994
6995
6999
7018
7028
7072
7113
7124
7126
7174
7184
7295
7305
7311
7324
7345
7380
7391
7419
7422
7423
7431
7434
7436
7441
7453
7483
7644
7684
7698
7720
7736
7744
7750
7785
7825
7869
7917
7926
7932
8014
8036
8063
8118
8124
8133
8196
8223
8233
8246
8279
8281
8301
8322
8330
8376
8440
8448
8461
8507
8519
8523
8526
8530
8542
8586
8590
8624
8694
8704
8710
8730
8739
8767
8771
8795
8857
8864
8870
8904
8937
8964
8969
8976
9033
9044
9060
9063
9148
9173
9182
9191
9261
9371
9373
9379
9395
9404
9406
9417
9430
9431
9441
9505
9537
9661
9740
9779
9801
9832
9847
9866
9885
9926
9934
9935
9940
9951
10009
10041
10055
10140
10142
10148
10194
10218
10252
10280
10282
10305
10352
10367
10396
10397
10433
10460
10466
10501
10505
10508
10511
10529
10539
10598
10691
10737
10778
10801
10863
10885
10937
10955
10995
11001
11035
11041
11048
11064
11076
11128
11138
11148
11240
11241
11274
11311
11314
11348
11354
11382
11452
11476
11485
11490
11491
11542
11554
11562
11577
11620
11624
11652
11677
11704
11758
11795
11880
11918
11987
12048
12078
12097
12102
12148
12371
12413
12444
12512
12557
12574
12591
12616
12634
12664
12670
12674
12707
12722
12792
12802
12832
12835
12838
12842
12889
12932
12944
12992
13020
13046
13059
13084
13188
13225
13258
13305
13315
13327
13348
13350
13387
13520
13550
13559
13640
13700
13720
13743
13849
13864
13875
13881
13889
13895
13954
13982
14010
14029
14069
14092
14145
14242
14262
14295
14328
14343
14361
14381
14398
14499
14529
14576
14589
14616
14657
14665
14674
14686
14687
14689
14742
14753
14824
14853
14890
14907
14952
14955
14964
15023
15038
15133
15142
15164
15180
15208
15211
15230
15232
15258
15269
15277
15286
15296
15355
15359
15365
15396
15504
15507
15574
15613
15649
15655
15659
15731
15787
15817
15849
15950
15983
16033
16038
16050
16070
16161
16167
16249
16278
16306
16340
16344
16393
16436
16449
16514
16519
16541
16558
16568
16609
16628
16645
16662
16691
16709
16739
16768
16791
16878
16881
16948
16980
17002
17017
17027
17034
17091
17143
17159
17220
17258
17312
17328
17329
17377
17393
17408
17419
17458
17474
17529
17542
17553
17591
17599
17604
17680
17702
17704
17770
17777
17794
17799
17821
17834
17883
17913
17954
18082
18103
18210
18307
18319
18360
18380
18383
18393
18398
18405
18418
18432
18462
18486
18520
18544
18561
18570
18586
18587
18616
18626
18642
18645
18650
18672
18673
18675
18702
18706
18720
18752
18804
18861
18864
18869
18924
18928
18933
18939
18949
18968
19100
19117
19120
19151
19170
19172
19175
19178
19183
19227
19236
19245
19266
19327
19328
19349
19365
19368
19436
19457
19460
19466
19480
19490
19509
19609
19614
19632
19674
19694
19811
19935
19956
19970
19989
19990
20011
20033
20050
20062
20083
20094
20095
20135
20151
20204
20208
20215
20270
20274
20311
20319
20349
20388
20397
20428
20430
20454
20455
20456
20497
20518
20534
20559
20568
20575
20609
20611
20618
20641
20644
20675
20689
20701
20779
20786
20794
20798
20800
20836
20855
20866
20902
20926
20930
20938
20953
20964
20972
21020
21024
21057
21089
21132
21133
21174
21198
21206
21263
21280
21311
21330
21350
21402
21409
21418
21449
21537
21542
21549
21567
21580
21598
21607
21635
21643
21649
21656
21674
21761
21819
21877
21882
21916
21981
21996
22002
22021
22039
22061
22072
22096
22133
22157
22184
22189
22197
22220
22259
22306
22325
22357
22377
22386
22393
22409
22432
22440
22486
22492
22536
22565
22577
22609
22636
22720
22742
22788
22807
22811
22812
22826
22940
22994
23018
23033
23088
23095
23100
23104
23124
23159
23203
23205
23224
23291
23384
23416
23435
23527
23574
23617
23625
23659
23666
23709
23753
23759
23818
23826
23837
23862
23874
23914
23974
23993
24060
24062
24081
24099
24186
24248
24298
24314
24384
24410
24443
24457
24519
24533
24535
24559
24597
24643
24672
24682
24758
24768
24824
24827
24836
24892
24894
24917
24922
24925
24939
24954
24958
25081
25109
25117
25154
25155
25157
25209
25231
25235
25244
25314
25325
25372
25414
25471
25493
25507
25524
25583
25635
25671
25732
25755
25789
25813
25820
25833
25860
25865
25929
25964
26006
26016
26034
26135
26169
26194
26241
26245
26257
26274
26285
26288
26315
26337
26378
26381
26426
26450
26473
26515
26532
26545
26555
26590
26592
26615
26628
26640
26675
26707
26735
26750
26751
26756
26772
26791
26799
26905
26923
26929
26964
26988
27023
27041
27066
27068
27076
27091
27131
27137
27206
27241
27251
27271
27281
27302
27309
27343
27417
27420
27539
27557
27597
27618
27650
27655
27738
27798
27800
27806
27819
27825
27867
27934
28003
28034
28040
28043
28089
28111
28120
28139
28140
28145
28165
28176
28179
28228
28240
28273
28285
28315
28330
28438
28459
28480
28483
28498
28505
28509
28524
28540
28563
28574
28624
28636
28654
28677
28694
28749
28829
28830
28913
28926
28964
28984
29008
29015
29024
29051
29085
29155
29204
29240
29243
29285
29293
29296
29306
29313
29336
29354
29371
29407
29458
29476
29496
29537
29548
29556
29561
29566
29581
29582
29602
29644
29690
29696
29700
29891
29895
29931
29938
29940
29941
29988
30016
30070
30093
30137
30185
30199
30214
30251
30272
30273
30329
30358
30373
30375
30394
30396
30405
30415
30428
30434
30452
30477
30560
30565
30604
30609
30664
30674
30727
30791
30798
30807
30817
30822
30846
30847
30892
30900
30915
30931
30994
31024
31089
31106
31108
31145
31176
31194
31216
31233
31235
31237
31245
31314
31464
31470
31476
31487
31502
31513
31570
31579
31608
31626
31628
31632
31653
31681
31688
31709
31713
31738
31781
31825
31923
31961
32015
32018
32054
32109
32197
32200
32226
32228
32317
32338
32339
32388
32436
32457
32458
32515
32523
32568
32597
32616
32678
32724
32725
32730
32754
32793
32797
32841
32908
32910
32911
32996
33044
33052
33056
33060
33148
33171
33176
33197
33211
33221
33223
33234
33288
33297
33305
33326
33356
33406
33412
33444
33445
33448
33498
33516
33548
33582
33590
33668
33700
33724
33756
33786
33807
33838
33840
33859
33860
33861
33893
33906
33916
33931
33933
33965
33999
34005
34054
34059
34122
34240
34244
34251
34284
34298
34312
34340
34402
34419
34434
34442
34444
34454
34464
34468
34475
34486
34489
34509
34518
34545
34556
34579
34613
34684
34714
34767
34768
34793
34820
34822
34828
34831
34907
34913
34931
34976
34982
34989
35056
35069
35074
35098
35100
35107
35117
35126
35127
35141
35150
35318
35323
35331
35518
35534
35535
35553
35561
35587
35602
35604
35647
35661
35670
35699
35714
35746
35760
35782
35786
35821
35833
35854
35857
35867
35879
35887
35906
35948
35965
35991
36019
36028
36064
36071
36082
36094
36099
36136
36140
36159
36170
36171
36179
36180
36185
36193
36201
36230
36237
36256
36278
36347
36386
36429
36435
36440
36488
36557
36599
36604
36606
36618
36636
36640
36658
36661
36676
36682
36686
36734
36763
36844
36859
36883
36944
36973
36984
36999
37077
37100
37112
37114
37125
37133
37154
37178
37219
37237
37258
37284
37299
37303
37359
37382
37403
37423
37436
37529
37548
37549
37673
37724
37814
37851
37857
37909
38014
38031
38091
38101
38123
38163
38197
38281
38382
38403
38413
38437
38485
38490
38500
38502
38510
38539
38607
38629
38673
38769
38790
38824
38836
38928
38930
38949
38955
38973
38991
39029
39052
39074
39075
39108
39139
39234
39247
39275
39288
39360
39367
39368
39402
39477
39489
39520
39521
39564
39620
39624
39664
39689
39743
39775
39786
39787
39801
39828
39834
39853
39861
39881
39884
39901
39903
39921
39923
39941
39974
-1
