16
57
62
90
151
155
206
221
317
347
348
359
390
423
425
435
441
529
542
567
569
580
620
653
690
692
704
744
768
803
811
826
837
849
857
874
900
904
928
932
941
949
992
1053
1086
1090
1091
1096
1101
1133
1140
1141
1276
1301
1304
1305
1354
1383
1402
1422
1431
1445
1458
1462
1496
1515
1517
1519
1536
1617
1621
1626
1660
1752
1757
1802
1809
1823
1884
1904
1923
1933
1943
2005
2009
2024
2037
2064
2092
2155
2199
2256
2316
2324
2366
2372
2411
2416
2442
2469
2475
2523
2568
2573
2617
2626
2656
2799
2815
2817
2849
2853
2937
2941
2942
2970
2972
2974
3024
3057
3060
3061
3067
3086
3153
3164
3171
3185
3221
3306
3307
3317
3321
3404
3429
3443
3471
3481
3510
3530
3532
3533
3548
3595
3600
3651
3663
3671
3700
3712
3784
3814
3820
3882
3888
3895
3925
3929
3952
4022
4044
4108
4118
4127
4144
4152
4181
4225
4251
4267
4274
4303
4316
4319
4333
4345
4403
4531
4647
4648
4666
4668
4696
4707
4730
4737
4745
4767
4814
4825
4882
4969
4977
4989
5001
5005
5053
5055
5093
5098
5108
5117
5120
5122
5165
5227
5268
5317
5330
5345
5368
5424
5457
5480
5504
5532
5535
5549
5571
5579
5611
5618
5628
5630
5673
5702
5703
5716
5718
5746
5752
5756
5758
5803
5809
5831
5885
5892
5914
5934
5939
5946
5981
5987
5991
6012
6025
6036
6049
6066
6074
6091
6146
6149
6150
6165
6213
6229
6242
6396
6405
6418
6449
6467
6477
6483
6527
6581
6664
6691
6701
6705
6737
6781
6832
6905
6929
6935
6940
6950
6975
7071
7117
7121
7131
7149
7169
7170
7191
7231
7274
7298
7325
7342
7351
7355
7364
7409
7474
7514
7537
7544
7566
7602
7619
7667
7684
7704
7727
7728
7763
7774
7905
7935
7949
7957
7979
8011
8063
8083
8113
8126
8150
8154
8158
8164
8176
8183
8190
8228
8237
8248
8264
8272
8276
8326
8336
8395
8428
8447
8540
8578
8594
8619
8647
8668
8673
8677
8680
8702
8728
8769
8791
8792
8798
8805
8806
8807
8810
8814
8838
8845
8853
8860
8864
8880
8904
8989
8999
9007
9023
9030
9045
9060
9086
9132
9271
9285
9325
9367
9379
9383
9387
9398
9409
9417
9439
9484
9512
9534
9537
9583
9591
9599
9619
9804
9839
9842
9889
9894
9967
9995
10014
10044
10079
10155
10171
10204
10226
10238
10249
10279
10390
10400
10404
10431
10445
10451
10491
10574
10686
10737
10777
10790
10793
10825
10879
10886
10916
11054
11070
11072
11129
11150
11165
11193
11244
11245
11295
11297
11374
11421
11423
11443
11444
11447
11452
11512
11560
11573
11686
11725
11745
11805
11861
11895
11898
11901
11905
11925
11949
12043
12081
12083
12102
12106
12116
12196
12212
12226
12279
12363
12371
12375
12388
12418
12421
12448
12482
12500
12501
12509
12517
12518
12614
12619
12630
12702
12733
12772
12785
12796
12842
12861
12864
12865
12911
12922
12941
12989
13020
13039
13073
13095
13122
13152
13160
13176
13185
13186
13228
13259
13278
13290
13339
13358
13376
13399
13418
13461
13483
13507
13541
13569
13574
13597
13652
13666
13686
13701
13780
13781
13784
13787
13789
13822
13852
13919
13921
13938
13951
13966
13974
13975
14036
14148
14186
14204
14208
14228
14258
14280
14303
14325
14339
14365
14384
14448
14462
14466
14476
14495
14538
14571
14612
14637
14683
14698
14710
14827
14886
14978
14993
15022
15028
15055
15067
15071
15082
15188
15257
15292
15294
15445
15489
15519
15542
15574
15614
15627
15675
15716
15756
15875
15956
15979
15986
15996
16119
16206
16219
16239
16285
16286
16313
16320
16360
16372
16405
16421
16456
16536
16669
16723
16725
16780
16783
16826
16857
16902
16908
16928
16975
16982
16985
17033
17079
17083
17094
17106
17270
17303
17316
17332
17361
17365
17371
17372
17374
17378
17381
17410
17424
17435
17493
17519
17525
17529
17534
17561
17562
17564
17567
17596
17685
17709
17731
17793
17828
17845
17862
17877
17902
17905
17924
17996
18030
18036
18077
18110
18167
18169
18177
18215
18216
18248
18290
18373
18396
18405
18410
18414
18423
18447
18450
18465
18475
18500
18524
18536
18609
18618
18664
18667
18686
18702
18711
18714
18730
18753
18755
18758
18776
18786
18789
18850
18891
18896
18957
18968
18996
19031
19072
19112
19152
19164
19209
19241
19283
19315
19353
19359
19370
19391
19406
19437
19510
19542
19552
19616
19639
19662
19675
19707
19762
19763
19773
19792
19873
19878
19886
19923
19924
19950
19965
19979
19995
20003
20045
20048
20077
20105
20111
20141
20144
20166
20199
20213
20314
20424
20453
20495
20565
20598
20631
20645
20679
20683
20760
20787
20809
20831
20851
20872
20877
20923
20968
21006
21010
21021
21057
21067
21116
21141
21180
21188
21223
21233
21244
21328
21384
21423
21432
21444
21447
21502
21512
21529
21565
21627
21670
21739
21745
21793
21815
21816
21829
21847
21891
21934
21964
21989
21993
21998
22027
22033
22038
22039
22052
22064
22103
22104
22119
22165
22167
22186
22237
22270
22316
22317
22325
22337
22396
22406
22407
22463
22465
22466
22521
22528
22593
22623
22680
22690
22714
22721
22733
22735
22759
22774
22775
22800
22865
22899
22902
22919
22920
22932
22987
23048
23052
23067
23068
23072
23082
23099
23131
23190
23220
23267
23296
23302
23314
23365
23413
23415
23416
23472
23488
23494
23495
23547
23553
23601
23624
23665
23747
23752
23821
23897
23946
23980
24004
24020
24030
24044
24096
24111
24114
24138
24164
24244
24261
24264
24273
24326
24328
24329
24366
24384
24452
24453
24477
24483
24540
24570
24578
24581
24582
24647
24660
24699
24701
24785
24894
24912
24915
24949
24991
25000
25030
25037
25041
25049
25055
25060
25080
25097
25153
25178
25338
25398
25403
25487
25509
25524
25530
25603
25608
25627
25638
25684
25696
25713
25725
25741
25762
25785
25797
25815
25922
25971
25979
26008
26076
26079
26136
26144
26147
26166
26168
26169
26175
26181
26240
26356
26389
26391
26403
26440
26467
26551
26620
26640
26642
26656
26706
26711
26737
26738
26747
26771
26789
26825
26876
26930
27008
27023
27105
27138
27156
27224
27243
27350
27358
27392
27424
27433
27455
27508
27611
27644
27646
27700
27760
27761
27802
27822
27828
27841
27869
27889
27913
27932
27952
27961
27971
27992
28012
28039
28062
28077
28089
28126
28140
28149
28161
28172
28252
28257
28305
28353
28355
28397
28462
28500
28507
28513
28556
28565
28575
28583
28590
28649
28697
28701
28774
28891
28997
29026
29083
29134
29172
29208
29211
29224
29240
29269
29284
29302
29342
29343
29348
29354
29369
29377
29454
29473
29529
29530
29538
29608
29627
29633
29648
29673
29758
29768
29805
29814
29827
29859
29871
29876
29895
29928
29954
30021
30023
30179
30182
30183
30279
30295
30326
30347
30350
30372
30374
30416
30432
30456
30459
30496
30501
30507
30516
30527
30578
30627
30638
30704
30721
30749
30832
30850
30863
30945
30973
30978
31003
31051
31083
31097
31142
31170
31208
31230
31235
31256
31287
31308
31341
31355
31369
31442
31465
31494
31535
31540
31548
31586
31596
31618
31662
31715
31727
31753
31778
31784
31803
31817
31882
31940
31943
31973
32001
32045
32141
32145
32176
32199
32223
32238
32240
32254
32264
32275
32326
32327
32347
32360
32373
32454
32547
32575
32578
32589
32596
32656
32709
32716
32773
32785
32797
32871
32898
32909
32991
32993
33015
33097
33156
33170
33187
33208
33223
33267
33283
33312
33339
33380
33423
33450
33493
33495
33512
33517
33564
33609
33617
33670
33684
33700
33721
33722
33748
33756
33767
33774
33931
33954
33969
33972
34015
34062
34105
34155
34227
34230
34243
34303
34305
34312
34368
34379
34403
34405
34415
34461
34488
34506
34555
34589
34609
34621
34643
34651
34742
34802
34809
34831
34835
34885
34886
34888
34891
34901
34924
34934
34939
34973
34978
34981
34990
34995
35005
35095
35106
35123
35139
35143
35158
35188
35212
35246
35252
35258
35279
35366
35415
35424
35430
35439
35487
35497
35507
35515
35516
35531
35533
35553
35597
35618
35650
35664
35706
35711
35762
35769
35796
35828
35830
35865
35874
35885
35896
35900
35945
35949
35954
36022
36036
36040
36052
36075
36083
36104
36113
36143
36147
36155
36156
36167
36180
36211
36229
36240
36253
36291
36297
36306
36363
36425
36426
36445
36454
36460
36464
36473
36477
36505
36526
36571
36582
36602
36607
36633
36644
36666
36679
36692
36695
36710
36723
36731
36740
36766
36772
36777
36815
36825
36826
36862
36882
36892
36900
36914
36924
36929
36940
36953
36959
37029
37056
37115
37150
37189
37221
37222
37257
37273
37274
37362
37397
37411
37416
37451
37462
37485
37503
37575
37583
37587
37589
37626
37656
37665
37688
37741
37752
37767
37772
37778
37791
37813
37856
37877
37888
37933
37942
37977
37980
38010
38016
38021
38032
38036
38038
38055
38071
38085
38128
38136
38158
38164
38176
38186
38190
38194
38226
38261
38265
38266
38270
38272
38331
38354
38445
38464
38487
38542
38554
38561
38667
38675
38676
38716
38752
38760
38783
38846
38867
38875
38913
38915
38923
38931
38966
39027
39037
39056
39073
39075
39107
39151
39249
39285
39288
39308
39329
39365
39393
39411
39426
39441
39523
39565
39620
39624
39639
39681
39709
39744
39766
39843
39897
39942
39951
39989
-1
