83
120
157
163
190
192
229
243
272
390
454
508
561
609
632
647
663
675
686
701
784
839
898
932
976
979
1004
1007
1037
1056
1062
1101
1103
1200
1234
1237
1253
1272
1327
1369
1396
1438
1445
1457
1470
1479
1482
1494
1502
1515
1526
1543
1546
1571
1576
1692
1698
1732
1774
1776
1778
1782
1833
1837
1860
1924
1967
2070
2076
2078
2087
2096
2116
2185
2200
2219
2230
2276
2329
2335
2399
2403
2421
2438
2443
2475
2488
2497
2506
2566
2648
2700
2710
2712
2715
2752
2767
2827
2867
2882
2961
2986
2990
3053
3059
3098
3122
3149
3150
3161
3168
3195
3197
3199
3214
3224
3239
3267
3286
3304
3324
3329
3367
3418
3424
3454
3508
3535
3597
3604
3611
3612
3632
3640
3646
3672
3673
3674
3688
3701
3711
3725
3740
3756
3783
3907
3910
3920
3943
4008
4120
4191
4200
4221
4236
4250
4327
4330
4332
4354
4379
4400
4407
4427
4429
4430
4436
4474
4476
4565
4569
4580
4581
4608
4615
4648
4709
4732
4734
4742
4802
4880
4888
4909
4936
4945
4970
5084
5088
5101
5127
5178
5186
5196
5278
5296
5350
5359
5383
5386
5399
5467
5523
5609
5690
5698
5779
5782
5871
5911
5916
5924
5938
5945
5972
5984
5987
6081
6133
6222
6227
6230
6259
6273
6283
6286
6296
6303
6311
6323
6337
6341
6362
6420
6451
6496
6536
6547
6555
6636
6657
6680
6698
6702
6717
6730
6753
6757
6787
6821
6864
6922
6927
7001
7017
7026
7051
7084
7181
7277
7312
7367
7371
7398
7408
7437
7456
7482
7502
7589
7670
7678
7697
7728
7744
7799
7822
7833
7849
7861
7868
7879
7883
7895
7904
7912
7955
7998
8006
8012
8031
8032
8040
8075
8131
8152
8172
8249
8265
8306
8354
8449
8484
8498
8499
8515
8601
8610
8661
8664
8753
8778
8820
8826
8833
8876
8905
8951
8977
8992
9006
9007
9057
9114
9156
9199
9211
9263
9317
9332
9344
9394
9406
9508
9528
9537
9559
9564
9587
9595
9603
9616
9621
9623
9624
9634
9693
9730
9780
9805
9849
9857
9874
9892
9924
9951
9961
9963
9973
10006
10019
10048
10104
10132
10195
10237
10248
10279
10288
10331
10388
10446
10489
10493
10516
10532
10548
10647
10648
10678
10743
10752
10768
10769
10770
10790
10828
10849
10857
10885
10904
10978
11025
11065
11106
11148
11240
11302
11308
11319
11363
11366
11372
11377
11407
11446
11466
11501
11503
11594
11611
11617
11770
11771
11801
11853
11862
11873
11970
12014
12016
12037
12117
12122
12123
12139
12148
12165
12182
12186
12195
12229
12246
12265
12278
12317
12335
12344
12359
12361
12391
12444
12451
12461
12469
12496
12528
12543
12566
12575
12662
12690
12694
12773
12782
12786
12824
12868
12917
12952
12965
12996
13015
13016
13071
13141
13158
13167
13244
13247
13248
13285
13303
13320
13322
13347
13349
13351
13361
13439
13467
13506
13531
13537
13544
13579
13624
13665
13672
13697
13751
13781
13855
13865
13875
13878
13882
13888
13973
14018
14035
14052
14091
14123
14133
14136
14155
14165
14173
14179
14180
14186
14193
14265
14270
14279
14284
14285
14325
14349
14357
14368
14384
14429
14451
14469
14493
14531
14568
14625
14637
14660
14661
14675
14761
14784
14865
14884
14910
14921
14945
14952
14961
14982
14985
15096
15172
15187
15224
15245
15250
15273
15308
15312
15347
15365
15370
15421
15429
15513
15538
15556
15559
15561
15641
15712
15729
15735
15745
15905
15916
15917
15921
15929
15960
15962
15977
16039
16118
16127
16135
16170
16239
16255
16265
16296
16305
16427
16438
16442
16445
16450
16461
16523
16525
16527
16555
16608
16619
16648
16686
16701
16724
16752
16766
16774
16818
16831
16846
16859
16875
16908
16934
16958
17016
17042
17050
17061
17078
17165
17234
17258
17266
17269
17325
17330
17332
17388
17412
17460
17477
17514
17519
17570
17589
17611
17649
17667
17683
17735
17749
17784
17796
17856
17948
17962
17966
17984
17992
18000
18022
18065
18066
18080
18081
18085
18121
18152
18155
18169
18189
18200
18240
18276
18280
18296
18343
18396
18417
18424
18426
18551
18584
18609
18668
18684
18689
18734
18740
18790
18812
18824
18831
18837
18895
18955
19004
19022
19046
19120
19122
19124
19147
19174
19194
19198
19220
19237
19241
19245
19276
19395
19406
19532
19572
19579
19636
19647
19651
19663
19672
19700
19734
19783
19817
19848
19904
19905
19920
19949
19954
20071
20127
20169
20185
20210
20211
20216
20249
20263
20428
20432
20448
20471
20479
20499
20514
20563
20582
20584
20591
20602
20640
20684
20693
20766
20774
20820
20903
20938
20941
20945
20985
20986
20991
21025
21049
21050
21091
21103
21110
21127
21194
21202
21209
21221
21307
21326
21334
21346
21394
21424
21436
21439
21441
21452
21475
21482
21523
21545
21568
21623
21654
21684
21690
21694
21765
21767
21787
21792
21808
21811
21853
21870
21893
21905
21935
21946
21953
21973
21974
22001
22005
22008
22030
22034
22057
22059
22111
22113
22116
22150
22151
22164
22204
22241
22243
22305
22326
22486
22490
22549
22551
22567
22569
22588
22609
22612
22627
22635
22704
22708
22734
22743
22837
22838
22847
22853
22861
22927
22978
22989
23109
23184
23191
23196
23201
23270
23284
23288
23339
23396
23411
23421
23432
23437
23472
23489
23491
23505
23553
23571
23586
23616
23640
23645
23680
23703
23785
23836
23935
23947
23962
23978
23991
23999
24014
24041
24103
24149
24152
24192
24234
24253
24268
24290
24301
24322
24323
24349
24366
24417
24448
24451
24468
24560
24567
24578
24612
24633
24656
24665
24685
24699
24707
24718
24744
24745
24805
24810
24813
24820
24848
24850
24851
24860
24865
24930
24972
24976
24987
24991
24998
25030
25038
25046
25097
25100
25112
25123
25132
25177
25189
25262
25264
25277
25283
25306
25363
25421
25433
25497
25544
25580
25587
25641
25679
25694
25730
25737
25770
25780
25791
25802
25805
25890
25943
25958
25961
25974
25977
26026
26060
26064
26067
26100
26102
26103
26203
26253
26285
26386
26395
26402
26425
26427
26485
26548
26628
26675
26736
26761
26793
26805
26850
26915
26931
26962
26984
27006
27011
27052
27057
27091
27146
27229
27254
27259
27293
27302
27347
27357
27362
27381
27384
27425
27457
27470
27512
27555
27556
27590
27602
27610
27617
27623
27639
27652
27657
27667
27729
27744
27790
27892
27967
27974
27991
27994
28017
28027
28073
28076
28089
28110
28120
28149
28164
28193
28199
28289
28350
28363
28376
28384
28388
28424
28427
28489
28535
28554
28621
28642
28731
28735
28739
28843
28856
28896
28918
28929
28950
28956
28963
28969
29031
29044
29046
29066
29080
29081
29106
29115
29122
29171
29176
29180
29184
29191
29215
29353
29394
29408
29457
29473
29475
29530
29549
29555
29597
29639
29644
29669
29677
29717
29768
29789
29800
29816
29829
29836
29938
29941
29953
29954
30015
30035
30064
30121
30136
30204
30230
30254
30257
30330
30423
30479
30481
30490
30498
30501
30513
30544
30546
30638
30660
30689
30699
30783
30815
30932
30982
30993
30999
31032
31099
31100
31110
31112
31126
31144
31150
31160
31198
31207
31232
31247
31252
31292
31297
31306
31326
31380
31413
31414
31438
31456
31463
31465
31487
31506
31554
31604
31658
31673
31705
31754
31771
31808
31832
31857
31868
31877
31901
32051
32074
32089
32108
32143
32177
32248
32268
32290
32315
32318
32320
32346
32354
32367
32376
32383
32398
32463
32466
32489
32495
32509
32523
32526
32576
32583
32585
32610
32666
32716
32764
32765
32786
32831
32855
32901
32913
32938
32988
33001
33037
33041
33053
33076
33079
33135
33140
33169
33181
33228
33276
33290
33298
33339
33351
33373
33376
33379
33384
33408
33419
33443
33492
33503
33514
33547
33548
33563
33571
33616
33618
33649
33665
33675
33679
33733
33776
33777
33781
33827
33829
33846
33850
33874
33881
33917
33931
33966
33967
33972
33976
34003
34010
34025
34085
34094
34107
34114
34122
34123
34136
34181
34209
34230
34231
34251
34266
34286
34303
34335
34373
34375
34417
34429
34479
34515
34523
34544
34551
34594
34615
34679
34680
34687
34725
34738
34746
34760
34761
34768
34806
34878
34897
34938
34966
34975
35032
35061
35073
35111
35136
35148
35149
35196
35201
35213
35224
35257
35269
35274
35306
35410
35421
35425
35443
35454
35482
35499
35502
35528
35530
35567
35571
35576
35581
35621
35712
35914
35971
36014
36100
36146
36234
36237
36278
36288
36313
36317
36321
36357
36368
36377
36435
36437
36454
36458
36469
36480
36490
36522
36530
36543
36600
36611
36622
36640
36677
36707
36709
36743
36757
36797
36825
36828
36868
36873
36877
36892
36901
36927
36930
36974
37065
37091
37119
37131
37160
37212
37253
37269
37292
37314
37323
37379
37387
37401
37432
37477
37492
37507
37529
37530
37567
37571
37592
37637
37654
37658
37659
37697
37715
37717
37729
37758
37778
37781
37792
37797
37800
37827
37842
37845
37886
37932
37994
38009
38029
38052
38066
38076
38136
38150
38224
38230
38250
38311
38333
38420
38465
38475
38489
38505
38507
38526
38527
38566
38635
38710
38719
38729
38759
38811
38833
38840
38848
38854
38867
38983
39005
39043
39093
39127
39154
39156
39166
39192
39230
39239
39254
39280
39323
39329
39383
39391
39398
39399
39449
39478
39480
39510
39546
39593
39607
39637
39654
39711
39714
39749
39771
39773
39774
39862
39891
39915
39919
39955
-1
