25
36
88
120
131
166
172
182
239
265
278
308
386
400
405
464
469
476
505
513
550
563
580
598
667
669
673
724
755
765
779
803
809
818
827
846
873
875
884
924
925
927
929
955
984
1015
1026
1036
1063
1087
1099
1214
1263
1296
1310
1348
1351
1356
1443
1447
1498
1530
1558
1562
1571
1572
1575
1623
1625
1663
1722
1728
1734
1748
1781
1831
1855
1860
1870
1887
1896
1910
1916
1930
1948
1962
1980
2006
2007
2029
2082
2121
2129
2153
2156
2162
2178
2180
2190
2218
2267
2274
2328
2344
2391
2408
2457
2465
2479
2513
2569
2593
2648
2649
2666
2674
2698
2753
2754
2787
2808
2900
2902
2906
2918
2944
2963
2982
2995
2999
3004
3035
3049
3090
3106
3109
3117
3128
3131
3134
3172
3226
3249
3315
3358
3362
3431
3440
3455
3495
3500
3502
3532
3536
3543
3549
3554
3582
3588
3606
3629
3653
3656
3684
3693
3695
3702
3748
3756
3771
3786
3791
3840
3841
3844
3847
3860
3908
3910
3911
3923
3965
3979
3992
4012
4068
4111
4178
4180
4201
4332
4385
4389
4392
4493
4566
4623
4662
4714
4715
4719
4733
4741
4748
4749
4768
4772
4783
4830
4846
4854
4867
4890
4893
4902
4937
4996
5014
5057
5093
5122
5256
5302
5315
5329
5334
5350
5373
5391
5416
5436
5464
5484
5488
5494
5544
5553
5605
5618
5619
5652
5654
5694
5714
5715
5758
5797
5827
5851
5852
5865
5915
5938
6024
6030
6104
6105
6115
6126
6128
6139
6194
6195
6228
6364
6366
6425
6439
6441
6457
6500
6525
6559
6624
6625
6626
6628
6638
6690
6691
6768
6818
6857
6873
6892
6939
6973
7032
7045
7082
7108
7118
7152
7162
7201
7211
7226
7254
7265
7289
7323
7325
7378
7469
7486
7554
7704
7727
7763
7764
7767
7774
7784
7786
7799
7840
7903
7943
7947
7969
7994
8024
8037
8045
8048
8071
8089
8099
8138
8156
8183
8192
8265
8303
8316
8359
8372
8379
8424
8458
8502
8593
8604
8659
8702
8732
8757
8758
8809
8820
8867
8872
8874
8909
8912
8972
9025
9075
9076
9084
9092
9159
9239
9283
9332
9333
9339
9347
9367
9410
9425
9514
9547
9641
9650
9671
9696
9709
9735
9736
9745
9799
9832
9893
9936
9947
9955
9994
10004
10009
10028
10032
10079
10082
10094
10097
10108
10116
10117
10167
10189
10253
10263
10273
10291
10293
10312
10319
10335
10348
10356
10371
10373
10427
10436
10447
10486
10491
10522
10593
10612
10624
10629
10633
10662
10675
10697
10708
10743
10766
10773
10818
10823
10837
10864
10867
10883
10914
10966
10999
11009
11036
11051
11061
11211
11261
11269
11288
11297
11298
11316
11341
11358
11368
11395
11404
11425
11444
11473
11482
11515
11517
11591
11610
11614
11644
11698
11706
11708
11713
11732
11739
11774
11880
11928
11943
11956
11991
11992
11993
12041
12060
12077
12103
12146
12150
12191
12243
12249
12259
12274
12322
12391
12406
12434
12440
12588
12667
12731
12735
12757
12771
12795
12825
12852
12882
12895
12897
12927
12932
12966
13009
13065
13068
13100
13185
13192
13205
13219
13232
13287
13318
13333
13337
13370
13379
13391
13395
13445
13526
13530
13563
13591
13620
13628
13665
13675
13676
13747
13776
13799
13802
13816
13852
13944
13945
13957
13970
14027
14035
14046
14079
14102
14117
14137
14269
14293
14301
14333
14365
14454
14461
14546
14551
14575
14584
14602
14605
14608
14628
14661
14666
14669
14718
14722
14728
14752
14762
14809
14845
14863
14869
14870
14961
14964
14965
14998
15021
15069
15126
15159
15235
15295
15300
15355
15394
15399
15434
15457
15477
15490
15495
15510
15512
15528
15617
15636
15642
15692
15741
15745
15778
15788
15817
15823
15826
15835
15844
15964
15979
16110
16113
16155
16158
16166
16229
16231
16232
16243
16273
16325
16406
16442
16462
16502
16510
16551
16556
16623
16646
16654
16681
16808
16812
16854
16894
16996
17005
17064
17124
17171
17183
17192
17238
17246
17278
17292
17312
17313
17384
17386
17412
17415
17421
17506
17645
17657
17666
17691
17716
17724
17752
17763
17794
17796
17851
17885
17903
18002
18035
18077
18101
18128
18160
18177
18210
18214
18222
18223
18456
18465
18470
18478
18520
18543
18570
18579
18592
18598
18608
18614
18628
18637
18668
18801
18811
18829
18831
18859
18862
18877
18923
18950
18972
19045
19110
19124
19131
19140
19165
19209
19213
19256
19286
19292
19308
19337
19346
19359
19428
19430
19449
19458
19462
19491
19497
19505
19506
19520
19528
19543
19555
19571
19585
19663
19682
19692
19698
19702
19721
19733
19734
19740
19743
19769
19806
19812
19816
19831
19860
19889
19897
19932
19935
20011
20018
20040
20051
20060
20076
20107
20108
20113
20135
20167
20173
20237
20240
20248
20300
20310
20322
20339
20382
20418
20419
20459
20555
20639
20652
20676
20689
20696
20714
20740
20839
20926
20932
20952
20993
21015
21063
21084
21099
21123
21143
21167
21193
21212
21215
21220
21331
21333
21340
21392
21399
21452
21479
21508
21518
21527
21529
21542
21571
21598
21638
21669
21692
21698
21736
21751
21761
21763
21779
21784
21873
21887
21936
21997
22039
22057
22098
22111
22118
22284
22306
22320
22329
22356
22363
22426
22444
22485
22509
22545
22568
22592
22613
22620
22644
22662
22742
22808
22870
22881
22896
22969
22972
22980
23048
23077
23088
23117
23122
23131
23198
23202
23241
23273
23278
23291
23340
23346
23444
23508
23513
23540
23606
23644
23685
23729
23736
23738
23744
23770
23790
23808
23810
23816
23847
23896
23927
23930
23936
23974
23977
24007
24009
24014
24016
24054
24059
24060
24100
24119
24141
24222
24280
24287
24376
24403
24442
24467
24491
24510
24594
24614
24672
24678
24716
24719
24755
24784
24929
24953
24984
24992
25020
25050
25098
25105
25106
25157
25158
25172
25189
25256
25304
25343
25373
25427
25467
25479
25496
25544
25552
25556
25564
25565
25642
25644
25663
25677
25706
25795
25797
25819
25824
25844
25860
25866
25878
25892
25927
25961
25970
25974
26005
26024
26034
26043
26064
26097
26116
26143
26146
26167
26171
26205
26215
26233
26273
26306
26358
26380
26411
26445
26479
26542
26550
26580
26636
26695
26789
26792
26813
26821
26828
26851
26852
26875
26877
26905
26924
26939
26984
27008
27013
27082
27122
27125
27134
27171
27197
27206
27214
27215
27238
27268
27270
27309
27333
27345
27347
27370
27379
27390
27420
27450
27487
27491
27550
27555
27624
27647
27664
27666
27671
27711
27766
27773
27779
27784
27794
27803
27820
27869
27873
27983
28001
28017
28057
28076
28091
28105
28112
28120
28127
28153
28191
28194
28218
28265
28280
28340
28350
28357
28377
28389
28392
28409
28435
28457
28472
28493
28501
28569
28627
28688
28700
28782
28793
28796
28805
28809
28868
28879
28890
28929
28931
28932
28946
28977
29007
29020
29037
29047
29066
29080
29083
29092
29098
29107
29117
29152
29174
29191
29196
29203
29241
29243
29292
29346
29385
29410
29518
29523
29579
29587
29695
29712
29739
29770
29775
29822
29856
29894
29902
29927
29940
29943
29955
30006
30017
30064
30110
30144
30157
30164
30204
30210
30212
30219
30232
30240
30241
30247
30317
30335
30366
30370
30387
30471
30477
30515
30552
30573
30585
30645
30665
30668
30671
30674
30714
30723
30727
30768
30831
30862
30962
30983
31063
31068
31180
31192
31202
31263
31315
31338
31345
31349
31369
31385
31422
31434
31447
31470
31477
31485
31599
31664
31677
31692
31818
31827
31849
31964
31990
31992
31993
32056
32112
32117
32149
32168
32176
32192
32215
32238
32267
32308
32371
32397
32405
32419
32429
32483
32528
32558
32583
32615
32640
32706
32722
32724
32756
32761
32766
32789
32804
32837
32856
32888
32920
32937
32958
32965
32978
32979
33025
33081
33087
33102
33196
33200
33217
33221
33309
33325
33330
33333
33407
33428
33436
33445
33446
33464
33529
33537
33557
33580
33597
33619
33628
33639
33656
33669
33703
33706
33774
33784
33826
33827
33863
33870
33898
33914
33942
33970
33998
34024
34033
34074
34079
34094
34125
34129
34138
34184
34193
34205
34232
34238
34317
34328
34359
34405
34425
34470
34486
34504
34514
34534
34548
34557
34587
34592
34671
34701
34713
34727
34760
34763
34770
34802
34810
34833
34838
34861
34922
34962
35044
35072
35156
35157
35180
35209
35262
35303
35334
35346
35417
35446
35510
35513
35528
35534
35548
35568
35573
35587
35590
35681
35729
35741
35742
35805
35812
35818
35926
35986
35989
36026
36058
36061
36118
36135
36149
36157
36183
36188
36190
36210
36229
36238
36267
36268
36331
36343
36353
36384
36401
36406
36418
36512
36569
36678
36707
36726
36809
36813
36928
36934
36948
36956
37005
37043
37109
37162
37180
37232
37236
37252
37258
37285
37286
37392
37408
37413
37442
37466
37516
37550
37552
37560
37561
37577
37637
37693
37712
37731
37754
37755
37791
37813
37865
37886
37937
37983
37999
38024
38026
38064
38138
38202
38244
38251
38286
38297
38298
38382
38423
38432
38448
38449
38555
38568
38570
38592
38610
38624
38632
38663
38726
38739
38741
38771
38776
38798
38828
38835
38860
38885
38912
39057
39110
39142
39159
39201
39252
39271
39310
39342
39347
39358
39361
39420
39451
39517
39524
39526
39541
39561
39580
39638
39643
39686
39700
39737
39780
39820
39835
39849
39866
39889
39916
39931
39938
39980
39993
-1
