44
50
75
93
147
199
250
290
323
375
377
398
453
479
484
489
492
493
503
506
571
573
594
614
653
705
751
836
890
939
1013
1043
1061
1072
1076
1087
1102
1120
1140
1141
1158
1172
1214
1315
1366
1411
1450
1475
1479
1481
1505
1515
1517
1539
1559
1561
1568
1597
1601
1680
1711
1712
1769
1774
1784
1833
1844
1858
1887
1889
1898
1975
1988
2008
2011
2013
2027
2073
2116
2117
2145
2162
2165
2205
2206
2237
2252
2278
2283
2307
2316
2335
2361
2376
2389
2398
2404
2440
2475
2487
2519
2544
2545
2590
2624
2631
2719
2729
2738
2756
2770
2775
2837
2847
2914
2917
2933
2937
2959
2981
2997
3026
3035
3066
3084
3094
3106
3141
3143
3155
3175
3195
3221
3269
3293
3304
3326
3344
3383
3396
3471
3476
3508
3514
3517
3521
3542
3550
3575
3578
3584
3600
3613
3614
3634
3654
3673
3687
3732
3790
3805
3814
3831
3846
3892
3920
3941
3965
3967
4010
4044
4105
4116
4117
4153
4221
4229
4236
4274
4275
4320
4384
4386
4440
4464
4481
4486
4566
4600
4606
4616
4645
4701
4710
4715
4727
4764
4779
4809
4820
4846
4862
4917
4944
4958
4959
5015
5021
5113
5155
5158
5172
5240
5326
5330
5332
5362
5461
5500
5507
5530
5536
5553
5601
5648
5702
5707
5773
5777
5813
5849
5895
5943
5948
6013
6023
6095
6123
6138
6170
6196
6200
6219
6248
6255
6261
6278
6280
6337
6354
6367
6373
6429
6466
6504
6539
6562
6603
6634
6684
6705
6750
6791
6826
6835
6904
6917
6933
6970
6972
7032
7043
7138
7169
7179
7235
7255
7267
7356
7372
7399
7411
7470
7483
7500
7599
7602
7625
7630
7631
7639
7682
7706
7722
7734
7758
7866
7883
7897
7930
7967
7978
8020
8021
8057
8062
8096
8147
8207
8281
8312
8317
8319
8326
8387
8420
8428
8439
8449
8453
8470
8494
8524
8532
8605
8613
8630
8642
8685
8708
8759
8789
8792
8841
8864
8871
8899
8909
8928
8949
8950
8953
8985
8990
9008
9022
9062
9080
9094
9127
9130
9183
9188
9192
9208
9221
9254
9265
9342
9371
9447
9477
9480
9498
9504
9519
9551
9594
9682
9694
9696
9706
9720
9772
9810
9814
9815
9855
9868
9885
9939
9967
9974
10000
10014
10020
10155
10215
10217
10243
10261
10288
10364
10368
10377
10379
10382
10390
10424
10430
10437
10440
10468
10497
10536
10555
10596
10639
10642
10669
10705
10706
10707
10713
10723
10741
10791
10798
10802
10880
10924
10988
11081
11144
11169
11193
11225
11232
11245
11262
11287
11313
11329
11359
11383
11392
11398
11421
11450
11468
11479
11518
11520
11560
11567
11570
11578
11583
11606
11616
11632
11635
11651
11662
11708
11739
11804
11822
11908
11919
11920
11929
11932
11963
11971
12023
12038
12089
12120
12135
12145
12172
12178
12207
12214
12285
12295
12297
12302
12369
12388
12433
12434
12472
12510
12515
12521
12528
12554
12559
12562
12597
12676
12689
12709
12713
12714
12731
12739
12741
12783
12785
12815
12822
12883
12906
12955
12971
12983
13101
13157
13167
13207
13214
13229
13235
13242
13271
13286
13331
13335
13364
13481
13483
13496
13505
13512
13561
13589
13593
13611
13628
13654
13674
13676
13678
13679
13724
13753
13766
13802
13826
13847
13882
13908
13927
13938
13943
13952
13961
14057
14058
14061
14064
14072
14114
14149
14168
14223
14237
14243
14284
14285
14323
14354
14359
14361
14362
14384
14402
14518
14525
14561
14644
14656
14664
14670
14686
14711
14713
14734
14752
14759
14760
14796
14840
14846
14879
14901
14944
15009
15038
15039
15040
15050
15087
15110
15133
15165
15255
15274
15276
15331
15341
15366
15430
15488
15513
15522
15532
15541
15595
15665
15773
15845
15846
15851
15857
15939
15982
16076
16083
16085
16116
16160
16194
16209
16231
16305
16310
16313
16317
16374
16419
16444
16480
16491
16499
16525
16581
16583
16662
16676
16681
16689
16768
16780
16820
16846
16847
16888
16909
16926
16927
16977
17028
17034
17053
17065
17142
17163
17169
17202
17204
17216
17230
17233
17266
17328
17352
17406
17407
17446
17454
17512
17550
17573
17619
17626
17648
17656
17658
17687
17708
17753
17823
17827
17842
17868
17941
17942
17968
18006
18018
18052
18077
18090
18109
18161
18170
18187
18196
18199
18206
18279
18304
18336
18342
18373
18403
18416
18433
18486
18493
18556
18562
18589
18623
18682
18690
18699
18725
18757
18765
18799
18875
18881
18891
18893
18937
18950
19180
19209
19218
19223
19243
19257
19262
19269
19311
19364
19372
19447
19517
19539
19554
19619
19628
19681
19692
19698
19715
19736
19828
19832
19840
19907
19923
19952
19984
20062
20065
20109
20172
20227
20247
20260
20273
20280
20289
20408
20475
20492
20520
20543
20628
20639
20672
20673
20675
20692
20725
20777
20815
20847
20898
20916
20954
20961
20964
20974
21005
21103
21135
21137
21158
21174
21194
21237
21253
21265
21284
21379
21419
21420
21443
21450
21461
21466
21538
21554
21579
21614
21651
21712
21736
21750
21807
21811
21836
21841
21842
21851
21867
21872
21893
21966
21982
21986
21999
22003
22008
22063
22066
22081
22172
22194
22201
22221
22255
22268
22274
22280
22342
22370
22397
22415
22421
22448
22494
22571
22598
22600
22680
22713
22719
22729
22798
22819
22821
22859
22867
22869
22902
22984
23068
23076
23117
23119
23144
23145
23174
23180
23188
23196
23199
23235
23257
23293
23350
23388
23397
23403
23423
23436
23465
23471
23479
23481
23486
23487
23522
23534
23578
23680
23730
23736
23762
23781
23787
23883
23933
23966
23988
24015
24031
24035
24061
24088
24090
24110
24121
24182
24228
24235
24238
24245
24261
24303
24348
24396
24406
24409
24410
24441
24471
24474
24481
24484
24515
24532
24538
24611
24646
24667
24735
24743
24749
24795
24824
24915
24949
24979
24984
25002
25090
25164
25192
25267
25276
25285
25311
25320
25355
25372
25389
25413
25452
25453
25461
25465
25494
25534
25540
25558
25569
25626
25633
25635
25636
25662
25682
25691
25704
25706
25734
25738
25842
25873
25902
25918
25926
25962
25963
26065
26093
26094
26121
26137
26209
26232
26247
26272
26275
26278
26334
26357
26366
26384
26439
26442
26445
26450
26467
26484
26493
26500
26525
26542
26599
26605
26667
26680
26706
26711
26719
26772
26773
26775
26783
26799
26802
26805
26806
26847
26882
26899
26938
26959
26995
27029
27059
27083
27088
27150
27161
27163
27197
27222
27259
27284
27322
27351
27365
27396
27406
27449
27585
27605
27638
27641
27687
27705
27724
27734
27763
27769
27795
27804
27833
27858
27872
27880
27889
27899
27905
27941
27943
27998
28009
28012
28081
28089
28112
28155
28186
28237
28270
28278
28312
28315
28347
28356
28378
28402
28432
28446
28474
28476
28505
28507
28526
28538
28552
28591
28595
28599
28603
28627
28636
28652
28662
28703
28707
28713
28734
28749
28885
28886
28908
29090
29091
29124
29135
29161
29177
29186
29202
29283
29299
29452
29507
29535
29596
29597
29621
29741
29788
29845
29867
29905
29907
29909
29928
30000
30009
30099
30137
30188
30204
30222
30237
30255
30287
30323
30330
30333
30376
30393
30398
30434
30446
30482
30523
30548
30580
30591
30594
30605
30626
30661
30676
30693
30731
30738
30760
30775
30802
30824
30840
30917
30922
30927
30951
30978
30994
31024
31025
31079
31083
31121
31129
31168
31226
31256
31258
31262
31264
31288
31293
31310
31330
31345
31377
31407
31424
31430
31482
31488
31542
31564
31608
31665
31674
31689
31730
31792
31820
31833
31851
31893
31979
31986
32018
32034
32052
32057
32101
32109
32147
32162
32167
32174
32252
32288
32310
32311
32329
32366
32397
32431
32452
32484
32495
32502
32544
32595
32614
32653
32695
32732
32745
32749
32841
32857
32882
32913
32924
32985
32995
33018
33024
33028
33091
33200
33227
33233
33236
33239
33273
33309
33356
33441
33460
33588
33594
33613
33617
33619
33657
33748
33796
33819
33842
33865
33890
33946
34006
34055
34056
34131
34183
34234
34252
34321
34328
34349
34356
34357
34418
34466
34489
34558
34572
34585
34604
34687
34691
34720
34752
34861
34868
34877
34878
34882
34905
34923
34946
34965
34984
34985
35022
35025
35045
35067
35113
35192
35203
35214
35224
35236
35245
35267
35294
35297
35307
35411
35460
35463
35481
35487
35515
35571
35620
35649
35651
35658
35660
35747
35748
35766
35772
35789
35844
35851
35858
35913
35948
35963
35981
35983
36012
36018
36022
36024
36070
36073
36090
36104
36127
36150
36179
36212
36302
36329
36368
36376
36393
36438
36446
36494
36524
36531
36597
36645
36700
36702
36724
36756
36760
36813
36825
36842
36848
36859
36884
36885
36914
37008
37015
37040
37053
37057
37098
37102
37109
37120
37132
37177
37181
37304
37341
37451
37465
37492
37501
37540
37553
37559
37656
37703
37709
37724
37779
37781
37821
37822
37855
37863
37915
37947
37961
37966
37978
37990
38013
38027
38048
38058
38065
38072
38074
38097
38122
38126
38145
38146
38235
38236
38238
38253
38271
38297
38331
38342
38344
38413
38425
38430
38482
38488
38566
38583
38597
38618
38639
38685
38694
38731
38788
38793
38814
38861
38867
38987
39015
39031
39036
39042
39073
39082
39085
39103
39113
39120
39136
39187
39201
39212
39242
39276
39371
39437
39455
39570
39572
39605
39634
39648
39661
39786
39801
39817
39873
39889
39900
39944
39950
39974
39989
-1
