41
107
145
188
223
236
241
314
334
335
469
474
614
638
681
728
738
776
778
801
820
854
866
923
924
939
941
961
979
1003
1031
1047
1070
1102
1190
1250
1307
1330
1348
1350
1368
1378
1422
1433
1460
1515
1533
1538
1551
1563
1588
1595
1596
1661
1666
1696
1708
1755
1761
1771
1826
1832
1841
1874
1876
1879
1931
1963
1981
1985
2029
2055
2079
2084
2110
2147
2199
2250
2274
2284
2287
2306
2367
2373
2375
2414
2417
2425
2449
2492
2555
2563
2602
2619
2665
2740
2745
2756
2761
2781
2784
2785
2809
2841
2956
3021
3039
3066
3127
3138
3139
3143
3314
3380
3412
3422
3429
3441
3461
3555
3578
3589
3610
3636
3671
3697
3751
3814
3827
3905
3954
3967
3970
3996
4015
4102
4111
4125
4136
4158
4181
4218
4248
4253
4258
4279
4288
4312
4318
4374
4388
4444
4459
4464
4473
4477
4480
4493
4509
4545
4596
4621
4647
4677
4762
4797
4811
4812
4833
4869
4888
4890
4933
4948
4976
4982
4990
5004
5021
5022
5073
5167
5194
5254
5324
5374
5393
5401
5455
5499
5557
5643
5703
5708
5737
5752
5811
5871
5881
5893
5895
5913
5926
5965
5966
5973
6086
6104
6132
6136
6184
6199
6230
6233
6263
6288
6300
6303
6313
6329
6388
6411
6436
6444
6447
6455
6460
6503
6516
6563
6633
6638
6658
6672
6674
6700
6712
6743
6787
6825
6838
6850
6897
6945
7000
7023
7092
7111
7228
7239
7257
7276
7279
7281
7341
7356
7446
7509
7555
7569
7666
7696
7722
7761
7812
7834
7842
7848
7949
7954
7976
7979
7983
8055
8057
8083
8091
8106
8111
8175
8177
8193
8200
8240
8271
8281
8285
8286
8333
8345
8368
8424
8463
8543
8560
8562
8564
8577
8625
8651
8656
8660
8666
8671
8697
8735
8786
8798
8804
8813
8833
8835
8899
9049
9069
9103
9146
9187
9235
9250
9251
9268
9273
9295
9326
9399
9448
9454
9462
9484
9532
9545
9596
9613
9626
9655
9672
9701
9726
9747
9750
9847
9872
9887
9906
9921
9923
9925
9992
10008
10009
10010
10121
10129
10157
10164
10195
10270
10317
10318
10342
10412
10434
10510
10512
10552
10598
10613
10625
10641
10689
10769
10831
10842
10856
10872
10905
10934
10955
10956
10975
11000
11004
11011
11154
11164
11165
11209
11219
11239
11240
11251
11274
11278
11307
11348
11360
11363
11386
11446
11459
11481
11531
11538
11552
11570
11573
11587
11597
11624
11694
11699
11713
11741
11748
11761
11767
11792
11817
11853
11867
11883
11912
11927
11973
12012
12021
12065
12070
12097
12132
12223
12278
12479
12561
12579
12658
12664
12679
12696
12784
12785
12853
12916
12919
12949
12956
12963
13009
13037
13047
13049
13065
13074
13107
13121
13142
13173
13177
13224
13265
13293
13304
13320
13329
13344
13355
13384
13394
13409
13418
13496
13540
13625
13678
13686
13772
13823
13849
13908
14019
14032
14064
14124
14149
14171
14173
14223
14227
14278
14309
14324
14329
14330
14363
14384
14387
14398
14441
14497
14507
14514
14530
14537
14559
14565
14567
14587
14677
14681
14720
14741
14786
14819
14820
14822
14863
14889
14904
14922
14938
14944
14981
15038
15071
15101
15117
15160
15161
15184
15190
15200
15205
15207
15221
15241
15246
15260
15321
15337
15363
15365
15369
15374
15382
15408
15449
15513
15598
15630
15663
15712
15774
15811
15827
15930
15949
15968
15981
16054
16062
16073
16090
16093
16174
16198
16207
16222
16250
16302
16313
16336
16341
16348
16358
16377
16414
16439
16443
16446
16474
16522
16564
16623
16634
16641
16643
16645
16670
16685
16687
16706
16715
16759
16779
16851
16860
16878
16942
16943
16955
17021
17023
17043
17066
17113
17134
17187
17190
17268
17269
17298
17303
17339
17366
17453
17500
17559
17564
17595
17596
17597
17606
17611
17630
17635
17641
17646
17698
17754
17777
17792
17817
17827
17831
17851
17864
17913
17922
17939
17976
18001
18074
18079
18097
18102
18113
18128
18144
18159
18168
18182
18213
18251
18253
18279
18348
18381
18419
18440
18443
18493
18512
18525
18563
18579
18612
18640
18643
18659
18693
18705
18757
18842
18850
18941
18943
18945
18974
18995
19004
19032
19064
19066
19074
19107
19124
19221
19246
19258
19261
19324
19349
19384
19412
19440
19484
19518
19534
19549
19585
19613
19624
19648
19649
19684
19693
19738
19739
19771
19899
19929
19941
19965
20044
20061
20083
20114
20150
20190
20214
20219
20222
20235
20279
20419
20455
20470
20493
20512
20546
20564
20651
20652
20661
20686
20688
20713
20739
20740
20754
20766
20783
20872
20959
20966
21047
21057
21073
21087
21115
21171
21214
21236
21266
21286
21309
21333
21345
21394
21403
21417
21436
21447
21449
21485
21499
21531
21539
21555
21619
21639
21647
21667
21687
21700
21727
21745
21775
21789
21809
21833
21852
21854
21889
22008
22022
22029
22068
22085
22098
22101
22145
22180
22228
22250
22267
22318
22327
22429
22452
22461
22464
22495
22531
22555
22561
22573
22612
22695
22734
22739
22743
22760
22918
22943
22954
23061
23103
23105
23117
23122
23123
23184
23207
23219
23224
23261
23303
23307
23318
23327
23344
23348
23350
23410
23435
23460
23461
23525
23583
23591
23671
23685
23713
23735
23774
23813
23840
23853
23874
23950
23979
24018
24024
24028
24041
24059
24232
24237
24242
24243
24297
24312
24320
24354
24358
24413
24415
24443
24460
24464
24486
24560
24571
24594
24627
24655
24675
24699
24783
24785
24790
24795
24805
24824
24827
24831
24837
24847
24848
24933
24943
24962
24963
24975
25002
25005
25006
25015
25076
25081
25144
25161
25178
25209
25289
25308
25355
25378
25432
25454
25468
25480
25482
25488
25501
25657
25667
25678
25683
25767
25790
25808
25827
26016
26021
26054
26068
26072
26090
26094
26096
26117
26133
26144
26149
26164
26187
26191
26193
26209
26225
26267
26272
26273
26287
26299
26313
26353
26388
26392
26403
26404
26425
26427
26443
26447
26459
26461
26487
26511
26516
26639
26644
26667
26722
26743
26755
26838
26888
26890
26933
26938
26951
26959
26969
26978
27010
27012
27030
27036
27112
27122
27137
27210
27215
27217
27251
27312
27338
27417
27427
27462
27472
27573
27586
27594
27614
27616
27631
27648
27649
27725
27801
27812
27844
27852
27892
28018
28048
28058
28086
28096
28103
28143
28153
28203
28207
28210
28219
28221
28227
28243
28258
28275
28290
28307
28466
28471
28497
28527
28529
28534
28566
28591
28605
28640
28649
28688
28701
28715
28754
28781
28784
28797
28800
28823
28835
28836
28838
28869
28893
28957
29004
29011
29040
29121
29136
29155
29199
29219
29295
29296
29374
29398
29442
29455
29457
29476
29526
29529
29570
29572
29614
29633
29646
29650
29703
29757
29778
29800
29827
29834
29905
29914
29935
29951
29972
30004
30023
30057
30090
30141
30156
30158
30169
30182
30186
30226
30245
30253
30280
30358
30371
30429
30437
30460
30496
30519
30574
30576
30577
30634
30649
30670
30671
30695
30752
30753
30759
30768
30778
30786
30826
30905
30913
31019
31044
31049
31080
31086
31122
31140
31154
31160
31167
31187
31197
31245
31280
31284
31296
31319
31389
31416
31442
31471
31489
31511
31518
31565
31574
31602
31607
31654
31655
31720
31780
31843
31878
31959
31979
31988
32014
32032
32043
32065
32066
32093
32129
32137
32158
32165
32166
32187
32198
32223
32251
32300
32322
32330
32339
32357
32368
32372
32420
32438
32449
32467
32516
32551
32553
32623
32696
32707
32738
32744
32758
32796
32797
32816
32824
32883
32886
32889
32892
32915
32970
32985
33013
33021
33035
33046
33053
33082
33114
33166
33191
33199
33231
33270
33274
33301
33306
33341
33370
33433
33451
33470
33502
33547
33606
33614
33643
33666
33684
33696
33699
33703
33733
33765
33844
33855
33897
33907
33932
33955
33959
33967
33968
33969
33996
34001
34013
34070
34083
34099
34117
34123
34200
34232
34336
34392
34460
34468
34470
34473
34515
34545
34560
34579
34594
34600
34607
34640
34646
34662
34704
34715
34718
34742
34806
34807
34815
34880
34925
34926
34940
34989
35074
35119
35121
35154
35199
35208
35233
35239
35343
35344
35451
35466
35471
35575
35589
35617
35620
35629
35650
35661
35689
35708
35714
35764
35775
35776
35778
35797
35802
35816
35849
35850
35853
35855
35907
35953
35954
35977
35988
36015
36019
36026
36111
36119
36175
36194
36203
36211
36214
36217
36240
36250
36254
36260
36280
36289
36312
36317
36328
36329
36338
36345
36404
36434
36461
36467
36478
36513
36517
36581
36588
36601
36607
36617
36631
36641
36661
36684
36688
36726
36740
36743
36835
36869
36880
36884
36898
36935
36940
36955
36971
36994
37037
37145
37161
37166
37186
37229
37235
37242
37315
37319
37325
37398
37417
37424
37433
37462
37544
37549
37570
37572
37630
37676
37691
37715
37720
37735
37756
37775
37778
37803
37809
37879
37920
37939
37973
37978
37994
38005
38021
38042
38049
38085
38100
38127
38142
38145
38166
38178
38192
38275
38278
38295
38302
38320
38373
38383
38386
38389
38395
38417
38522
38535
38544
38545
38548
38566
38645
38668
38707
38724
38725
38728
38764
38781
38811
38859
38864
38897
38939
38946
38949
38987
38995
39019
39043
39093
39102
39113
39115
39159
39166
39189
39195
39279
39308
39320
39321
39327
39417
39446
39450
39477
39534
39544
39546
39582
39608
39655
39706
39710
39740
39749
39759
39760
39800
39888
39896
39963
-1
