3
114
172
199
251
307
308
309
321
323
336
367
501
530
544
603
608
673
699
718
736
739
760
768
787
834
873
901
908
942
971
976
978
988
997
1003
1035
1049
1058
1093
1140
1159
1201
1211
1271
1357
1365
1393
1413
1454
1523
1555
1567
1607
1614
1675
1698
1702
1724
1758
1778
1849
1914
1957
1963
1964
1983
1988
1996
2010
2016
2018
2022
2052
2084
2097
2119
2129
2134
2178
2185
2211
2212
2225
2289
2357
2410
2435
2474
2498
2512
2530
2570
2579
2584
2626
2630
2644
2735
2738
2776
2781
2795
2804
2876
2883
2922
2947
2949
3003
3029
3050
3121
3139
3157
3178
3208
3209
3243
3290
3295
3300
3310
3325
3329
3360
3386
3388
3470
3492
3504
3553
3582
3615
3618
3620
3625
3628
3669
3673
3682
3705
3751
3772
3791
3797
3826
3845
3910
3921
4040
4090
4099
4105
4116
4123
4138
4172
4180
4234
4254
4267
4289
4292
4298
4306
4329
4389
4476
4523
4526
4641
4642
4681
4694
4729
4737
4738
4758
4775
4777
4811
4853
4869
5016
5026
5070
5071
5114
5134
5136
5169
5177
5183
5226
5249
5250
5251
5263
5272
5296
5307
5316
5326
5338
5348
5354
5381
5387
5411
5440
5509
5549
5580
5581
5588
5603
5605
5651
5760
5763
5773
5782
5798
5817
5828
5846
5861
5863
5877
5911
5944
5958
5989
6029
6035
6054
6067
6070
6096
6108
6124
6173
6177
6178
6179
6189
6200
6213
6242
6252
6273
6291
6293
6314
6326
6327
6350
6372
6395
6413
6455
6458
6524
6538
6604
6649
6750
6766
6772
6792
6796
6808
6850
6856
6894
6939
7007
7024
7051
7062
7088
7113
7134
7205
7207
7212
7232
7234
7247
7269
7351
7387
7388
7406
7409
7415
7419
7510
7525
7537
7546
7553
7597
7633
7705
7712
7756
7773
7780
7789
7809
7830
7929
7943
7949
7961
7999
8021
8078
8085
8134
8264
8276
8305
8335
8342
8343
8373
8391
8446
8507
8524
8530
8640
8697
8713
8728
8756
8812
8829
9033
9034
9039
9055
9068
9094
9133
9141
9176
9207
9281
9334
9339
9388
9394
9441
9484
9502
9525
9568
9590
9597
9637
9660
9680
9707
9753
9768
9791
9825
9826
9878
9890
9912
9962
9972
9975
9985
10014
10024
10037
10076
10240
10265
10267
10289
10295
10316
10320
10349
10360
10375
10418
10435
10475
10486
10498
10561
10597
10606
10609
10621
10633
10672
10702
10715
10741
10748
10752
10761
10768
10785
10790
10803
10875
10915
10916
10945
10981
10989
11023
11037
11080
11156
11164
11192
11195
11235
11261
11265
11280
11307
11344
11413
11429
11430
11508
11530
11543
11555
11559
11579
11590
11594
11669
11768
11772
11812
11823
11844
11863
11892
11903
11929
11935
11998
12037
12047
12058
12133
12156
12280
12283
12293
12362
12423
12436
12445
12506
12539
12573
12635
12646
12648
12677
12703
12705
12707
12768
12796
12804
12867
12884
12890
12893
12919
12933
13053
13123
13163
13170
13226
13249
13337
13355
13358
13393
13421
13452
13481
13514
13549
13562
13571
13654
13666
13680
13718
13721
13739
13742
13776
13811
13836
13868
13875
13894
13895
13912
13935
13952
13995
14014
14039
14052
14087
14121
14178
14188
14196
14197
14223
14232
14261
14313
14351
14373
14474
14477
14489
14506
14508
14543
14574
14577
14583
14606
14611
14613
14677
14683
14715
14751
14769
14823
14899
14922
14976
15048
15068
15095
15150
15202
15232
15243
15308
15312
15340
15345
15349
15354
15359
15369
15419
15456
15468
15514
15518
15596
15628
15648
15681
15724
15742
15782
15802
15816
15833
15839
15855
15864
15865
15916
15927
15929
15939
15972
16014
16020
16039
16041
16060
16073
16096
16098
16108
16113
16123
16125
16197
16209
16214
16217
16240
16298
16314
16326
16338
16375
16400
16416
16451
16455
16471
16477
16502
16554
16617
16722
16776
16830
16837
16876
16907
16928
16999
17011
17024
17044
17057
17075
17078
17094
17143
17154
17210
17212
17256
17259
17296
17346
17360
17368
17380
17409
17426
17468
17479
17491
17504
17522
17550
17552
17598
17698
17718
17727
17778
17806
17834
17869
17920
17938
17985
18024
18031
18036
18049
18079
18086
18120
18165
18213
18229
18264
18267
18285
18311
18329
18330
18344
18351
18416
18432
18446
18459
18501
18515
18579
18589
18599
18603
18607
18659
18670
18689
18721
18734
18759
18778
18785
18805
18830
18872
18878
18882
18897
18919
18960
18970
18992
19051
19070
19075
19221
19246
19255
19333
19348
19363
19389
19395
19405
19496
19531
19532
19537
19563
19612
19642
19653
19670
19704
19716
19744
19797
19815
19817
19870
19873
19877
19886
19907
19909
19931
19942
19983
20003
20071
20084
20104
20118
20131
20216
20282
20414
20429
20446
20452
20464
20475
20496
20580
20606
20609
20612
20665
20691
20711
20721
20773
20820
20823
20838
20912
20945
20973
21210
21220
21226
21237
21264
21301
21307
21348
21420
21421
21427
21431
21469
21494
21538
21577
21584
21690
21741
21786
21820
21839
21844
21898
21905
21949
22050
22071
22072
22118
22119
22144
22158
22190
22192
22221
22265
22304
22483
22520
22528
22546
22555
22584
22613
22615
22639
22646
22752
22759
22782
22791
22814
22865
22880
22892
22918
22949
22984
22992
23015
23024
23046
23078
23083
23101
23115
23135
23145
23160
23166
23188
23200
23211
23330
23376
23403
23588
23594
23658
23676
23694
23709
23713
23724
23760
23908
23927
23945
23955
23985
24016
24056
24079
24109
24127
24148
24149
24156
24163
24179
24198
24200
24253
24272
24273
24306
24326
24343
24354
24449
24463
24603
24638
24662
24666
24673
24688
24712
24722
24731
24747
24774
24888
24896
24899
24907
24965
24969
25000
25001
25003
25015
25032
25039
25054
25088
25131
25140
25160
25207
25253
25273
25290
25315
25330
25334
25336
25375
25386
25403
25407
25446
25459
25488
25491
25493
25499
25518
25523
25561
25576
25579
25590
25706
25715
25717
25721
25737
25803
25876
25942
25979
25993
26030
26066
26067
26102
26142
26191
26223
26228
26276
26285
26306
26344
26374
26405
26425
26429
26479
26523
26540
26550
26581
26607
26608
26636
26637
26721
26738
26744
26801
26853
26868
26870
26970
26996
27038
27087
27098
27120
27250
27268
27276
27279
27288
27307
27308
27372
27380
27408
27520
27567
27577
27591
27595
27610
27636
27642
27662
27663
27689
27713
27721
27738
27769
27806
27819
27832
27879
27883
27896
27988
28016
28032
28036
28042
28071
28087
28096
28149
28183
28193
28229
28233
28236
28239
28250
28317
28337
28338
28382
28391
28399
28407
28471
28489
28505
28514
28521
28523
28554
28559
28597
28611
28614
28616
28646
28653
28690
28713
28728
28760
28768
28803
28830
28888
28918
28940
28978
28991
29032
29033
29038
29088
29134
29192
29271
29301
29307
29312
29327
29384
29395
29421
29476
29511
29540
29575
29606
29635
29653
29694
29761
29765
29773
29781
29796
29814
29825
29849
29860
29886
29915
30008
30011
30031
30063
30157
30176
30196
30198
30221
30251
30274
30276
30315
30325
30334
30346
30429
30460
30484
30501
30511
30513
30564
30589
30623
30651
30664
30666
30688
30828
30833
30837
30839
30849
30853
30874
30875
30919
30977
30995
31009
31064
31155
31157
31159
31172
31187
31201
31213
31220
31234
31290
31359
31422
31439
31465
31474
31489
31527
31548
31555
31558
31665
31837
31838
31842
31863
31882
31895
31931
31944
32006
32024
32040
32080
32083
32170
32203
32253
32258
32290
32358
32368
32386
32395
32467
32501
32516
32517
32519
32547
32548
32604
32614
32640
32643
32665
32676
32691
32692
32797
32810
32825
32827
32882
32898
32927
32976
32981
33005
33034
33036
33078
33170
33196
33198
33254
33276
33288
33306
33370
33406
33420
33431
33438
33439
33451
33519
33600
33604
33606
33616
33628
33632
33640
33671
33786
33827
33837
33880
33903
33940
33966
33972
33979
33992
33996
34013
34030
34041
34050
34053
34099
34113
34124
34157
34183
34199
34257
34285
34327
34345
34368
34378
34407
34408
34416
34431
34487
34506
34526
34546
34565
34591
34600
34643
34646
34656
34664
34667
34673
34692
34701
34704
34722
34725
34729
34843
34847
34871
34879
34913
34964
34974
34995
34997
35030
35031
35130
35141
35151
35164
35178
35184
35188
35194
35198
35228
35250
35269
35273
35313
35383
35392
35394
35409
35482
35545
35554
35560
35609
35612
35645
35697
35760
35766
35786
35791
35868
35898
35907
35912
35933
35959
36000
36002
36054
36064
36072
36089
36134
36155
36174
36196
36226
36234
36252
36262
36283
36288
36295
36327
36328
36382
36389
36418
36481
36510
36541
36551
36597
36619
36655
36674
36684
36690
36713
36722
36761
36763
36782
36791
36879
36888
36889
36946
36951
36982
37015
37068
37088
37118
37125
37142
37168
37195
37229
37231
37250
37332
37343
37372
37375
37420
37510
37515
37525
37581
37611
37641
37668
37699
37720
37747
37763
37786
37813
37852
37854
37895
37911
37934
37936
38027
38077
38110
38118
38130
38131
38141
38150
38155
38161
38223
38226
38256
38269
38287
38321
38322
38324
38352
38381
38426
38427
38430
38466
38495
38545
38606
38609
38654
38692
38700
38704
38765
38794
38804
38855
38868
38971
38976
38997
39005
39013
39021
39074
39103
39155
39203
39205
39245
39284
39311
39352
39358
39365
39382
39391
39393
39411
39414
39420
39427
39433
39438
39476
39500
39555
39607
39613
39629
39647
39735
39740
39757
39969
-1
