29
46
48
119
124
165
183
196
233
251
301
309
320
377
390
396
432
461
499
511
518
562
613
616
632
639
647
662
682
689
727
736
739
789
805
852
939
964
984
995
1046
1071
1072
1088
1127
1141
1172
1180
1194
1211
1233
1350
1359
1374
1418
1450
1472
1474
1495
1521
1522
1538
1583
1589
1599
1734
1760
1782
1784
1790
1821
1839
1874
1885
1894
1916
1942
1967
1980
1986
2005
2036
2153
2161
2177
2185
2189
2270
2281
2339
2348
2352
2382
2385
2453
2459
2472
2483
2484
2525
2553
2723
2727
2737
2768
2778
2789
2796
2809
2815
2817
2830
2882
2910
2912
2972
2979
3025
3039
3074
3090
3123
3140
3159
3178
3213
3222
3237
3244
3254
3259
3284
3293
3328
3367
3416
3419
3482
3498
3510
3511
3523
3556
3574
3585
3587
3609
3624
3633
3658
3662
3679
3686
3689
3698
3784
3864
3894
4041
4045
4046
4067
4069
4076
4120
4129
4135
4152
4156
4204
4275
4300
4337
4358
4360
4361
4363
4388
4418
4439
4445
4448
4482
4487
4489
4496
4526
4534
4550
4584
4594
4629
4640
4660
4671
4682
4701
4708
4709
4728
4811
4830
4850
4884
4890
4900
4903
4923
4953
4961
4965
4990
4995
4996
4999
5031
5066
5100
5112
5123
5125
5149
5154
5179
5196
5208
5225
5235
5252
5263
5296
5315
5341
5364
5365
5374
5394
5431
5481
5525
5548
5601
5619
5633
5635
5660
5705
5717
5719
5745
5754
5760
5801
5851
5864
5943
5944
5982
5987
6008
6035
6083
6140
6160
6178
6235
6242
6291
6317
6331
6340
6344
6358
6437
6440
6444
6497
6505
6530
6587
6603
6605
6610
6713
6736
6756
6788
6878
6880
6912
6926
6941
6944
6945
6954
6973
7073
7091
7119
7120
7134
7175
7284
7327
7361
7366
7382
7384
7398
7418
7432
7444
7510
7514
7519
7531
7556
7580
7589
7610
7640
7765
7787
7872
7945
7946
7957
8036
8044
8059
8094
8114
8137
8193
8194
8205
8223
8228
8252
8270
8298
8332
8355
8377
8426
8480
8493
8509
8520
8528
8573
8635
8648
8705
8723
8740
8765
8776
8824
8898
8957
8979
8980
9001
9013
9019
9054
9058
9121
9166
9187
9219
9239
9264
9266
9289
9291
9294
9307
9353
9373
9397
9417
9443
9449
9457
9461
9483
9518
9522
9525
9532
9540
9635
9657
9672
9695
9700
9717
9734
9760
9761
9783
9791
9832
9887
9908
9966
10000
10034
10054
10061
10081
10123
10147
10173
10177
10222
10286
10308
10315
10336
10375
10376
10382
10389
10413
10419
10420
10421
10423
10505
10529
10560
10581
10596
10601
10668
10694
10753
10799
10818
10854
10891
10985
11006
11022
11054
11073
11077
11083
11084
11107
11128
11146
11152
11206
11223
11242
11248
11337
11338
11401
11413
11418
11429
11467
11489
11517
11520
11556
11646
11688
11691
11712
11755
11777
11791
11794
11803
11823
11875
11876
11889
11924
11961
11982
12018
12054
12056
12074
12114
12117
12212
12278
12284
12297
12337
12425
12472
12475
12484
12498
12517
12519
12529
12553
12562
12571
12574
12591
12597
12599
12619
12660
12678
12696
12731
12732
12745
12746
12756
12808
12823
12851
12868
12871
12893
12925
12936
12952
12957
12962
12967
12999
13031
13059
13088
13159
13162
13171
13245
13267
13377
13382
13383
13455
13470
13481
13493
13511
13519
13549
13580
13653
13670
13673
13746
13757
13762
13763
13828
13845
13865
13881
13916
13922
13924
14031
14101
14180
14235
14239
14276
14298
14313
14344
14353
14371
14376
14403
14412
14417
14419
14483
14484
14539
14547
14565
14612
14617
14620
14623
14668
14746
14773
14790
14794
14802
14815
14817
14848
14876
14881
14955
14961
15026
15145
15182
15184
15220
15271
15283
15302
15362
15425
15467
15475
15491
15535
15564
15581
15591
15636
15647
15675
15710
15721
15741
15797
15824
15876
15948
15976
15977
15993
16005
16059
16062
16175
16177
16183
16227
16289
16305
16326
16331
16367
16380
16401
16407
16412
16452
16454
16457
16541
16561
16567
16630
16653
16687
16697
16802
16839
16849
16850
16890
16929
17003
17092
17099
17114
17117
17140
17147
17176
17189
17233
17256
17259
17285
17325
17338
17353
17354
17399
17444
17473
17505
17514
17540
17570
17600
17607
17612
17617
17619
17620
17626
17691
17806
17847
17851
17853
17855
17870
17896
17926
17940
17970
18000
18002
18013
18016
18079
18144
18145
18151
18183
18192
18218
18234
18255
18301
18318
18362
18364
18439
18508
18511
18601
18677
18680
18690
18706
18741
18760
18828
18856
18858
18894
18930
19015
19019
19124
19127
19137
19151
19174
19203
19211
19241
19266
19268
19276
19287
19387
19433
19443
19464
19498
19500
19501
19527
19535
19555
19568
19579
19582
19618
19621
19650
19705
19756
19783
19844
19872
19890
19900
19931
19976
20117
20127
20199
20233
20282
20313
20316
20391
20521
20568
20574
20577
20586
20598
20603
20606
20688
20717
20741
20773
20794
20802
20859
20865
20898
20909
20922
20955
21018
21044
21055
21070
21071
21086
21090
21092
21119
21120
21126
21132
21146
21147
21159
21223
21274
21281
21286
21301
21320
21400
21406
21450
21525
21571
21580
21601
21613
21636
21642
21673
21683
21735
21743
21774
21786
21835
21886
21940
21985
21991
22031
22060
22064
22075
22091
22130
22133
22135
22140
22157
22231
22268
22281
22306
22341
22365
22369
22379
22420
22468
22514
22550
22561
22566
22568
22611
22652
22653
22678
22692
22724
22748
22772
22785
22798
22821
22823
22861
22868
22926
22955
22988
23009
23015
23029
23056
23078
23089
23118
23121
23132
23136
23176
23195
23213
23218
23226
23241
23344
23360
23392
23417
23439
23456
23490
23505
23579
23621
23625
23629
23642
23662
23713
23808
23848
23862
23948
23963
24016
24023
24027
24032
24033
24051
24070
24135
24138
24149
24151
24154
24189
24216
24246
24260
24264
24279
24308
24311
24336
24409
24410
24439
24446
24464
24481
24507
24556
24624
24645
24722
24741
24821
24872
24875
24910
24950
24962
24973
24980
25000
25006
25010
25027
25060
25084
25087
25091
25106
25110
25121
25147
25220
25247
25300
25326
25352
25431
25449
25605
25619
25668
25715
25729
25739
25753
25758
25778
25792
25808
25825
25843
25892
25919
25949
25950
26001
26004
26110
26139
26149
26166
26169
26172
26197
26206
26327
26333
26362
26388
26494
26495
26506
26526
26528
26560
26586
26653
26669
26673
26735
26813
26820
26833
26944
26981
27008
27086
27108
27218
27242
27333
27364
27394
27401
27411
27428
27435
27444
27514
27519
27530
27543
27549
27550
27567
27593
27622
27633
27641
27652
27677
27816
27883
27894
27923
27948
27957
27959
28056
28102
28209
28232
28240
28258
28266
28296
28381
28392
28465
28484
28505
28537
28545
28568
28587
28592
28604
28614
28625
28649
28658
28666
28672
28752
28756
28787
28887
28932
28949
28985
28997
29024
29038
29057
29093
29105
29106
29110
29120
29148
29167
29171
29172
29293
29318
29343
29397
29419
29453
29461
29465
29504
29522
29529
29597
29643
29650
29664
29699
29748
29797
29806
29817
29875
29896
29925
29940
29954
29962
29983
30053
30075
30104
30116
30146
30172
30226
30247
30334
30342
30347
30380
30404
30405
30471
30491
30507
30515
30558
30564
30579
30673
30686
30761
30763
30797
30798
30821
30909
30921
31007
31015
31019
31045
31070
31119
31160
31168
31185
31192
31311
31354
31375
31415
31429
31441
31469
31502
31504
31530
31541
31554
31580
31593
31633
31661
31665
31692
31693
31694
31705
31715
31718
31727
31757
31772
31778
31818
31851
31865
31882
31931
32056
32060
32062
32087
32141
32158
32185
32262
32361
32368
32403
32417
32427
32490
32511
32529
32541
32620
32636
32660
32699
32701
32702
32757
32761
32762
32808
32814
32905
32914
32938
33025
33032
33039
33056
33111
33149
33171
33194
33198
33271
33277
33279
33296
33307
33370
33379
33398
33409
33437
33508
33517
33620
33659
33679
33689
33751
33754
33759
33876
33892
33910
33945
33958
33961
34018
34025
34065
34092
34096
34101
34107
34138
34150
34168
34172
34190
34206
34262
34267
34298
34308
34345
34354
34365
34415
34485
34506
34524
34527
34579
34643
34667
34706
34723
34783
34796
34799
34805
34859
34881
34891
34943
34952
34962
34991
35025
35046
35057
35156
35174
35190
35192
35219
35287
35321
35376
35389
35411
35422
35437
35464
35499
35519
35577
35587
35715
35767
35768
35775
35831
35857
35859
35870
35888
35901
35939
35962
35979
36048
36088
36135
36151
36170
36177
36190
36192
36196
36228
36244
36254
36269
36274
36305
36307
36310
36330
36332
36337
36362
36394
36470
36494
36507
36554
36572
36580
36584
36587
36682
36697
36736
36769
36819
36821
36833
36882
36919
36966
36992
37010
37095
37100
37129
37155
37211
37229
37282
37283
37292
37315
37318
37389
37428
37461
37474
37509
37597
37601
37607
37617
37620
37643
37687
37690
37719
37722
37725
37731
37742
37747
37784
37798
37824
37842
37860
37876
37889
37910
37923
37939
38017
38027
38049
38067
38088
38089
38173
38200
38203
38220
38264
38297
38309
38315
38344
38456
38588
38725
38785
38807
38833
38853
38876
38936
38945
38956
38963
38983
39095
39101
39106
39115
39148
39166
39203
39206
39208
39218
39231
39243
39294
39299
39303
39333
39419
39481
39484
39500
39508
39522
39591
39607
39612
39732
39750
39752
39757
39771
39788
39796
39859
39888
39933
39942
39961
39984
-1
