7
23
28
31
69
76
80
122
135
160
184
228
255
314
362
379
401
451
474
535
546
559
579
591
597
615
638
644
678
733
783
884
897
907
919
929
943
951
996
1002
1005
1008
1035
1075
1120
1135
1150
1175
1186
1239
1323
1330
1378
1399
1421
1436
1446
1453
1489
1497
1501
1549
1564
1575
1612
1628
1683
1699
1711
1848
1856
1876
1897
1918
1929
1954
1984
1998
2008
2068
2070
2121
2140
2191
2270
2275
2326
2341
2362
2388
2397
2401
2407
2410
2453
2475
2480
2526
2546
2556
2624
2626
2674
2679
2682
2689
2690
2702
2777
2830
2842
2885
2890
2920
2921
2933
2943
2947
2968
3000
3016
3019
3026
3037
3049
3069
3082
3104
3216
3291
3320
3325
3349
3395
3414
3520
3537
3543
3546
3555
3568
3597
3603
3642
3665
3667
3683
3696
3761
3792
3832
3917
3923
3930
3935
3937
3983
4043
4073
4106
4168
4180
4217
4254
4259
4280
4293
4339
4364
4375
4409
4470
4632
4634
4683
4686
4692
4723
4773
4812
4817
4819
4825
4833
4859
4913
4926
4929
4931
4943
4955
5040
5085
5162
5198
5208
5237
5251
5261
5278
5290
5302
5310
5385
5395
5405
5442
5460
5497
5554
5570
5571
5609
5622
5643
5667
5705
5710
5729
5759
5773
5823
5826
5865
5910
5920
5926
5945
5960
6009
6023
6034
6069
6079
6098
6143
6203
6217
6247
6267
6295
6307
6324
6379
6390
6392
6419
6445
6447
6482
6487
6489
6568
6584
6642
6652
6675
6682
6701
6800
6810
6885
6917
6948
6985
6996
7015
7054
7125
7136
7160
7239
7288
7301
7332
7380
7394
7424
7488
7535
7573
7644
7656
7660
7735
7750
7775
7806
7812
7820
7832
7880
7886
7892
7899
7912
7953
7982
7990
7996
8003
8045
8050
8079
8082
8106
8109
8126
8159
8169
8185
8204
8241
8254
8255
8274
8346
8355
8381
8409
8414
8421
8455
8472
8473
8518
8603
8625
8636
8639
8664
8665
8688
8712
8729
8805
8829
8833
8856
8930
9018
9028
9051
9217
9227
9231
9316
9354
9358
9373
9385
9409
9414
9459
9572
9579
9589
9592
9604
9618
9619
9647
9668
9669
9693
9711
9724
9738
9740
9760
9799
9805
9814
9820
9828
9840
9888
9893
9941
10059
10135
10152
10183
10184
10280
10290
10291
10301
10352
10376
10394
10400
10458
10463
10469
10521
10522
10624
10658
10680
10718
10855
10934
10956
11006
11015
11034
11097
11099
11103
11116
11168
11178
11225
11227
11232
11237
11241
11269
11283
11290
11306
11322
11324
11345
11357
11393
11401
11457
11480
11536
11557
11571
11601
11652
11672
11693
11733
11743
11798
11828
11849
11908
11953
11985
12028
12033
12070
12071
12094
12097
12105
12108
12130
12184
12244
12264
12276
12289
12297
12326
12330
12334
12373
12383
12385
12394
12400
12412
12422
12451
12464
12499
12504
12506
12509
12519
12593
12598
12685
12704
12756
12772
12801
12804
12805
12824
12885
12886
13010
13028
13041
13164
13188
13191
13254
13277
13281
13305
13338
13342
13359
13381
13383
13384
13388
13456
13459
13475
13477
13501
13526
13650
13686
13703
13725
13746
13762
13783
13810
13814
13816
13821
13854
13858
13864
13870
13910
13911
13949
13990
14024
14053
14088
14139
14143
14151
14211
14212
14232
14305
14311
14377
14378
14384
14467
14475
14477
14502
14531
14598
14599
14649
14685
14732
14778
14781
14811
14832
14856
14870
14897
14947
14948
14965
14980
15030
15039
15072
15085
15174
15179
15185
15198
15202
15235
15259
15286
15329
15338
15351
15352
15370
15371
15377
15400
15416
15418
15423
15478
15498
15560
15634
15700
15740
15755
15792
15812
15814
15868
15875
15882
15889
15891
15901
15911
15922
15979
15995
15996
16012
16051
16054
16070
16084
16099
16190
16258
16282
16315
16321
16333
16357
16405
16442
16445
16473
16508
16540
16555
16582
16627
16652
16657
16689
16702
16765
16780
16829
16839
16840
16864
16902
16998
16999
17084
17103
17118
17134
17146
17150
17169
17194
17241
17265
17269
17272
17311
17323
17333
17344
17368
17392
17439
17448
17460
17461
17473
17498
17515
17516
17557
17560
17565
17570
17656
17669
17681
17720
17734
17736
17744
17845
17859
17872
17907
17937
17956
17976
17987
18002
18043
18047
18116
18118
18136
18166
18175
18208
18293
18335
18389
18421
18445
18462
18518
18529
18569
18591
18614
18685
18689
18729
18771
18783
18796
18809
18831
18886
18894
18904
18923
19000
19006
19033
19048
19062
19094
19095
19142
19158
19162
19197
19216
19253
19275
19307
19314
19333
19339
19355
19391
19430
19433
19435
19443
19456
19460
19474
19491
19499
19515
19516
19540
19594
19595
19636
19638
19649
19661
19672
19673
19742
19744
19751
19797
19820
19826
19830
19849
19880
19889
19935
19947
19999
20056
20060
20128
20145
20151
20189
20212
20259
20360
20382
20391
20417
20428
20479
20584
20617
20638
20642
20646
20670
20695
20698
20789
20803
20811
20888
20892
20905
20927
20936
21063
21065
21184
21186
21192
21286
21309
21323
21335
21359
21370
21376
21406
21417
21418
21426
21449
21492
21499
21522
21531
21540
21556
21563
21569
21609
21623
21634
21650
21653
21657
21660
21700
21703
21719
21791
21864
21871
21880
21888
21899
21915
21920
21953
21958
22001
22005
22019
22021
22042
22071
22115
22185
22192
22223
22236
22241
22255
22265
22283
22287
22310
22356
22370
22374
22384
22436
22441
22443
22472
22503
22504
22595
22671
22684
22741
22750
22775
22819
22920
22921
22944
22955
22966
22980
23049
23051
23064
23108
23117
23135
23143
23145
23154
23161
23229
23235
23256
23295
23324
23366
23369
23444
23476
23479
23511
23528
23546
23581
23708
23749
23802
23804
23845
23851
23871
23917
23935
23938
24026
24099
24123
24129
24158
24184
24224
24271
24297
24340
24383
24405
24409
24452
24478
24480
24491
24500
24528
24533
24539
24569
24578
24580
24685
24695
24696
24708
24711
24744
24760
24777
24919
24943
24945
25033
25052
25069
25098
25126
25146
25159
25202
25207
25268
25325
25379
25421
25439
25446
25510
25533
25541
25558
25562
25623
25662
25690
25729
25755
25778
25840
25870
25876
25902
25908
25944
25981
26006
26013
26031
26066
26101
26111
26164
26171
26189
26226
26238
26271
26292
26296
26302
26325
26331
26365
26372
26379
26401
26402
26473
26505
26514
26534
26694
26711
26745
26756
26787
26824
26843
26861
26882
26901
26934
26943
26950
26973
26987
26997
27032
27033
27040
27054
27064
27069
27072
27082
27163
27166
27193
27236
27273
27285
27286
27294
27305
27339
27347
27348
27362
27385
27387
27422
27490
27502
27510
27521
27561
27562
27564
27571
27579
27630
27659
27664
27669
27676
27679
27727
27749
27750
27771
27779
27833
27918
27937
27967
27987
28011
28012
28015
28020
28053
28077
28177
28207
28248
28264
28277
28342
28379
28440
28503
28507
28555
28557
28634
28654
28695
28723
28771
28789
28798
28802
28839
28845
28853
28862
28901
28940
29013
29075
29099
29134
29151
29163
29196
29213
29220
29232
29294
29313
29332
29349
29417
29440
29477
29481
29524
29533
29535
29546
29578
29583
29586
29665
29722
29725
29728
29734
29757
29792
29795
29881
29882
29963
29984
30006
30022
30061
30062
30082
30083
30105
30108
30111
30119
30137
30176
30239
30255
30263
30307
30308
30323
30349
30362
30393
30457
30460
30485
30486
30520
30574
30625
30673
30806
30811
30812
30826
30902
30953
30986
31025
31127
31132
31142
31190
31200
31226
31275
31281
31290
31317
31336
31349
31350
31362
31376
31381
31383
31548
31580
31609
31613
31623
31658
31680
31689
31766
31899
31913
31972
32015
32068
32070
32087
32125
32168
32186
32207
32285
32316
32318
32322
32375
32429
32443
32457
32469
32504
32513
32535
32540
32556
32597
32615
32841
32914
32922
32948
32953
32985
33008
33075
33076
33097
33103
33112
33118
33146
33213
33217
33224
33286
33307
33314
33336
33344
33384
33394
33400
33429
33431
33436
33453
33456
33461
33493
33532
33603
33605
33619
33637
33640
33661
33670
33674
33679
33689
33695
33746
33766
33783
33824
33853
33940
33944
33958
33962
33972
34024
34046
34049
34052
34064
34076
34079
34089
34096
34109
34114
34214
34217
34240
34252
34288
34313
34335
34344
34367
34391
34433
34442
34459
34461
34486
34498
34520
34526
34585
34644
34680
34684
34722
34727
34827
34974
34998
35025
35039
35062
35069
35123
35236
35291
35294
35295
35307
35335
35350
35390
35414
35493
35514
35527
35529
35548
35552
35561
35572
35587
35589
35590
35601
35605
35626
35690
35727
35754
35761
35816
35892
35928
35965
36016
36067
36136
36158
36166
36203
36233
36259
36275
36292
36294
36301
36307
36323
36343
36483
36504
36541
36576
36631
36773
36783
36807
36854
36961
36967
36995
36996
37035
37122
37132
37154
37158
37165
37189
37209
37210
37232
37295
37296
37376
37384
37396
37446
37476
37497
37500
37510
37522
37546
37572
37584
37610
37630
37719
37726
37765
37861
37872
37889
37908
37917
37976
38035
38066
38140
38155
38158
38169
38191
38195
38202
38260
38295
38334
38343
38364
38424
38449
38453
38473
38488
38507
38532
38571
38761
38839
38895
38939
38969
38995
39010
39037
39060
39107
39121
39148
39165
39207
39217
39237
39253
39286
39293
39352
39430
39479
39500
39512
39570
39579
39621
39628
39645
39662
39689
39701
39709
39714
39733
39766
39780
39813
39841
39847
39896
39927
39941
39964
39989
-1
