2
102
139
164
203
204
245
267
289
314
353
364
365
385
389
439
472
486
505
582
602
608
699
714
718
726
778
779
786
848
897
922
935
965
1001
1058
1096
1137
1144
1155
1160
1171
1179
1230
1258
1298
1309
1325
1341
1362
1372
1398
1408
1434
1488
1533
1544
1616
1661
1678
1705
1744
1762
1817
1826
1848
1863
1880
1895
1898
1925
1941
1953
2090
2118
2123
2235
2240
2242
2252
2257
2305
2329
2335
2342
2370
2440
2451
2454
2481
2490
2568
2637
2650
2656
2699
2713
2731
2766
2770
2795
2804
2810
2838
2868
2914
2934
3011
3030
3100
3125
3126
3131
3171
3223
3241
3263
3336
3337
3346
3347
3358
3372
3433
3448
3469
3486
3589
3591
3666
3712
3714
3716
3725
3734
3753
3757
3759
3792
3804
3861
3878
3884
3887
3905
3909
3990
3993
4122
4139
4148
4225
4228
4230
4269
4323
4348
4359
4386
4443
4472
4486
4494
4503
4529
4587
4597
4645
4666
4708
4713
4790
4792
4817
4841
4870
4875
4889
4893
4906
4925
4946
5000
5001
5010
5024
5048
5065
5074
5089
5122
5135
5172
5191
5214
5223
5231
5265
5310
5321
5322
5329
5341
5346
5383
5385
5402
5403
5407
5435
5439
5458
5527
5574
5650
5658
5664
5709
5725
5767
5772
5783
5804
5817
5819
5821
5882
5913
5955
5983
6018
6061
6069
6114
6120
6136
6143
6180
6183
6250
6251
6260
6299
6334
6338
6426
6483
6504
6514
6559
6567
6628
6734
6792
6800
6857
6863
6885
6921
6922
6948
6977
7036
7047
7091
7148
7164
7173
7185
7192
7202
7300
7316
7329
7339
7366
7371
7387
7448
7460
7543
7551
7555
7576
7585
7597
7710
7722
7733
7742
7788
7789
7808
7889
7934
7935
7941
7955
7961
8132
8136
8158
8204
8261
8302
8359
8365
8372
8419
8429
8448
8466
8493
8577
8579
8590
8626
8657
8667
8686
8695
8710
8713
8745
8769
8807
8834
8846
8894
8907
8983
9007
9011
9024
9027
9069
9131
9149
9152
9163
9214
9231
9232
9263
9282
9298
9394
9415
9418
9428
9436
9440
9441
9478
9484
9488
9490
9536
9561
9566
9575
9639
9699
9724
9730
9740
9743
9788
9824
9834
9889
9891
9903
9921
9951
10038
10056
10057
10069
10134
10170
10220
10223
10273
10305
10332
10341
10342
10371
10381
10382
10494
10520
10549
10589
10600
10610
10643
10654
10741
10772
10865
10919
10930
10978
11003
11005
11008
11167
11234
11245
11275
11291
11322
11358
11360
11401
11436
11443
11458
11459
11497
11508
11522
11531
11533
11539
11561
11587
11601
11615
11634
11655
11674
11681
11703
11717
11728
11759
11820
11875
11920
11938
11965
11997
12045
12050
12122
12134
12145
12156
12173
12233
12252
12300
12332
12349
12384
12386
12404
12425
12437
12611
12620
12654
12661
12662
12664
12713
12732
12765
12781
12798
12836
12844
12851
12862
12918
12931
12955
12977
13014
13041
13043
13052
13130
13140
13151
13205
13208
13247
13363
13381
13413
13467
13501
13503
13509
13528
13542
13552
13595
13613
13620
13632
13644
13654
13691
13697
13699
13709
13770
13796
13821
13857
13889
13902
13914
13938
13984
14014
14045
14050
14061
14114
14145
14172
14210
14213
14241
14260
14269
14297
14358
14373
14380
14396
14463
14468
14472
14540
14546
14585
14630
14674
14694
14773
14809
14837
14877
14878
14881
14952
14958
14964
14982
15066
15078
15086
15101
15140
15152
15206
15215
15270
15272
15294
15330
15443
15475
15510
15528
15571
15574
15661
15663
15673
15706
15714
15774
15849
15852
15891
15905
15930
15939
15966
16001
16055
16159
16182
16184
16228
16252
16315
16328
16335
16342
16359
16389
16391
16422
16431
16536
16538
16577
16582
16604
16622
16647
16651
16690
16704
16730
16738
16740
16838
16848
16858
16869
16876
16971
16973
16988
17034
17086
17106
17113
17180
17181
17183
17205
17232
17244
17258
17261
17273
17279
17301
17388
17457
17458
17462
17501
17509
17524
17525
17536
17550
17565
17567
17618
17672
17685
17713
17737
17746
17758
17796
17815
17819
17853
17871
17892
17908
17950
17958
17967
17988
17990
18054
18064
18138
18171
18184
18236
18266
18268
18282
18298
18319
18327
18360
18361
18452
18479
18491
18594
18598
18606
18607
18651
18666
18699
18724
18794
18801
18852
18864
18873
18875
18894
18975
18980
18989
19044
19056
19059
19080
19100
19122
19128
19166
19169
19192
19213
19216
19228
19262
19279
19281
19292
19334
19335
19367
19372
19380
19420
19488
19495
19515
19578
19609
19613
19614
19690
19692
19693
19699
19755
19769
19770
19793
19843
19876
19903
19921
19943
19949
19964
19975
20031
20048
20112
20171
20176
20184
20217
20233
20247
20258
20375
20383
20392
20399
20416
20420
20465
20525
20530
20563
20650
20674
20679
20750
20766
20798
20823
20828
20854
20909
20985
21007
21021
21044
21073
21117
21169
21205
21224
21227
21267
21271
21293
21303
21306
21329
21330
21336
21357
21372
21377
21459
21479
21495
21536
21542
21579
21603
21604
21622
21640
21672
21699
21758
21761
21772
21885
21910
21923
21950
21976
22005
22027
22089
22108
22143
22155
22204
22271
22281
22309
22317
22392
22419
22422
22439
22456
22490
22563
22582
22604
22721
22769
22820
22835
22849
22853
22902
22925
22938
22942
22973
22977
23046
23060
23061
23125
23142
23180
23208
23250
23268
23344
23357
23358
23365
23409
23423
23454
23466
23507
23544
23547
23564
23585
23623
23695
23765
23770
23782
23850
23868
23876
23906
23911
23971
23982
24071
24092
24112
24114
24128
24138
24156
24163
24210
24248
24254
24265
24266
24284
24352
24355
24397
24426
24443
24446
24532
24555
24564
24565
24567
24589
24590
24608
24637
24682
24692
24697
24706
24753
24798
24808
24842
24859
24884
24928
24965
25044
25046
25051
25071
25087
25100
25101
25102
25108
25111
25164
25185
25186
25208
25244
25256
25264
25305
25319
25324
25330
25352
25412
25441
25472
25477
25526
25636
25668
25674
25706
25813
25849
25878
25879
25936
25952
25955
25991
26040
26048
26060
26065
26074
26122
26130
26146
26177
26208
26239
26256
26264
26278
26294
26325
26329
26340
26346
26351
26385
26399
26435
26474
26478
26511
26535
26560
26637
26644
26678
26736
26767
26783
26838
26958
26959
26974
27049
27100
27108
27115
27131
27132
27141
27179
27204
27230
27251
27258
27260
27280
27352
27363
27407
27432
27446
27505
27525
27589
27625
27755
27770
27786
27923
27924
27933
27946
27967
27980
27997
28034
28073
28077
28173
28190
28263
28269
28313
28318
28381
28387
28493
28496
28506
28551
28561
28616
28626
28702
28724
28769
28826
28868
28871
28897
28914
28930
28963
28974
28978
29046
29050
29057
29060
29122
29187
29197
29219
29234
29242
29251
29257
29260
29269
29276
29298
29344
29348
29378
29461
29475
29492
29507
29576
29599
29611
29651
29659
29674
29705
29706
29720
29869
29981
30040
30067
30108
30128
30135
30154
30217
30226
30228
30232
30244
30245
30250
30276
30295
30374
30437
30457
30487
30496
30498
30522
30527
30532
30620
30679
30682
30706
30720
30725
30731
30755
30764
30814
30917
30924
30940
30943
30945
30951
30955
30978
31004
31031
31056
31117
31148
31152
31155
31290
31298
31317
31334
31391
31404
31437
31438
31458
31472
31508
31538
31539
31548
31581
31586
31588
31614
31671
31697
31714
31747
31796
31802
31829
31850
31867
31869
31874
31878
31891
31899
31946
31997
32035
32059
32077
32080
32086
32092
32100
32220
32229
32277
32347
32356
32405
32494
32512
32543
32606
32607
32648
32652
32685
32738
32750
32758
32766
32784
32848
32857
32858
32871
32917
32980
33008
33027
33095
33122
33152
33251
33281
33293
33303
33361
33370
33385
33391
33418
33422
33424
33437
33460
33474
33501
33503
33507
33528
33583
33610
33620
33665
33667
33681
33711
33753
33765
33768
33777
33788
33860
33871
33891
33913
33950
33954
34016
34029
34066
34077
34160
34166
34184
34191
34226
34261
34271
34305
34317
34328
34331
34345
34371
34423
34428
34429
34460
34495
34503
34516
34543
34574
34578
34596
34611
34670
34690
34724
34745
34853
34858
34882
34915
34960
34982
35017
35025
35072
35091
35134
35199
35210
35226
35245
35248
35323
35331
35334
35335
35338
35356
35364
35366
35395
35406
35415
35443
35446
35480
35491
35510
35527
35658
35693
35702
35741
35744
35766
35776
35800
35838
35851
35852
35859
35863
35879
35913
35914
35923
35937
35981
36109
36111
36113
36131
36164
36185
36196
36199
36201
36205
36231
36242
36259
36261
36290
36302
36313
36367
36462
36464
36493
36561
36656
36751
36774
36800
36838
36877
36893
36910
36940
36983
37044
37063
37080
37106
37108
37147
37185
37213
37220
37245
37249
37311
37313
37315
37375
37491
37499
37509
37540
37544
37545
37552
37555
37560
37614
37615
37705
37779
37832
37840
37848
37855
37887
37888
37931
37973
37985
38003
38015
38037
38047
38061
38083
38090
38150
38171
38184
38247
38288
38327
38356
38368
38393
38474
38482
38486
38535
38537
38573
38598
38599
38606
38637
38658
38705
38728
38731
38734
38741
38751
38760
38806
38855
38889
38937
38947
38954
39001
39013
39015
39045
39071
39088
39106
39136
39150
39169
39188
39212
39213
39246
39260
39296
39310
39318
39333
39380
39387
39392
39400
39404
39427
39451
39455
39460
39465
39467
39509
39510
39518
39530
39534
39577
39612
39628
39734
39828
39834
39859
39867
39897
39910
39919
39991
-1
