13
16
31
70
143
149
192
194
217
244
330
337
365
368
407
422
495
525
527
553
639
665
667
679
683
691
744
775
792
816
841
853
860
876
884
912
922
941
958
988
1060
1072
1104
1128
1187
1208
1217
1230
1302
1334
1375
1451
1461
1491
1520
1560
1570
1591
1610
1615
1625
1685
1775
1790
1868
1876
1910
1947
1962
2040
2091
2143
2159
2185
2206
2245
2253
2300
2311
2313
2322
2419
2454
2471
2496
2560
2561
2587
2616
2618
2628
2631
2636
2656
2672
2674
2706
2764
2838
2947
2958
2987
2991
3017
3024
3035
3040
3071
3112
3115
3139
3170
3176
3179
3221
3252
3255
3329
3338
3346
3386
3392
3417
3422
3432
3473
3490
3518
3536
3541
3573
3592
3615
3688
3774
3786
3805
3838
3839
3871
3882
3895
3933
3954
3970
3993
3996
4010
4023
4036
4077
4191
4244
4249
4292
4306
4319
4385
4392
4400
4430
4501
4522
4535
4578
4584
4605
4612
4656
4718
4728
4757
4829
4857
4867
4869
4924
4943
4949
4967
4971
4984
5010
5082
5094
5131
5184
5220
5245
5248
5266
5276
5337
5345
5387
5430
5467
5470
5483
5498
5589
5620
5687
5764
5772
5811
5860
5883
5968
5984
6039
6061
6118
6132
6140
6176
6183
6199
6200
6212
6227
6255
6293
6353
6369
6385
6390
6398
6409
6464
6479
6502
6507
6532
6571
6667
6754
6791
6875
6876
6920
6946
6954
6956
6959
6969
7031
7039
7063
7082
7089
7122
7124
7168
7192
7218
7234
7242
7253
7257
7321
7379
7380
7386
7396
7424
7505
7537
7552
7557
7563
7565
7569
7577
7605
7608
7618
7634
7685
7722
7733
7804
7849
7872
7885
7900
7905
7927
8043
8053
8103
8104
8172
8189
8219
8220
8221
8241
8255
8291
8314
8341
8352
8360
8372
8376
8422
8423
8463
8497
8508
8561
8563
8566
8590
8598
8644
8672
8679
8755
8779
8823
8828
8845
8878
8914
8938
8955
8967
9021
9037
9118
9138
9187
9252
9292
9314
9320
9325
9363
9365
9367
9372
9395
9404
9411
9451
9492
9569
9588
9589
9601
9673
9680
9733
9738
9769
9778
9780
9819
9828
9856
9880
9895
9899
9991
9993
10028
10034
10139
10184
10213
10287
10357
10384
10415
10416
10422
10431
10446
10462
10485
10548
10570
10595
10617
10680
10689
10696
10711
10727
10821
10836
10839
10855
10882
10883
10895
10903
10910
10958
10964
10968
10977
11047
11052
11077
11187
11200
11203
11232
11261
11271
11290
11327
11361
11423
11524
11572
11594
11604
11608
11618
11619
11620
11653
11668
11687
11721
11778
11789
11819
11824
11829
11830
11839
11845
11855
11922
11970
12037
12042
12057
12077
12078
12102
12111
12122
12136
12145
12178
12196
12246
12360
12423
12434
12463
12486
12514
12526
12540
12633
12780
12812
12816
12824
12828
12839
12864
12922
12924
12932
12940
12995
12997
13019
13039
13056
13065
13079
13083
13097
13114
13117
13123
13127
13133
13149
13229
13335
13358
13383
13401
13403
13411
13440
13447
13465
13468
13486
13498
13506
13507
13566
13608
13653
13700
13723
13729
13738
13756
13777
13779
13793
13850
13864
13875
13908
13939
14000
14053
14055
14076
14092
14098
14103
14115
14118
14144
14194
14254
14346
14383
14391
14408
14418
14420
14441
14454
14460
14478
14483
14498
14549
14564
14770
14796
14807
14826
14849
14872
14873
14924
14935
14951
14972
15002
15058
15063
15078
15186
15228
15292
15323
15334
15341
15399
15417
15486
15492
15508
15527
15542
15569
15641
15652
15668
15690
15694
15727
15729
15743
15750
15777
15816
15850
15864
15913
15934
15984
16025
16027
16060
16072
16082
16089
16149
16161
16180
16203
16225
16242
16253
16284
16306
16311
16327
16379
16383
16401
16433
16511
16513
16527
16545
16567
16594
16598
16618
16637
16640
16670
16692
16748
16791
16819
16823
16875
16939
16998
17041
17064
17077
17088
17095
17107
17127
17132
17185
17193
17289
17297
17380
17429
17440
17448
17454
17466
17478
17519
17541
17550
17591
17687
17700
17706
17734
17743
17744
17787
17845
17852
17855
17890
17907
17938
17939
17952
17960
17993
18083
18100
18139
18165
18218
18221
18225
18247
18296
18315
18328
18339
18364
18392
18428
18438
18520
18524
18624
18642
18682
18683
18691
18742
18743
18747
18759
18808
18831
18883
18893
18905
18919
18943
18954
18962
18981
18985
19004
19018
19044
19045
19051
19131
19150
19166
19190
19213
19224
19229
19236
19240
19261
19263
19274
19285
19303
19313
19324
19334
19439
19483
19504
19551
19554
19561
19585
19630
19696
19708
19748
19752
19753
19767
19795
19804
19812
19819
19868
19921
19930
19954
19976
19991
20087
20146
20238
20354
20394
20517
20526
20557
20586
20638
20685
20709
20710
20727
20788
20823
20836
20842
20868
20875
20895
20914
20919
20920
20934
20958
20994
21044
21103
21115
21146
21159
21160
21196
21238
21291
21327
21329
21340
21368
21458
21478
21481
21487
21496
21508
21550
21663
21725
21726
21734
21754
21794
21839
21875
21891
21922
21931
21934
21954
21994
22034
22078
22109
22110
22168
22180
22191
22204
22231
22235
22278
22290
22291
22308
22328
22356
22382
22385
22386
22528
22574
22616
22742
22743
22744
22749
22781
22785
22801
22807
22873
22891
22897
22918
22937
22945
22947
22991
22999
23019
23043
23103
23224
23248
23254
23274
23336
23337
23345
23397
23412
23427
23429
23434
23457
23488
23563
23680
23712
23719
23722
23757
23758
23762
23807
23840
23841
23895
23909
23983
24012
24058
24084
24129
24174
24183
24229
24241
24262
24263
24308
24318
24330
24384
24385
24409
24471
24606
24628
24656
24658
24666
24702
24705
24710
24717
24748
24768
24815
24825
24829
24835
24838
24914
25032
25043
25046
25089
25109
25124
25172
25201
25231
25281
25304
25373
25386
25410
25425
25431
25436
25466
25517
25531
25539
25549
25576
25604
25607
25609
25657
25673
25718
25722
25758
25792
25802
25827
25834
25853
25869
25903
25962
25977
26035
26059
26076
26102
26103
26131
26144
26181
26193
26214
26236
26320
26327
26359
26392
26410
26417
26446
26460
26513
26547
26565
26584
26613
26627
26664
26699
26740
26751
26759
26813
26859
26918
26966
27059
27108
27110
27139
27140
27185
27205
27211
27212
27252
27263
27265
27270
27274
27285
27303
27307
27316
27335
27386
27410
27511
27518
27535
27591
27599
27621
27628
27635
27649
27655
27658
27681
27746
27775
27782
27810
27854
27892
27903
27906
27936
27945
27948
28016
28044
28058
28097
28107
28154
28201
28207
28211
28233
28250
28268
28271
28284
28317
28340
28384
28436
28445
28496
28547
28565
28571
28637
28648
28667
28674
28714
28741
28750
28777
28817
28826
28837
28882
28889
28978
29048
29069
29079
29123
29131
29165
29211
29232
29238
29251
29265
29294
29308
29326
29343
29386
29405
29424
29440
29441
29447
29504
29556
29564
29585
29603
29627
29677
29690
29755
29776
29841
29884
29920
29921
29946
30005
30019
30039
30050
30056
30077
30079
30103
30128
30141
30197
30216
30264
30278
30290
30357
30369
30380
30385
30391
30402
30442
30496
30529
30540
30576
30577
30651
30659
30693
30697
30727
30734
30738
30762
30792
30836
30874
30884
30929
30934
30951
30995
31016
31028
31032
31075
31099
31149
31159
31191
31256
31273
31293
31314
31319
31347
31388
31438
31491
31510
31555
31571
31576
31598
31601
31633
31669
31678
31689
31709
31741
31749
31775
31805
31814
31821
31837
31841
31920
31998
32000
32003
32035
32044
32084
32088
32113
32115
32125
32149
32188
32201
32204
32281
32284
32361
32409
32499
32531
32647
32655
32715
32722
32743
32753
32754
32760
32761
32769
32796
32804
32841
32863
32914
33000
33089
33141
33193
33194
33203
33223
33232
33295
33298
33334
33337
33353
33389
33397
33403
33457
33463
33467
33626
33649
33652
33666
33713
33719
33723
33737
33775
33783
33886
33905
33908
33918
33929
33932
33942
33955
33981
33985
33986
34109
34111
34112
34192
34205
34206
34212
34236
34282
34292
34328
34342
34355
34358
34410
34460
34528
34531
34568
34581
34604
34611
34645
34655
34670
34679
34697
34707
34767
34785
34809
34851
34863
34881
34888
34953
35004
35059
35064
35119
35123
35129
35183
35244
35273
35297
35349
35356
35387
35408
35410
35421
35429
35471
35475
35491
35522
35530
35577
35631
35646
35673
35702
35711
35741
35783
35794
35821
35824
35827
35884
35940
35944
35981
36002
36015
36018
36030
36109
36123
36140
36152
36161
36260
36297
36306
36327
36341
36351
36399
36410
36437
36485
36498
36506
36530
36535
36619
36678
36687
36755
36770
36772
36834
36868
36925
36954
36974
37043
37050
37098
37118
37238
37243
37290
37291
37325
37351
37353
37360
37381
37405
37421
37432
37441
37457
37459
37482
37487
37507
37519
37522
37563
37564
37583
37586
37594
37653
37679
37682
37765
37776
37788
37800
37874
37935
37975
37992
38006
38009
38014
38020
38029
38038
38080
38095
38135
38256
38262
38263
38291
38303
38334
38394
38414
38437
38450
38467
38483
38555
38563
38579
38613
38624
38631
38708
38714
38715
38737
38750
38812
38815
38848
38878
38881
38903
38926
38930
38949
38957
38995
39000
39008
39012
39016
39026
39030
39047
39049
39063
39069
39135
39288
39301
39341
39362
39371
39412
39452
39490
39498
39510
39520
39543
39553
39567
39576
39581
39589
39592
39617
39622
39648
39700
39727
39741
39754
39759
39789
39825
39882
39943
39947
39984
39985
-1
