13
79
82
106
116
139
164
172
179
211
288
302
307
312
363
365
393
396
422
451
455
485
522
534
553
620
621
632
642
652
670
679
682
701
706
785
803
840
882
963
1031
1081
1103
1128
1170
1229
1289
1302
1310
1346
1353
1357
1372
1436
1459
1526
1601
1621
1648
1651
1665
1671
1681
1727
1747
1768
1788
1801
1879
1900
1960
1988
1990
2008
2043
2067
2096
2099
2106
2117
2135
2160
2170
2176
2211
2217
2218
2232
2234
2254
2274
2311
2351
2403
2421
2425
2430
2438
2486
2508
2518
2568
2583
2601
2634
2635
2713
2721
2722
2729
2748
2779
2790
2805
2826
2907
2912
2916
2919
2948
2979
2980
2983
3020
3027
3040
3053
3059
3110
3114
3121
3190
3198
3203
3223
3238
3250
3310
3348
3360
3364
3376
3378
3483
3546
3573
3579
3586
3597
3617
3629
3685
3704
3793
3796
3801
3807
3860
3944
3986
4080
4091
4150
4168
4200
4208
4221
4228
4238
4242
4251
4358
4408
4414
4420
4423
4428
4433
4486
4507
4587
4651
4720
4725
4742
4756
4777
4807
4819
4887
4890
4951
4983
4992
5023
5049
5060
5156
5162
5183
5193
5207
5213
5253
5286
5312
5323
5332
5340
5343
5393
5438
5447
5452
5470
5475
5492
5505
5565
5590
5598
5632
5657
5660
5671
5719
5735
5738
5751
5786
5817
5847
5909
5973
5975
5997
6037
6045
6053
6077
6084
6183
6185
6209
6235
6259
6314
6326
6358
6363
6376
6425
6511
6533
6541
6572
6599
6607
6609
6635
6639
6651
6692
6724
6740
6751
6760
6866
6871
6882
6886
6928
7012
7017
7054
7055
7157
7160
7192
7203
7247
7300
7317
7322
7338
7347
7380
7395
7416
7462
7499
7567
7587
7594
7639
7651
7661
7669
7705
7761
7786
7971
7976
8009
8016
8030
8092
8094
8124
8165
8191
8260
8293
8338
8361
8424
8487
8496
8518
8565
8596
8621
8670
8768
8814
8824
8895
8899
8927
8929
8965
8998
9002
9016
9025
9054
9078
9088
9113
9140
9174
9220
9262
9300
9327
9346
9359
9361
9381
9388
9422
9423
9450
9470
9506
9538
9565
9575
9586
9592
9625
9632
9661
9720
9728
9761
9766
9791
9800
9815
9819
9857
9869
9919
9940
10053
10062
10118
10160
10186
10237
10246
10251
10257
10263
10264
10284
10292
10322
10342
10346
10355
10419
10463
10502
10521
10574
10613
10652
10657
10690
10699
10702
10724
10729
10757
10790
10812
10906
10927
10956
10983
11066
11079
11106
11125
11133
11166
11193
11303
11376
11393
11496
11497
11498
11529
11553
11574
11579
11583
11612
11650
11657
11719
11723
11742
11753
11758
11769
11787
11793
11835
11888
11920
11939
11945
11957
11999
12024
12048
12050
12083
12089
12111
12112
12127
12141
12157
12204
12239
12247
12256
12320
12350
12388
12415
12423
12468
12483
12514
12534
12547
12551
12564
12583
12667
12677
12679
12699
12759
12761
12815
12875
12897
12906
13006
13022
13036
13038
13043
13064
13119
13139
13150
13158
13164
13239
13266
13299
13349
13374
13380
13402
13418
13428
13459
13503
13504
13508
13515
13526
13537
13547
13564
13647
13727
13730
13823
13828
13835
13844
13993
14018
14047
14051
14054
14081
14097
14129
14174
14176
14246
14248
14274
14276
14311
14317
14340
14348
14354
14365
14394
14406
14441
14477
14483
14486
14532
14533
14720
14737
14766
14768
14783
14819
14828
14832
14870
14882
14890
14895
14903
14944
15027
15087
15149
15154
15165
15312
15327
15365
15380
15389
15440
15446
15452
15456
15470
15475
15496
15509
15522
15551
15576
15602
15605
15677
15691
15753
15768
15773
15901
15915
15937
15939
15947
15948
15974
15982
15985
15999
16002
16046
16091
16109
16164
16181
16187
16216
16222
16228
16231
16243
16246
16253
16266
16292
16298
16300
16356
16373
16395
16421
16501
16521
16523
16532
16551
16554
16562
16610
16621
16647
16706
16751
16786
16812
16827
16883
16896
16926
16997
17035
17045
17080
17130
17149
17163
17194
17200
17202
17210
17240
17296
17321
17342
17359
17372
17376
17387
17468
17488
17560
17565
17584
17593
17606
17734
17752
17764
17772
17818
17900
17904
17915
17948
17975
17987
18014
18034
18050
18122
18154
18167
18192
18216
18221
18230
18260
18274
18300
18345
18413
18473
18490
18492
18504
18519
18543
18592
18632
18638
18797
18819
18833
18836
18858
18878
18928
18941
18956
19001
19002
19006
19028
19046
19105
19109
19114
19124
19149
19160
19178
19196
19265
19309
19314
19316
19317
19330
19404
19410
19448
19523
19533
19539
19541
19548
19582
19674
19729
19746
19752
19761
19784
19818
19843
19854
19918
19929
19961
19962
20037
20073
20086
20129
20133
20151
20160
20165
20169
20204
20249
20260
20341
20358
20382
20386
20410
20428
20434
20437
20459
20495
20539
20606
20636
20643
20663
20670
20680
20711
20729
20785
20827
20835
20839
20870
20875
20908
20943
20967
20974
20992
21036
21046
21066
21071
21080
21081
21083
21092
21110
21169
21210
21219
21275
21305
21313
21346
21351
21373
21377
21390
21393
21476
21493
21496
21540
21599
21657
21668
21685
21712
21722
21729
21738
21748
21759
21785
21798
21805
21874
21907
21916
21921
21929
21964
21971
21976
21989
21998
22019
22025
22026
22028
22053
22130
22175
22260
22300
22323
22333
22367
22409
22458
22475
22482
22516
22552
22609
22652
22656
22688
22693
22786
22795
22935
23011
23046
23078
23122
23140
23149
23201
23220
23257
23262
23286
23291
23366
23377
23383
23458
23465
23468
23469
23482
23524
23526
23576
23607
23683
23685
23690
23697
23708
23719
23777
23850
23891
23896
23908
23954
23977
23993
24049
24081
24095
24106
24111
24127
24144
24146
24147
24151
24186
24201
24260
24291
24308
24358
24381
24382
24400
24404
24428
24430
24432
24488
24499
24501
24512
24515
24541
24557
24605
24668
24672
24683
24684
24724
24726
24731
24754
24772
24776
24788
24923
24949
24995
25013
25044
25065
25099
25122
25124
25133
25195
25216
25245
25254
25295
25341
25347
25374
25402
25451
25466
25532
25548
25592
25640
25772
25819
25848
25865
25895
25924
25927
25931
25936
26022
26046
26058
26073
26081
26096
26120
26124
26143
26148
26150
26210
26230
26240
26254
26264
26289
26328
26338
26428
26468
26470
26479
26503
26520
26522
26529
26589
26602
26622
26634
26656
26667
26679
26705
26726
26749
26758
26762
26777
26828
26846
26872
26898
26952
26959
26979
26984
26999
27023
27047
27049
27068
27095
27104
27124
27130
27137
27147
27177
27269
27304
27377
27378
27407
27501
27562
27594
27657
27738
27749
27818
27858
27866
27874
27878
27902
27914
27922
27948
27950
27974
27984
27990
28052
28085
28138
28176
28201
28219
28348
28372
28434
28470
28477
28492
28542
28698
28724
28727
28730
28742
28749
28758
28799
28801
28862
28874
28886
28898
28908
28913
28918
28936
28981
29007
29154
29175
29207
29229
29287
29330
29336
29388
29410
29417
29419
29448
29490
29507
29528
29548
29558
29562
29573
29605
29642
29651
29681
29714
29826
29838
29855
29863
29902
29909
29980
29989
29996
30012
30063
30078
30091
30101
30128
30167
30172
30178
30278
30310
30319
30364
30371
30376
30394
30426
30431
30447
30455
30485
30560
30582
30620
30630
30680
30726
30767
30798
30816
30830
30866
30867
30882
30904
30944
30959
30972
30978
31063
31153
31161
31241
31307
31316
31370
31379
31414
31422
31466
31510
31534
31551
31569
31657
31693
31733
31738
31742
31743
31754
31760
31774
31798
31816
31894
31896
31910
31967
32012
32025
32062
32083
32087
32112
32114
32137
32151
32152
32226
32278
32302
32326
32365
32390
32399
32427
32450
32457
32467
32489
32500
32548
32586
32616
32642
32658
32698
32736
32758
32768
32781
32799
32817
32837
32878
32936
32967
33040
33078
33122
33141
33187
33205
33226
33227
33243
33247
33251
33254
33255
33271
33280
33299
33344
33363
33369
33385
33425
33428
33433
33445
33493
33501
33511
33513
33572
33582
33592
33593
33598
33609
33621
33646
33687
33704
33707
33726
33761
33770
33784
33785
33866
33885
33893
33922
33978
34014
34027
34029
34082
34127
34139
34178
34187
34223
34226
34282
34283
34291
34327
34384
34411
34452
34461
34486
34503
34519
34524
34525
34591
34664
34669
34705
34759
34786
34853
34854
34896
34933
35030
35060
35078
35107
35129
35145
35159
35235
35265
35276
35300
35328
35365
35381
35382
35389
35415
35456
35472
35496
35507
35525
35546
35555
35748
35750
35826
35858
35880
35884
35902
35938
35955
35988
36069
36120
36136
36152
36182
36197
36213
36220
36238
36262
36272
36275
36285
36304
36305
36316
36336
36355
36358
36386
36388
36407
36418
36458
36465
36492
36500
36530
36539
36569
36627
36665
36698
36741
36796
36919
36976
37013
37050
37062
37116
37127
37144
37181
37213
37232
37248
37270
37275
37335
37354
37393
37432
37470
37511
37552
37559
37599
37620
37624
37695
37785
37787
37849
37857
37858
37910
37938
37959
37971
37972
37976
37984
38036
38105
38113
38242
38253
38265
38301
38303
38338
38351
38369
38376
38448
38455
38459
38461
38519
38533
38584
38587
38606
38616
38618
38661
38674
38685
38716
38723
38757
38830
38844
38855
38857
38879
38907
39032
39046
39050
39060
39069
39104
39133
39179
39182
39209
39219
39228
39241
39297
39330
39387
39431
39446
39491
39510
39546
39588
39606
39616
39727
39737
39799
39804
39836
39841
39860
39871
39881
39896
39935
39951
39956
-1
