56
75
103
141
147
149
151
157
173
176
198
216
259
268
283
304
349
383
399
438
493
509
517
524
531
555
564
597
627
655
704
712
769
785
891
895
911
920
952
967
1002
1043
1049
1070
1083
1095
1126
1138
1153
1163
1165
1178
1195
1231
1240
1251
1257
1295
1298
1306
1321
1474
1483
1493
1509
1529
1553
1612
1623
1625
1628
1650
1689
1741
1742
1754
1764
1779
1802
1805
1856
1875
1881
1905
1934
2017
2070
2102
2120
2121
2138
2154
2187
2205
2220
2269
2279
2287
2298
2311
2356
2369
2401
2444
2490
2528
2537
2665
2683
2694
2732
2735
2792
2818
2844
2886
2904
2908
2915
2981
2988
3101
3148
3151
3169
3188
3208
3222
3245
3255
3257
3321
3338
3357
3358
3365
3405
3418
3445
3446
3461
3549
3630
3653
3654
3679
3688
3699
3801
3828
3842
3924
3957
3965
4014
4030
4205
4241
4390
4449
4464
4478
4488
4500
4516
4539
4551
4560
4583
4608
4616
4627
4643
4647
4693
4706
4735
4786
4800
4829
4853
4863
4912
4981
4990
5000
5003
5012
5024
5028
5034
5074
5079
5086
5101
5108
5119
5218
5243
5244
5250
5259
5264
5283
5284
5321
5364
5374
5399
5402
5424
5448
5464
5471
5528
5582
5614
5666
5687
5711
5739
5745
5760
5775
5815
5820
5841
5845
5886
5896
5914
5936
6009
6013
6036
6040
6059
6091
6092
6146
6188
6208
6212
6216
6309
6329
6337
6363
6377
6400
6405
6416
6425
6451
6485
6516
6525
6526
6569
6619
6620
6632
6660
6666
6693
6724
6732
6792
6797
6864
6873
6904
6915
6970
6998
7110
7190
7267
7269
7276
7279
7287
7292
7334
7352
7424
7519
7544
7546
7558
7669
7691
7758
7773
7776
7783
7868
7883
7930
7983
8090
8100
8129
8153
8162
8226
8245
8341
8358
8399
8462
8471
8485
8487
8528
8579
8626
8757
8785
8922
8944
9002
9024
9059
9063
9161
9190
9216
9230
9266
9294
9323
9425
9443
9478
9481
9485
9557
9565
9570
9586
9587
9603
9617
9624
9645
9708
9725
9758
9766
9769
9772
9779
9796
9834
9854
9857
9884
9969
10001
10031
10044
10054
10131
10143
10175
10191
10258
10259
10320
10384
10397
10398
10407
10446
10465
10495
10508
10511
10512
10514
10545
10551
10558
10566
10574
10581
10665
10678
10689
10717
10757
10784
10798
10803
10872
10873
10987
11045
11052
11054
11133
11147
11176
11191
11200
11206
11270
11292
11349
11425
11442
11467
11484
11510
11524
11553
11592
11611
11616
11625
11688
11764
11771
11775
11830
11890
11931
11936
11947
11955
11964
11984
11998
12008
12018
12056
12059
12084
12098
12100
12116
12119
12179
12201
12204
12223
12229
12290
12295
12338
12354
12362
12370
12382
12402
12424
12447
12480
12510
12512
12587
12655
12681
12688
12699
12701
12714
12720
12732
12740
12752
12758
12787
12817
12842
12844
12912
12954
12969
12972
12977
12985
12988
13017
13057
13090
13093
13113
13141
13161
13162
13171
13196
13259
13262
13281
13322
13359
13392
13396
13399
13408
13420
13425
13466
13484
13548
13549
13559
13566
13587
13610
13622
13652
13654
13660
13673
13674
13690
13716
13780
13926
14008
14038
14053
14074
14094
14102
14175
14191
14244
14273
14293
14333
14336
14345
14352
14374
14391
14400
14410
14461
14462
14504
14505
14564
14569
14596
14605
14622
14626
14641
14662
14823
14861
14930
14944
14949
14951
14986
15015
15067
15125
15133
15153
15187
15202
15218
15238
15250
15256
15272
15289
15307
15343
15414
15422
15450
15456
15477
15478
15482
15544
15609
15613
15621
15625
15690
15692
15707
15717
15795
15813
15979
15985
15994
16006
16039
16050
16051
16063
16070
16117
16139
16159
16171
16179
16187
16239
16243
16266
16299
16333
16355
16388
16453
16467
16486
16509
16543
16551
16599
16614
16625
16626
16631
16660
16685
16705
16799
16834
16846
16902
16920
16972
16974
17002
17063
17080
17107
17127
17146
17147
17176
17206
17217
17231
17250
17282
17294
17309
17315
17427
17450
17459
17464
17508
17511
17515
17540
17638
17689
17706
17707
17711
17725
17754
17757
17817
17831
17833
17839
17848
17861
17898
17941
17961
17966
18011
18019
18028
18085
18101
18110
18116
18159
18201
18225
18230
18323
18336
18355
18408
18469
18470
18503
18543
18549
18563
18644
18665
18686
18689
18703
18711
18728
18729
18779
18782
18829
18849
18850
18855
18871
18878
18962
18968
18997
19013
19038
19066
19101
19120
19171
19172
19245
19248
19304
19396
19511
19526
19527
19576
19620
19625
19641
19670
19683
19704
19719
19735
19822
19829
19858
19898
19903
19943
19971
19979
19984
19987
19998
20005
20078
20106
20145
20160
20161
20181
20206
20212
20249
20250
20253
20259
20264
20297
20366
20389
20390
20472
20476
20505
20558
20715
20726
20730
20754
20790
20805
20923
20947
20957
20980
20983
21001
21016
21119
21130
21137
21160
21175
21203
21213
21218
21220
21233
21255
21344
21350
21412
21499
21552
21592
21603
21699
21721
21767
21775
21777
21794
21807
21824
21826
21828
21846
21858
21868
21869
21897
21900
21962
22016
22040
22041
22043
22046
22149
22179
22189
22203
22231
22285
22297
22312
22346
22362
22407
22418
22424
22442
22452
22511
22549
22575
22625
22651
22664
22673
22688
22724
22725
22744
22762
22813
22834
22835
22873
22883
22886
22940
23051
23057
23075
23141
23178
23182
23193
23262
23268
23270
23323
23352
23371
23409
23430
23450
23493
23522
23561
23573
23604
23614
23656
23701
23711
23721
23727
23747
23793
23814
23833
23835
23837
23838
23842
23939
23940
23981
24035
24061
24074
24095
24142
24153
24159
24185
24275
24313
24379
24381
24415
24434
24436
24461
24467
24482
24505
24513
24524
24603
24643
24682
24712
24791
24809
24848
24879
25062
25073
25089
25090
25126
25129
25148
25160
25164
25173
25220
25241
25294
25377
25390
25413
25423
25485
25512
25617
25624
25628
25698
25716
25742
25749
25756
25783
25858
25861
25873
25886
25900
25924
25937
25967
25995
26014
26036
26055
26079
26108
26113
26150
26176
26181
26209
26237
26273
26287
26317
26318
26335
26360
26361
26398
26402
26411
26455
26486
26524
26576
26607
26608
26610
26619
26623
26653
26674
26708
26726
26789
26791
26827
26841
26890
26928
26936
26949
26951
27113
27121
27136
27240
27249
27261
27272
27273
27303
27330
27339
27347
27349
27365
27368
27370
27396
27407
27417
27452
27467
27475
27525
27564
27594
27642
27662
27679
27719
27721
27734
27747
27761
27767
27853
27864
27880
27912
27952
27967
27971
27974
27999
28035
28056
28085
28088
28133
28140
28149
28165
28179
28212
28250
28254
28277
28278
28317
28358
28362
28373
28391
28392
28427
28463
28492
28534
28550
28590
28591
28718
28733
28742
28748
28798
28829
28847
28865
28874
28877
28906
28907
28912
29009
29027
29040
29073
29074
29080
29132
29133
29166
29170
29171
29214
29230
29269
29270
29326
29340
29353
29368
29381
29393
29415
29499
29519
29540
29542
29600
29692
29734
29774
29789
29802
29813
29815
29828
29833
29870
29916
29924
29975
29984
30086
30117
30124
30169
30176
30177
30183
30184
30215
30233
30395
30455
30558
30637
30656
30660
30679
30686
30693
30701
30708
30709
30722
30739
30773
30784
30826
30829
30863
30888
30914
31008
31069
31071
31229
31265
31291
31351
31354
31358
31359
31421
31446
31466
31487
31511
31590
31608
31611
31650
31725
31729
31747
31777
31812
31843
31849
31854
31861
31874
31882
31953
31973
31979
32001
32016
32022
32056
32061
32120
32121
32126
32138
32159
32215
32235
32277
32283
32295
32367
32421
32430
32431
32466
32467
32538
32559
32564
32576
32581
32595
32608
32629
32644
32657
32735
32758
32761
32762
32800
32802
32842
32858
32861
32880
32883
32892
32954
32959
32984
32992
33025
33061
33103
33110
33117
33156
33236
33251
33252
33308
33326
33329
33364
33419
33470
33478
33519
33564
33602
33604
33609
33612
33679
33702
33835
33880
33888
33910
33942
33962
34024
34074
34113
34115
34131
34162
34165
34191
34210
34237
34246
34249
34256
34291
34332
34383
34410
34465
34512
34524
34526
34539
34665
34699
34710
34735
34738
34740
34764
34783
34794
34811
34820
34822
34847
34851
34931
34942
34944
34980
35157
35161
35186
35203
35219
35231
35246
35268
35277
35362
35398
35418
35470
35472
35544
35616
35649
35665
35742
35760
35786
35787
35801
35810
35815
35822
35827
35843
35847
35855
35956
35995
36010
36040
36049
36052
36090
36092
36112
36153
36174
36209
36243
36244
36276
36298
36301
36302
36384
36421
36489
36532
36550
36570
36578
36646
36648
36655
36730
36772
36799
36806
36828
36836
36901
36937
36938
36955
36957
36961
36978
37027
37062
37093
37132
37155
37185
37197
37201
37217
37258
37280
37285
37312
37315
37317
37330
37368
37372
37377
37422
37458
37492
37521
37556
37594
37609
37684
37693
37716
37747
37764
37822
37871
37944
37946
38019
38062
38070
38128
38172
38192
38197
38239
38245
38247
38276
38320
38326
38332
38335
38336
38360
38370
38450
38455
38456
38462
38484
38494
38510
38536
38558
38589
38597
38607
38634
38656
38740
38743
38775
38788
38790
38820
38880
38908
38928
38932
38939
38978
39017
39030
39047
39074
39094
39106
39127
39141
39146
39168
39187
39195
39225
39247
39302
39347
39368
39399
39405
39440
39451
39454
39511
39512
39582
39630
39721
39738
39795
39797
39811
39815
39816
39850
39899
39915
-1
