54
56
68
79
91
116
118
131
145
181
263
379
381
448
475
478
494
565
580
588
660
662
664
672
692
707
720
747
803
811
886
913
938
953
986
1014
1022
1045
1063
1096
1134
1162
1166
1171
1200
1219
1231
1289
1301
1335
1340
1366
1369
1377
1416
1454
1455
1461
1475
1558
1564
1587
1601
1621
1632
1651
1719
1745
1766
1773
1786
1818
1851
1880
1889
1932
1935
1936
1957
1965
1989
2043
2084
2085
2096
2101
2111
2166
2273
2285
2306
2341
2343
2354
2362
2376
2431
2456
2504
2511
2517
2519
2530
2532
2579
2600
2631
2671
2722
2748
2782
2785
2790
2804
2854
2859
2924
2961
2974
3068
3131
3138
3156
3161
3214
3296
3350
3384
3425
3471
3475
3494
3543
3582
3626
3697
3710
3728
3740
3751
3797
3847
3850
3853
3932
3977
4006
4017
4035
4106
4127
4217
4246
4265
4268
4383
4390
4421
4433
4450
4500
4506
4597
4621
4640
4726
4738
4762
4789
4825
4826
4859
4909
4930
4948
4954
4958
4979
4980
5019
5028
5060
5075
5091
5115
5149
5161
5193
5212
5247
5271
5297
5305
5383
5394
5475
5496
5519
5538
5550
5596
5613
5615
5635
5667
5679
5704
5781
5786
5803
5817
5821
5835
5860
5899
5907
5927
5940
5941
5994
6115
6117
6172
6201
6253
6256
6296
6310
6338
6350
6370
6409
6436
6470
6492
6511
6575
6592
6598
6693
6733
6735
6745
6765
6771
6793
6817
6820
6824
6828
6949
6950
6964
6985
7059
7103
7142
7156
7198
7266
7326
7347
7357
7366
7368
7407
7423
7431
7437
7456
7624
7695
7754
7765
7802
7805
7808
7834
7863
7882
7884
7893
7912
7954
7956
7974
8066
8086
8087
8130
8131
8177
8182
8186
8192
8211
8291
8294
8312
8324
8325
8346
8354
8526
8532
8537
8569
8588
8616
8640
8648
8681
8726
8778
8842
8885
8895
8904
8914
8983
9031
9044
9052
9091
9109
9133
9155
9177
9178
9182
9220
9233
9261
9288
9342
9346
9353
9369
9370
9379
9448
9500
9527
9559
9590
9619
9630
9658
9673
9694
9696
9700
9775
9787
9797
9798
9827
9834
9890
9915
9954
10077
10079
10085
10094
10116
10225
10255
10275
10338
10371
10376
10396
10404
10412
10423
10435
10471
10531
10538
10576
10608
10628
10639
10691
10704
10706
10752
10764
10820
10826
10847
10849
10873
10882
10924
10956
11023
11040
11061
11069
11165
11216
11265
11271
11283
11287
11292
11352
11354
11364
11374
11377
11456
11481
11501
11522
11547
11591
11594
11637
11684
11765
11807
11850
11864
11897
11904
11948
11967
12010
12043
12068
12165
12177
12201
12202
12242
12260
12321
12324
12363
12414
12422
12455
12507
12517
12589
12592
12603
12668
12683
12689
12698
12704
12728
12743
12744
12745
12796
12801
12850
12926
13023
13112
13118
13166
13167
13183
13216
13312
13411
13477
13500
13541
13544
13620
13661
13713
13720
13743
13750
13760
13805
13807
13826
13832
13917
13944
13946
13959
13967
13978
14062
14100
14118
14134
14168
14190
14199
14218
14244
14260
14339
14349
14402
14410
14466
14493
14510
14514
14517
14521
14534
14659
14678
14703
14717
14752
14758
14761
14770
14810
14864
14932
14950
14957
14959
14969
14994
14997
15009
15045
15051
15052
15108
15119
15120
15143
15152
15162
15179
15181
15183
15196
15207
15220
15237
15246
15253
15309
15343
15437
15498
15581
15612
15625
15651
15687
15712
15716
15739
15746
15805
15812
15816
15914
15922
15925
15944
15985
16005
16025
16057
16067
16104
16115
16133
16156
16171
16230
16251
16257
16274
16322
16370
16397
16407
16424
16436
16453
16464
16511
16522
16586
16608
16626
16657
16695
16787
16794
16798
16856
16860
16914
16918
16944
16961
16967
16992
17015
17016
17017
17021
17023
17093
17096
17103
17134
17158
17164
17168
17169
17188
17204
17205
17209
17237
17268
17293
17297
17366
17377
17385
17407
17418
17483
17500
17537
17548
17563
17579
17606
17641
17655
17660
17700
17718
17723
17775
17778
17796
17798
17803
17903
18010
18027
18043
18100
18114
18127
18134
18156
18163
18170
18180
18191
18230
18271
18343
18348
18403
18454
18494
18498
18539
18567
18576
18577
18642
18674
18740
18756
18760
18816
18843
18877
18893
18897
18934
18961
18976
18998
19029
19031
19034
19068
19108
19114
19141
19170
19206
19220
19227
19363
19388
19467
19498
19565
19635
19674
19712
19754
19759
19780
19832
19848
19850
19859
19864
19867
19936
19941
19958
19969
19974
20007
20013
20033
20061
20098
20150
20155
20169
20193
20200
20220
20259
20265
20269
20323
20376
20393
20408
20420
20444
20461
20478
20481
20524
20592
20595
20607
20610
20620
20659
20695
20760
20887
20900
20911
21022
21026
21141
21195
21220
21234
21265
21325
21332
21349
21355
21369
21380
21390
21419
21427
21463
21466
21548
21553
21617
21715
21719
21722
21750
21767
21770
21805
21849
21935
21937
21946
21966
21983
21988
22009
22036
22072
22089
22103
22121
22140
22154
22172
22206
22250
22355
22361
22405
22411
22435
22467
22478
22517
22523
22540
22555
22596
22597
22610
22663
22748
22750
22809
22828
22890
22906
22914
22922
22951
22999
23001
23055
23074
23105
23177
23189
23224
23263
23273
23286
23295
23300
23338
23359
23377
23383
23465
23494
23510
23525
23575
23576
23604
23659
23668
23669
23690
23694
23719
23771
23818
23840
23844
23918
23920
23958
23993
24023
24032
24049
24053
24101
24129
24167
24194
24195
24211
24217
24244
24264
24326
24330
24334
24361
24433
24454
24495
24529
24569
24592
24628
24668
24672
24674
24675
24690
24738
24754
24784
24811
24867
24884
24922
24924
24926
24966
24977
24990
24992
25011
25013
25020
25049
25097
25113
25114
25149
25196
25249
25279
25292
25307
25330
25335
25383
25404
25441
25466
25476
25507
25594
25605
25624
25655
25659
25661
25665
25669
25683
25695
25700
25714
25718
25755
25760
25799
25802
25808
25832
25844
25881
25899
25912
25917
25944
25994
26019
26047
26049
26064
26101
26111
26149
26238
26245
26320
26322
26334
26362
26385
26412
26425
26426
26483
26495
26511
26527
26539
26581
26630
26633
26643
26671
26702
26747
26770
26862
26901
26903
27036
27107
27129
27151
27155
27169
27186
27202
27313
27322
27352
27353
27397
27423
27425
27458
27496
27561
27563
27564
27571
27612
27619
27676
27739
27844
27846
27900
27927
27932
27936
28012
28040
28076
28078
28143
28146
28179
28180
28213
28221
28268
28297
28306
28307
28329
28339
28350
28371
28372
28403
28410
28419
28421
28422
28433
28444
28454
28491
28503
28504
28574
28596
28608
28623
28648
28669
28682
28694
28716
28746
28753
28834
28844
28876
28900
28923
28965
28979
28997
29003
29015
29032
29060
29085
29157
29164
29169
29186
29232
29259
29261
29271
29301
29303
29307
29330
29393
29429
29444
29480
29520
29554
29557
29566
29605
29610
29673
29675
29677
29714
29716
29720
29746
29774
29785
29848
29883
29890
29897
29939
30013
30033
30082
30093
30101
30129
30188
30234
30250
30262
30321
30341
30345
30376
30378
30443
30471
30506
30527
30535
30540
30584
30592
30594
30621
30650
30680
30682
30691
30720
30755
30786
30789
30795
30801
30802
30804
30827
30834
30848
30856
30960
31017
31037
31038
31169
31260
31290
31311
31313
31347
31350
31396
31416
31418
31423
31481
31598
31647
31655
31660
31690
31720
31776
31777
31784
31826
31829
31842
31849
31850
31873
31885
31982
31985
32015
32019
32037
32074
32149
32151
32201
32215
32226
32252
32260
32276
32330
32339
32357
32359
32392
32459
32505
32522
32541
32584
32589
32633
32656
32670
32726
32741
32753
32769
32783
32960
32993
32997
33023
33024
33037
33045
33047
33057
33106
33128
33132
33133
33207
33222
33247
33301
33304
33324
33352
33356
33371
33449
33490
33514
33550
33574
33578
33640
33655
33656
33669
33683
33694
33701
33722
33749
33812
33820
33840
33841
33846
33970
33978
34005
34025
34043
34048
34056
34104
34112
34131
34139
34153
34157
34182
34183
34222
34225
34252
34254
34255
34256
34282
34287
34380
34388
34409
34483
34484
34491
34515
34574
34639
34641
34650
34656
34658
34664
34712
34730
34737
34748
34816
34897
34914
34923
34926
34959
34963
34980
35035
35040
35044
35077
35089
35094
35096
35108
35144
35148
35159
35186
35188
35217
35227
35230
35287
35327
35334
35407
35434
35466
35486
35496
35497
35522
35554
35576
35622
35640
35673
35680
35689
35734
35755
35769
35779
35853
35886
35901
36012
36041
36069
36091
36101
36107
36116
36119
36163
36181
36187
36189
36201
36208
36338
36361
36375
36401
36410
36424
36425
36432
36438
36452
36472
36493
36529
36534
36608
36625
36638
36700
36707
36728
36753
36775
36806
36836
36873
36922
36954
36991
37040
37060
37075
37085
37089
37153
37154
37156
37219
37234
37296
37312
37362
37386
37397
37444
37458
37506
37509
37532
37537
37690
37694
37726
37737
37813
37826
37848
37897
37923
37934
37936
37944
37950
38013
38056
38094
38100
38141
38151
38180
38254
38257
38278
38314
38329
38388
38394
38415
38426
38435
38490
38491
38499
38512
38517
38521
38575
38592
38608
38613
38617
38680
38778
38813
38830
38855
38872
38877
38901
39024
39053
39108
39111
39118
39149
39172
39182
39211
39215
39266
39326
39327
39332
39340
39345
39346
39360
39369
39385
39391
39394
39399
39409
39410
39432
39474
39526
39546
39612
39646
39650
39666
39700
39730
39737
39843
39919
39933
-1
