48
54
96
163
178
180
212
223
289
356
358
407
451
473
499
506
511
512
578
608
611
647
666
700
740
785
826
843
889
915
919
932
933
1010
1198
1215
1225
1232
1235
1252
1265
1267
1404
1433
1446
1482
1505
1536
1558
1635
1642
1647
1652
1696
1732
1780
1782
1783
1788
1813
1822
1828
1837
1841
1871
1926
1968
1993
2000
2071
2077
2099
2164
2205
2279
2291
2298
2322
2371
2431
2442
2455
2465
2495
2537
2607
2688
2691
2700
2737
2781
2793
2801
2834
2838
2852
2867
2904
2933
3009
3058
3065
3084
3098
3115
3128
3145
3160
3233
3244
3287
3293
3374
3382
3390
3409
3410
3483
3487
3506
3535
3537
3555
3597
3607
3619
3675
3691
3746
3783
3803
3804
3880
3916
3950
4004
4146
4150
4155
4166
4242
4257
4312
4320
4323
4375
4381
4447
4448
4486
4489
4516
4531
4533
4558
4560
4584
4593
4601
4608
4687
4721
4744
4756
4770
4783
4838
4856
4879
4886
4893
4897
4898
4939
4961
4980
5014
5049
5051
5076
5086
5096
5108
5155
5186
5223
5243
5293
5317
5319
5333
5334
5350
5403
5446
5501
5509
5517
5540
5568
5633
5634
5646
5672
5696
5718
5719
5736
5755
5826
5828
5877
5941
5979
6002
6017
6022
6054
6055
6056
6060
6089
6122
6131
6168
6175
6182
6194
6256
6282
6283
6339
6346
6348
6352
6362
6374
6431
6450
6453
6514
6597
6652
6655
6680
6698
6719
6741
6776
6807
6811
6847
6912
6919
6933
6984
6988
7026
7038
7046
7048
7088
7102
7108
7114
7164
7172
7205
7235
7355
7395
7409
7427
7432
7484
7561
7570
7594
7619
7624
7646
7662
7683
7692
7707
7728
7730
7734
7736
7769
7808
7811
7846
7848
7903
7908
7924
7945
7983
8018
8040
8045
8168
8183
8205
8255
8266
8304
8314
8338
8375
8452
8479
8487
8567
8584
8614
8618
8636
8686
8731
8757
8779
8807
8811
8842
8848
8851
8878
8901
8904
8916
9001
9017
9041
9069
9152
9155
9201
9210
9215
9256
9264
9294
9332
9354
9361
9384
9390
9391
9418
9471
9485
9502
9541
9542
9554
9586
9628
9634
9661
9680
9703
9706
9718
9755
9775
9921
9966
10017
10026
10089
10094
10127
10149
10195
10213
10218
10278
10313
10332
10377
10395
10405
10418
10472
10502
10534
10545
10569
10601
10607
10643
10661
10664
10689
10752
10760
10775
10812
10844
10873
10900
10906
10909
10936
10984
10985
11012
11045
11078
11101
11110
11131
11183
11192
11195
11201
11251
11272
11330
11343
11357
11362
11398
11409
11420
11444
11491
11516
11566
11598
11604
11692
11694
11716
11730
11731
11757
11772
11801
11852
11892
11948
11949
11973
12010
12012
12025
12082
12089
12090
12123
12190
12191
12194
12232
12274
12291
12370
12388
12422
12465
12543
12724
12747
12758
12769
12775
12816
12866
12873
12895
12898
13010
13019
13028
13035
13058
13080
13089
13152
13153
13163
13178
13277
13290
13340
13382
13384
13446
13508
13519
13537
13574
13608
13622
13673
13730
13735
13745
13771
13786
13807
13808
13821
13849
13889
13897
13898
13899
13926
13949
13963
13987
14002
14067
14100
14123
14125
14138
14157
14162
14202
14204
14216
14232
14247
14250
14260
14265
14278
14292
14341
14344
14378
14391
14431
14443
14448
14467
14472
14586
14587
14610
14627
14634
14636
14659
14694
14757
14773
14803
14825
14893
14914
14929
14943
14958
14959
15049
15089
15094
15096
15142
15144
15160
15182
15267
15290
15372
15386
15390
15501
15502
15507
15515
15525
15536
15593
15634
15651
15673
15701
15722
15745
15766
15776
15831
15850
15874
15907
15928
15943
15954
15956
15977
16049
16074
16094
16155
16163
16178
16186
16263
16284
16292
16319
16387
16423
16464
16465
16480
16504
16506
16525
16534
16556
16572
16607
16618
16624
16706
16725
16730
16735
16754
16764
16782
16800
16831
16905
16941
16966
16978
16983
16996
17028
17102
17109
17129
17150
17167
17175
17209
17231
17238
17242
17244
17325
17400
17412
17431
17447
17459
17473
17490
17539
17550
17619
17657
17704
17739
17760
17805
17821
17824
17851
17863
17868
17877
17929
17930
17941
17950
17976
18027
18082
18091
18094
18095
18121
18153
18158
18175
18220
18247
18326
18333
18385
18403
18458
18467
18472
18498
18517
18522
18558
18583
18598
18612
18643
18646
18649
18685
18703
18727
18750
18753
18769
18784
18794
18819
18825
18872
18899
18905
18948
18999
19159
19175
19275
19289
19301
19332
19346
19348
19364
19385
19392
19399
19421
19452
19461
19489
19518
19550
19590
19728
19747
19792
19828
19830
19872
19875
19890
19904
19956
19971
19982
19984
20002
20050
20073
20123
20140
20174
20188
20192
20268
20292
20313
20335
20341
20369
20386
20403
20445
20450
20468
20471
20552
20556
20561
20577
20587
20594
20617
20648
20667
20696
20711
20719
20749
20786
20799
20800
20843
20947
20972
21012
21040
21048
21090
21095
21096
21147
21186
21224
21239
21240
21255
21334
21338
21353
21382
21383
21409
21420
21482
21516
21520
21525
21565
21574
21633
21664
21749
21751
21769
21876
21936
21997
22018
22026
22032
22034
22035
22072
22083
22107
22117
22141
22194
22199
22233
22239
22258
22312
22325
22387
22462
22481
22503
22549
22560
22583
22600
22726
22732
22783
22868
22922
22986
22994
22995
23009
23041
23047
23055
23083
23138
23168
23174
23194
23206
23215
23233
23246
23260
23279
23326
23374
23382
23409
23415
23418
23445
23458
23481
23483
23506
23526
23545
23548
23582
23585
23594
23705
23715
23728
23743
23759
23762
23787
23793
23816
23827
23833
23843
23860
23861
23883
23910
23993
24105
24224
24235
24251
24314
24316
24338
24370
24373
24377
24401
24413
24418
24507
24523
24575
24585
24624
24694
24720
24740
24767
24768
24777
24783
24794
24806
24813
24832
24884
24892
24928
24937
25025
25051
25071
25083
25124
25148
25150
25173
25183
25247
25248
25272
25302
25314
25321
25338
25374
25400
25425
25452
25484
25494
25596
25617
25657
25674
25713
25813
25823
25855
25874
25917
25954
25988
25997
26006
26100
26183
26184
26198
26209
26227
26253
26262
26269
26280
26344
26369
26431
26438
26452
26458
26473
26509
26531
26536
26553
26554
26563
26567
26590
26592
26594
26615
26642
26644
26699
26832
26854
26863
26872
26896
26939
27016
27077
27093
27097
27098
27130
27165
27175
27253
27254
27322
27339
27393
27408
27418
27440
27443
27467
27484
27520
27571
27575
27579
27592
27690
27693
27706
27707
27851
27882
27924
27927
27983
27986
28102
28192
28206
28226
28251
28269
28292
28311
28315
28338
28347
28395
28419
28457
28465
28521
28536
28539
28540
28566
28607
28615
28659
28674
28700
28760
28768
28809
28822
28832
28835
28857
28861
28910
28915
28934
28959
28976
28978
29002
29012
29042
29053
29083
29091
29111
29122
29124
29128
29149
29163
29191
29195
29209
29237
29251
29276
29296
29352
29354
29397
29423
29459
29470
29482
29518
29546
29565
29576
29636
29722
29727
29765
29789
29803
29813
29896
29955
29968
29969
29981
30005
30035
30043
30080
30095
30111
30121
30127
30146
30177
30210
30281
30379
30425
30427
30486
30497
30513
30533
30558
30630
30691
30721
30753
30781
30801
30827
30832
30913
30919
30926
30947
30961
31075
31091
31145
31159
31186
31228
31334
31348
31356
31363
31428
31486
31512
31513
31574
31576
31597
31599
31632
31648
31658
31692
31696
31712
31729
31735
31775
31777
31786
31792
31859
31876
31894
31902
31914
31923
31924
31949
31952
31969
31999
32063
32128
32152
32165
32212
32215
32248
32249
32256
32257
32275
32297
32298
32301
32304
32320
32334
32338
32340
32373
32401
32426
32472
32497
32511
32529
32556
32593
32612
32672
32710
32716
32757
32759
32764
32784
32814
32843
32924
32936
32956
32983
32996
33026
33079
33146
33157
33169
33205
33269
33286
33291
33339
33384
33406
33408
33413
33461
33478
33512
33529
33547
33620
33625
33626
33644
33652
33658
33671
33691
33692
33773
33784
33856
33891
33898
33921
33939
33941
33976
33982
33985
34039
34097
34115
34133
34201
34220
34247
34265
34267
34286
34305
34311
34318
34337
34350
34385
34394
34395
34430
34483
34502
34521
34543
34556
34612
34651
34740
34755
34757
34798
34802
34882
34946
34955
34968
34972
34993
35073
35074
35083
35084
35094
35109
35110
35125
35170
35190
35217
35258
35293
35310
35322
35340
35366
35372
35375
35396
35418
35473
35475
35492
35505
35511
35513
35519
35536
35552
35586
35588
35639
35648
35656
35668
35781
35802
35852
35863
35933
35952
35974
35993
35994
36039
36059
36087
36174
36182
36183
36226
36242
36267
36304
36307
36338
36395
36401
36439
36452
36520
36546
36566
36704
36720
36751
36783
36812
36863
36875
36906
36928
36939
36942
36945
36959
36978
37074
37162
37170
37194
37208
37232
37253
37260
37309
37330
37399
37414
37447
37489
37508
37546
37592
37602
37647
37653
37668
37686
37701
37746
37759
37779
37792
37831
37844
37850
37920
37926
37953
37954
37975
38024
38035
38047
38053
38075
38106
38117
38134
38137
38237
38398
38409
38511
38554
38584
38612
38725
38734
38753
38756
38790
38826
38836
38843
38917
38922
38938
39026
39077
39143
39195
39198
39209
39224
39246
39284
39313
39348
39359
39482
39511
39547
39552
39565
39584
39586
39609
39634
39643
39662
39666
39669
39671
39723
39742
39749
39759
39763
39787
39840
39846
39877
39880
39919
39938
39962
39973
39981
-1
