2
8
25
29
68
86
132
149
173
175
183
224
228
242
268
298
339
376
396
419
447
465
479
555
605
636
655
662
685
691
709
786
845
848
892
917
924
968
996
1049
1063
1068
1100
1114
1128
1140
1171
1176
1177
1223
1230
1294
1317
1381
1397
1398
1418
1432
1458
1465
1467
1483
1485
1506
1541
1557
1648
1683
1693
1795
1805
1814
1819
1846
1880
1899
1940
2045
2116
2185
2252
2262
2292
2294
2317
2328
2389
2405
2410
2412
2441
2470
2555
2582
2596
2614
2616
2626
2634
2697
2708
2717
2751
2765
2843
2860
2885
2905
2913
2914
2945
2988
3006
3035
3115
3149
3151
3171
3186
3187
3193
3205
3216
3242
3267
3354
3452
3456
3559
3583
3613
3633
3680
3695
3767
3794
3801
3808
3855
3865
3866
3911
3929
3939
3942
3958
3962
3995
3997
4167
4186
4195
4200
4223
4263
4273
4274
4294
4311
4322
4458
4471
4580
4669
4670
4732
4748
4771
4784
4824
4847
4852
4909
4944
4955
4997
5020
5028
5081
5132
5135
5136
5200
5230
5248
5286
5302
5317
5340
5354
5374
5375
5403
5407
5447
5465
5482
5573
5697
5714
5756
5785
5804
5847
5857
5993
5998
6012
6029
6041
6080
6171
6231
6235
6287
6322
6334
6335
6481
6483
6495
6502
6540
6557
6573
6576
6594
6627
6672
6700
6716
6725
6829
6869
6952
6992
7079
7085
7124
7127
7138
7149
7184
7194
7199
7274
7303
7326
7328
7364
7379
7453
7454
7471
7487
7511
7525
7541
7576
7613
7672
7677
7678
7681
7711
7756
7760
7808
7907
8007
8034
8045
8061
8172
8210
8216
8228
8229
8245
8272
8274
8292
8296
8307
8352
8358
8378
8444
8497
8521
8531
8544
8551
8610
8642
8652
8655
8698
8738
8741
8761
8786
8787
8794
8833
8839
8858
8860
8934
8942
8971
8992
8996
9001
9026
9102
9150
9168
9225
9227
9234
9244
9269
9300
9306
9323
9347
9352
9356
9373
9435
9474
9508
9514
9523
9547
9556
9575
9578
9599
9610
9637
9695
9702
9755
9757
9759
9802
9827
9855
9925
9949
9970
9978
9990
9991
10006
10010
10017
10034
10039
10041
10057
10125
10149
10174
10224
10328
10349
10359
10361
10378
10400
10415
10436
10443
10501
10514
10555
10562
10591
10603
10626
10676
10704
10747
10748
10775
10795
10842
10913
10918
10921
10931
10932
10933
10943
10945
11004
11080
11081
11083
11157
11160
11169
11177
11193
11207
11220
11243
11267
11269
11337
11346
11350
11365
11382
11530
11557
11591
11609
11625
11638
11644
11676
11687
11688
11694
11695
11731
11765
11849
11856
11888
11941
11948
11990
12013
12027
12060
12176
12184
12201
12206
12217
12291
12305
12322
12367
12395
12404
12426
12461
12478
12480
12481
12487
12497
12502
12516
12517
12519
12534
12573
12585
12596
12616
12636
12654
12656
12658
12690
12754
12770
12804
12820
12876
12881
12894
13002
13051
13089
13100
13107
13108
13159
13208
13215
13221
13256
13263
13271
13296
13323
13361
13423
13446
13488
13502
13517
13527
13555
13570
13580
13587
13627
13651
13669
13677
13708
13713
13777
13876
13880
13905
13916
13933
13937
13992
13994
14034
14099
14122
14156
14173
14202
14204
14232
14259
14285
14337
14399
14408
14410
14417
14480
14499
14508
14533
14555
14576
14577
14614
14623
14625
14633
14689
14718
14719
14804
14817
14833
14847
14867
14875
14889
14940
14946
14972
15080
15087
15088
15145
15148
15259
15287
15290
15294
15301
15314
15321
15439
15549
15581
15592
15631
15639
15644
15656
15657
15716
15731
15737
15740
15748
15771
15772
15788
15848
15866
15900
15937
15971
16029
16100
16107
16181
16222
16228
16251
16278
16296
16329
16383
16396
16408
16454
16527
16529
16557
16573
16599
16633
16663
16708
16711
16719
16765
16924
16953
16958
16979
16989
16992
17001
17029
17069
17115
17126
17157
17203
17229
17289
17313
17321
17347
17381
17452
17453
17465
17472
17477
17480
17498
17520
17555
17573
17583
17612
17664
17681
17698
17791
17810
17851
17879
17883
17898
17934
17974
17984
18000
18001
18024
18058
18065
18078
18081
18089
18214
18253
18360
18373
18392
18393
18453
18467
18497
18518
18533
18536
18577
18590
18601
18603
18618
18628
18632
18661
18674
18693
18748
18775
18779
18786
18803
18831
18855
18859
18867
18906
18923
18970
18972
19000
19002
19009
19012
19035
19054
19102
19107
19132
19169
19171
19213
19244
19263
19271
19289
19314
19324
19345
19361
19378
19380
19386
19405
19411
19417
19434
19482
19503
19515
19536
19560
19579
19602
19607
19611
19704
19777
19805
19809
19844
19859
19875
19878
19879
19904
19913
19930
19977
19994
19995
20017
20023
20066
20109
20214
20239
20334
20355
20363
20411
20415
20485
20532
20609
20619
20652
20673
20724
20840
20910
20917
20937
20955
20966
20983
20994
21001
21045
21048
21051
21069
21099
21159
21180
21201
21204
21215
21253
21271
21299
21320
21342
21355
21370
21392
21398
21413
21422
21514
21527
21590
21650
21661
21703
21710
21747
21832
21836
21838
21845
21863
21874
21875
21926
21973
22037
22047
22057
22072
22082
22125
22156
22161
22171
22212
22229
22241
22263
22325
22327
22390
22429
22456
22475
22476
22480
22488
22511
22536
22541
22547
22594
22625
22629
22658
22670
22693
22716
22736
22743
22763
22774
22839
22871
22875
22883
22884
22928
22962
23003
23038
23108
23213
23234
23254
23290
23310
23323
23334
23352
23370
23377
23435
23439
23443
23449
23461
23473
23521
23523
23537
23555
23558
23593
23595
23645
23661
23699
23779
23793
23828
23875
23890
23892
23925
23942
23991
23995
24004
24007
24008
24115
24123
24166
24234
24330
24355
24356
24360
24367
24413
24461
24470
24498
24520
24542
24623
24638
24641
24716
24722
24753
24757
24776
24815
24831
24855
24872
24877
24892
25032
25036
25040
25065
25131
25143
25194
25316
25318
25329
25345
25382
25443
25450
25501
25550
25559
25579
25603
25617
25626
25664
25707
25765
25798
25864
25887
25915
25929
25936
25957
25979
25998
26068
26077
26086
26097
26100
26123
26147
26185
26197
26226
26254
26277
26311
26338
26343
26376
26431
26445
26448
26475
26500
26536
26545
26577
26605
26632
26638
26645
26652
26665
26672
26696
26714
26720
26732
26757
26771
26773
26827
26850
26881
26891
26908
26972
26985
27000
27007
27017
27045
27101
27111
27115
27165
27194
27250
27312
27328
27333
27363
27426
27427
27471
27495
27518
27531
27542
27578
27621
27652
27688
27689
27698
27741
27748
27771
27777
27829
27833
27888
27910
27912
27917
27923
27950
27982
28081
28142
28173
28219
28244
28267
28302
28313
28347
28349
28352
28358
28383
28400
28460
28461
28491
28538
28563
28583
28597
28622
28647
28690
28703
28743
28769
28794
28795
28828
28874
28895
28926
28936
28944
28967
28987
29046
29060
29065
29079
29094
29122
29133
29196
29197
29208
29277
29309
29322
29354
29375
29396
29404
29445
29465
29548
29551
29558
29563
29694
29708
29745
29796
29821
29854
29888
29957
29961
29962
30008
30020
30141
30211
30223
30228
30230
30233
30259
30329
30341
30362
30390
30395
30431
30451
30492
30526
30619
30648
30650
30681
30687
30695
30739
30820
30851
30854
30856
30865
30890
30900
30922
30951
30972
30978
31040
31044
31063
31084
31112
31119
31201
31236
31252
31327
31385
31401
31466
31476
31505
31517
31550
31564
31583
31644
31650
31683
31743
31757
31790
31871
31882
31886
31899
31931
31976
32001
32017
32045
32114
32117
32131
32158
32176
32182
32186
32199
32214
32265
32295
32302
32324
32333
32383
32403
32410
32442
32451
32507
32530
32546
32547
32554
32555
32557
32585
32616
32630
32636
32644
32664
32673
32698
32773
32778
32781
32809
32817
32829
32857
32867
32870
32876
32918
32980
32983
32987
33005
33026
33052
33155
33208
33227
33283
33323
33326
33328
33342
33429
33437
33440
33468
33489
33506
33519
33542
33552
33558
33629
33632
33685
33736
33766
33768
33778
33786
33826
33841
33846
33870
33878
33904
33965
33988
33991
34010
34046
34052
34063
34094
34132
34163
34173
34193
34208
34228
34237
34275
34310
34397
34424
34430
34437
34447
34471
34485
34487
34594
34635
34755
34789
34815
34847
34874
34887
34923
34975
35037
35050
35056
35080
35083
35092
35193
35276
35351
35369
35377
35398
35429
35437
35445
35457
35463
35552
35600
35612
35716
35719
35785
35786
35801
35807
35853
35861
35863
35868
35887
35904
35906
35919
35931
35938
35970
36087
36110
36128
36137
36143
36161
36177
36209
36237
36244
36275
36295
36298
36299
36305
36318
36350
36401
36427
36474
36511
36530
36563
36568
36602
36634
36638
36650
36694
36729
36743
36812
36814
36821
36835
36862
36866
36869
36961
36966
36971
37003
37019
37076
37086
37087
37105
37125
37140
37158
37180
37183
37257
37276
37287
37289
37337
37379
37436
37452
37457
37481
37550
37561
37571
37664
37691
37751
37753
37774
37800
37828
37832
37840
37841
37911
37923
38082
38135
38157
38188
38200
38212
38236
38251
38270
38354
38393
38412
38485
38493
38541
38551
38576
38611
38639
38736
38745
38761
38816
38820
38822
38827
38851
38868
38873
38875
38890
38939
38951
38980
39018
39026
39031
39051
39069
39101
39123
39124
39132
39140
39196
39202
39247
39259
39387
39417
39428
39457
39463
39493
39530
39539
39548
39562
39569
39643
39671
39684
39702
39723
39770
39781
39828
39832
39834
39856
39903
39904
39914
39978
39981
-1
