0
19
27
44
62
93
135
146
147
171
256
354
359
420
453
479
482
511
538
564
581
594
613
684
697
709
746
757
758
774
801
815
827
914
930
947
970
1006
1058
1087
1120
1139
1140
1157
1162
1179
1203
1243
1255
1257
1274
1278
1360
1365
1397
1432
1467
1481
1494
1516
1529
1559
1561
1563
1565
1574
1601
1638
1689
1692
1708
1732
1735
1736
1738
1765
1798
1801
1833
1855
1882
1892
1929
1934
1944
2061
2099
2113
2120
2210
2212
2230
2234
2366
2412
2444
2454
2506
2519
2547
2560
2563
2597
2636
2671
2692
2767
2834
2868
2884
2894
2932
2933
2934
2987
3009
3059
3070
3072
3086
3101
3128
3130
3155
3158
3208
3237
3259
3265
3306
3329
3378
3419
3430
3439
3489
3527
3550
3606
3626
3644
3645
3702
3760
3763
3793
3801
3812
3815
3833
3880
3904
3929
3933
3957
4017
4054
4104
4197
4236
4270
4275
4297
4346
4351
4358
4369
4375
4394
4407
4460
4579
4670
4677
4684
4685
4706
4737
4738
4776
4817
4825
4877
4929
4996
5000
5012
5043
5094
5102
5105
5112
5125
5137
5160
5163
5214
5379
5387
5398
5486
5489
5501
5507
5510
5530
5532
5537
5587
5682
5714
5782
5800
5833
5851
5992
6107
6168
6171
6190
6224
6233
6247
6278
6279
6294
6296
6313
6335
6340
6341
6424
6430
6513
6516
6536
6548
6570
6577
6601
6616
6736
6752
6784
6791
6817
6820
6833
6893
6913
6954
6991
6995
7035
7056
7083
7088
7116
7165
7191
7225
7247
7289
7311
7323
7324
7351
7398
7423
7447
7465
7476
7495
7545
7562
7581
7601
7611
7624
7653
7698
7744
7749
7790
7822
7849
7859
7882
7887
7945
7951
8006
8014
8040
8135
8212
8232
8235
8255
8261
8290
8309
8322
8376
8394
8407
8479
8492
8574
8579
8581
8634
8637
8664
8667
8668
8672
8703
8717
8741
8782
8790
8806
8818
8822
8834
8859
8878
8885
8886
8926
8928
8930
8952
8969
8974
8979
8983
8989
9007
9051
9069
9125
9131
9141
9150
9209
9213
9247
9300
9360
9381
9407
9453
9473
9487
9515
9568
9572
9580
9581
9678
9746
9765
9826
9909
9963
9971
10003
10023
10035
10043
10062
10103
10107
10168
10176
10201
10210
10268
10293
10295
10309
10316
10349
10357
10373
10393
10399
10404
10430
10501
10503
10574
10640
10653
10706
10718
10736
10740
10752
10753
10773
10799
10838
10860
10913
10929
10931
10973
11005
11083
11090
11100
11133
11180
11202
11205
11262
11278
11293
11300
11301
11352
11365
11382
11383
11427
11450
11460
11483
11611
11613
11637
11641
11664
11682
11712
11736
11747
11748
11749
11761
11812
11870
11912
11993
11998
12030
12042
12076
12100
12132
12180
12215
12241
12248
12383
12410
12425
12445
12451
12475
12499
12514
12556
12596
12601
12636
12717
12721
12723
12724
12732
12777
12780
12799
12808
12811
12813
12823
12977
12980
13065
13093
13115
13120
13129
13148
13213
13217
13225
13302
13307
13336
13348
13358
13411
13423
13440
13443
13446
13503
13510
13511
13528
13644
13717
13722
13758
13771
13899
13905
13947
13954
13976
13982
14028
14060
14083
14088
14103
14174
14234
14278
14327
14359
14382
14444
14482
14508
14517
14535
14581
14591
14631
14637
14642
14663
14669
14685
14689
14693
14705
14718
14777
14805
14845
14856
14861
14888
14897
14900
14915
14992
15005
15025
15033
15050
15052
15069
15093
15105
15106
15130
15185
15188
15231
15254
15296
15316
15344
15358
15404
15420
15425
15446
15451
15487
15497
15501
15508
15539
15546
15555
15561
15568
15586
15606
15630
15661
15708
15721
15743
15787
15819
15857
15941
16023
16056
16071
16073
16108
16138
16217
16227
16235
16244
16279
16337
16345
16351
16379
16383
16406
16412
16434
16458
16467
16473
16512
16526
16532
16583
16588
16591
16620
16629
16663
16676
16750
16783
16833
16851
16885
16908
16932
16944
16949
16990
17001
17030
17040
17060
17075
17101
17138
17270
17372
17498
17511
17531
17542
17578
17641
17647
17665
17697
17719
17722
17784
17789
17815
17839
17842
17989
18001
18021
18027
18038
18042
18043
18081
18095
18124
18149
18165
18220
18251
18284
18299
18346
18387
18398
18419
18431
18441
18443
18446
18455
18468
18519
18520
18585
18588
18626
18635
18636
18647
18649
18680
18701
18703
18707
18711
18720
18741
18768
18780
18799
18826
18845
18893
18910
18950
18979
19007
19017
19021
19037
19061
19064
19090
19093
19115
19131
19170
19193
19196
19214
19240
19254
19275
19287
19295
19321
19323
19345
19392
19456
19475
19509
19549
19560
19561
19607
19619
19652
19659
19671
19690
19702
19837
19862
19887
19890
19902
19934
19939
19960
19962
19979
19990
19997
20010
20030
20031
20041
20073
20080
20116
20136
20160
20163
20166
20171
20174
20183
20220
20325
20341
20392
20397
20401
20421
20434
20508
20576
20600
20653
20676
20705
20717
20733
20802
20812
20816
20857
20879
20910
20956
20958
20963
20970
21002
21061
21096
21126
21139
21142
21145
21147
21171
21181
21199
21200
21232
21270
21436
21440
21503
21543
21581
21605
21654
21672
21699
21711
21826
21828
21829
21912
21931
21951
21956
21958
21963
21980
21981
21983
22027
22041
22067
22121
22206
22240
22256
22259
22263
22267
22276
22278
22295
22312
22316
22371
22413
22417
22449
22473
22508
22522
22529
22549
22584
22595
22613
22623
22644
22805
22810
22812
22819
22821
22870
22890
22926
22956
22958
22994
23008
23022
23023
23069
23088
23114
23129
23155
23246
23248
23261
23280
23294
23295
23305
23353
23389
23393
23401
23434
23538
23616
23627
23681
23693
23715
23724
23735
23744
23747
23751
23762
23764
23776
23816
23828
23851
23852
23869
23910
23960
23997
24005
24013
24038
24111
24112
24138
24180
24197
24201
24209
24299
24302
24350
24366
24385
24442
24443
24447
24507
24630
24707
24727
24741
24769
24782
24805
24847
24877
24894
24907
24972
24999
25018
25034
25046
25050
25080
25092
25113
25137
25223
25259
25268
25297
25323
25440
25452
25466
25527
25563
25610
25638
25692
25754
25832
25853
25863
25882
25912
25927
26034
26040
26047
26076
26091
26120
26205
26225
26235
26248
26269
26324
26348
26364
26414
26424
26456
26457
26463
26480
26517
26567
26569
26571
26599
26662
26691
26710
26740
26741
26753
26778
26796
26804
26859
26860
26872
26883
26895
26897
26937
26944
26964
27066
27070
27111
27122
27195
27291
27302
27380
27502
27514
27531
27553
27560
27690
27701
27704
27739
27753
27754
27792
27807
27860
27947
27969
27979
28021
28134
28138
28170
28176
28180
28273
28289
28290
28297
28298
28318
28343
28393
28400
28401
28412
28417
28436
28451
28498
28547
28573
28579
28598
28609
28619
28699
28711
28743
28780
28847
28856
28866
28872
28900
28904
28916
28960
28989
29015
29026
29062
29068
29070
29075
29089
29118
29119
29139
29162
29227
29244
29282
29312
29351
29374
29401
29413
29487
29522
29551
29575
29579
29596
29669
29670
29701
29719
29728
29757
29773
29805
29813
29823
29825
29832
29849
29851
29853
29856
29883
29959
29970
29980
29981
29994
29997
30039
30057
30066
30147
30158
30175
30198
30210
30294
30320
30364
30380
30404
30452
30475
30491
30518
30537
30538
30587
30597
30623
30626
30678
30715
30729
30736
30743
30779
30787
30817
30837
30873
30882
30895
30911
30920
30998
31006
31012
31050
31071
31280
31296
31307
31328
31351
31354
31418
31445
31460
31530
31531
31555
31595
31603
31608
31615
31634
31635
31649
31672
31723
31728
31734
31800
31809
31855
31879
31907
31929
31931
31933
31935
32060
32067
32079
32086
32092
32093
32115
32131
32145
32157
32168
32171
32230
32361
32385
32407
32441
32477
32478
32511
32552
32570
32573
32579
32582
32707
32749
32758
32808
32860
32877
32904
32910
32924
32938
32968
33013
33113
33114
33203
33231
33247
33255
33318
33325
33357
33417
33484
33529
33546
33569
33630
33631
33634
33641
33709
33751
33756
33781
33791
33819
33832
33862
33871
33872
33874
33885
33894
33934
33942
33955
33971
33991
33999
34005
34012
34061
34087
34091
34094
34163
34169
34173
34201
34233
34287
34317
34353
34358
34360
34367
34369
34380
34389
34421
34425
34432
34438
34462
34498
34508
34528
34553
34589
34627
34668
34765
34807
34812
34815
34851
34867
34871
34925
34955
34971
34974
34978
35001
35027
35057
35069
35094
35119
35158
35224
35236
35276
35318
35334
35403
35450
35456
35485
35525
35574
35634
35636
35639
35742
35785
35787
35827
35859
35946
35948
35970
36082
36096
36114
36123
36126
36175
36200
36213
36265
36273
36285
36299
36309
36337
36421
36509
36520
36529
36531
36540
36547
36578
36592
36593
36603
36614
36624
36638
36666
36673
36740
36748
36773
36822
36880
36908
36914
36922
36949
37009
37033
37067
37102
37122
37197
37212
37220
37260
37306
37333
37336
37340
37373
37438
37448
37505
37527
37557
37567
37576
37665
37677
37721
37737
37901
37905
37953
37997
38062
38065
38075
38091
38120
38128
38140
38157
38169
38175
38181
38183
38209
38210
38289
38293
38351
38414
38428
38457
38511
38519
38531
38537
38553
38585
38619
38647
38667
38675
38731
38740
38756
38776
38778
38780
38784
38874
38898
38923
38988
38995
39053
39068
39084
39116
39127
39133
39214
39231
39242
39272
39366
39434
39439
39459
39469
39480
39520
39548
39551
39592
39605
39632
39662
39698
39820
39848
39912
39939
39959
39970
39997
-1
