42
74
108
134
152
182
307
320
372
394
395
424
479
512
525
537
543
559
600
628
673
691
710
720
745
763
771
829
852
855
861
899
954
959
982
996
1017
1061
1084
1111
1124
1160
1242
1259
1297
1305
1308
1324
1369
1381
1481
1504
1505
1556
1562
1582
1604
1633
1702
1722
1770
1883
1950
1982
2008
2033
2055
2075
2089
2150
2195
2215
2221
2233
2242
2249
2302
2374
2389
2418
2442
2523
2594
2598
2605
2618
2628
2636
2649
2666
2682
2764
2780
2794
2796
2820
2841
2851
2856
2867
2880
2942
2945
2962
2968
2979
2999
3033
3041
3068
3114
3115
3116
3138
3183
3248
3252
3258
3266
3310
3314
3315
3319
3347
3415
3418
3461
3464
3487
3499
3524
3532
3558
3575
3590
3612
3651
3664
3709
3761
3779
3844
3851
3854
3908
3971
4008
4032
4106
4119
4160
4195
4205
4206
4213
4231
4305
4311
4352
4398
4431
4448
4471
4573
4607
4609
4618
4633
4641
4673
4685
4768
4818
4863
4865
4884
4894
4905
4921
4944
4947
4954
4960
4978
5038
5042
5129
5137
5213
5255
5262
5326
5345
5367
5385
5388
5396
5399
5401
5456
5460
5499
5521
5567
5568
5599
5610
5627
5639
5704
5722
5734
5767
5773
5829
5846
5873
5889
5896
5897
5915
5924
5925
5947
5950
5957
5970
5971
5983
5987
5990
6004
6026
6070
6086
6101
6111
6127
6130
6209
6248
6259
6292
6343
6346
6433
6448
6526
6588
6592
6633
6652
6677
6691
6741
6829
6888
6898
6918
6930
6959
6987
7022
7052
7072
7074
7170
7186
7258
7302
7303
7312
7320
7325
7337
7347
7373
7443
7458
7463
7528
7536
7548
7560
7652
7701
7771
7782
7801
7810
7839
7874
7944
7968
7999
8130
8149
8159
8205
8225
8277
8278
8279
8281
8296
8326
8397
8402
8418
8504
8601
8606
8628
8679
8743
8760
8768
8802
8905
8964
8998
9020
9038
9082
9110
9180
9186
9193
9235
9304
9331
9367
9391
9392
9466
9486
9504
9517
9527
9530
9532
9573
9620
9625
9664
9686
9723
9747
9776
9790
9792
9809
9817
9845
9874
9940
9947
10010
10039
10041
10046
10060
10087
10114
10137
10173
10186
10211
10218
10232
10240
10332
10351
10399
10430
10435
10436
10444
10460
10479
10484
10489
10523
10533
10592
10593
10600
10657
10685
10699
10702
10773
10781
10784
10820
10838
10845
10900
10909
10987
11022
11032
11047
11055
11089
11101
11137
11180
11188
11201
11258
11293
11294
11350
11383
11397
11410
11427
11493
11573
11599
11606
11679
11694
11723
11743
11806
11819
11947
11983
12016
12026
12060
12088
12094
12114
12205
12210
12240
12245
12305
12311
12323
12338
12391
12398
12409
12443
12475
12491
12510
12557
12562
12688
12701
12708
12712
12724
12736
12758
12776
12791
12807
12863
12869
12890
12928
12953
12968
13001
13004
13016
13026
13091
13113
13150
13152
13184
13217
13288
13306
13314
13338
13361
13367
13443
13454
13487
13605
13742
13762
13768
13891
13898
13899
13915
13924
13970
13985
14036
14060
14086
14111
14134
14135
14163
14177
14269
14283
14302
14306
14317
14336
14353
14374
14416
14425
14506
14542
14597
14668
14692
14731
14745
14755
14757
14777
14784
14787
14802
14812
14849
14942
14953
14978
14979
14982
14998
15002
15018
15057
15058
15090
15100
15109
15110
15123
15140
15144
15145
15182
15214
15224
15240
15274
15297
15397
15398
15400
15567
15609
15646
15658
15720
15759
15767
15869
15874
15880
15903
15961
15989
15990
16007
16026
16142
16163
16192
16232
16233
16241
16256
16258
16284
16296
16301
16351
16362
16375
16382
16386
16403
16419
16425
16456
16471
16481
16508
16554
16574
16626
16632
16750
16811
16813
16826
16831
16841
16864
16869
16870
16903
17039
17048
17087
17133
17147
17159
17168
17181
17217
17234
17236
17281
17338
17340
17403
17435
17478
17496
17579
17599
17605
17613
17620
17627
17637
17647
17658
17706
17714
17756
17809
17819
17820
17845
17877
17882
17907
17916
17917
17919
17947
17966
17979
18041
18055
18069
18077
18207
18216
18231
18251
18268
18279
18293
18304
18315
18333
18388
18419
18478
18514
18521
18578
18585
18597
18614
18624
18646
18655
18676
18686
18702
18716
18720
18746
18813
18844
18921
18926
18929
18970
18972
18988
19009
19011
19040
19056
19057
19203
19207
19221
19228
19235
19241
19313
19336
19382
19407
19475
19537
19539
19562
19592
19620
19641
19657
19742
19769
19822
19823
19832
19854
19861
19900
19907
19908
19943
19979
20043
20104
20149
20214
20271
20299
20340
20357
20359
20370
20390
20393
20425
20436
20490
20504
20507
20524
20534
20544
20552
20619
20630
20646
20656
20728
20747
20769
20854
20861
20909
20944
21002
21014
21046
21049
21067
21114
21129
21186
21302
21364
21382
21383
21431
21444
21495
21539
21569
21586
21591
21623
21627
21699
21754
21775
21833
21865
21952
21971
22015
22029
22058
22087
22125
22166
22181
22203
22224
22340
22371
22382
22448
22466
22470
22486
22498
22530
22539
22626
22627
22669
22700
22704
22727
22748
22772
22776
22790
22827
22858
22873
22878
22881
22947
23007
23044
23047
23057
23129
23161
23201
23215
23217
23224
23236
23249
23266
23282
23287
23297
23364
23396
23403
23405
23458
23502
23513
23548
23575
23587
23611
23662
23709
23863
23870
23893
23900
23907
23944
23947
23958
23968
24000
24042
24057
24119
24167
24184
24188
24211
24242
24263
24290
24326
24332
24399
24423
24450
24479
24524
24534
24535
24549
24561
24601
24653
24672
24679
24729
24772
24782
24794
24798
24826
24858
24860
24863
24865
24874
24898
24921
24924
24932
24944
24989
25001
25032
25077
25091
25097
25125
25174
25183
25193
25212
25216
25226
25250
25261
25281
25285
25298
25323
25383
25386
25388
25462
25469
25478
25508
25520
25561
25565
25588
25617
25672
25693
25699
25702
25705
25715
25767
25794
25866
25878
25884
25916
25930
25942
25966
26005
26058
26106
26140
26213
26230
26234
26246
26253
26360
26361
26404
26459
26468
26470
26476
26478
26518
26571
26629
26647
26724
26752
26765
26836
26846
26877
26891
26952
27092
27169
27237
27238
27260
27290
27291
27346
27359
27361
27365
27382
27385
27455
27456
27471
27494
27529
27628
27644
27652
27662
27734
27768
27775
27781
27797
27808
27809
27810
27819
27832
27901
27947
27970
28001
28153
28171
28178
28215
28237
28248
28252
28295
28302
28327
28380
28449
28451
28478
28486
28514
28569
28626
28660
28675
28739
28745
28750
28764
28791
28819
28824
28838
28847
28938
28972
29005
29019
29035
29050
29068
29177
29178
29180
29227
29229
29243
29246
29247
29279
29316
29323
29334
29356
29371
29391
29408
29415
29436
29439
29500
29501
29518
29531
29547
29551
29561
29567
29573
29577
29625
29637
29641
29647
29680
29747
29758
29759
29773
29776
29816
29817
29852
29867
29880
29904
29905
29927
29950
30015
30018
30110
30118
30131
30156
30157
30215
30227
30260
30280
30292
30296
30320
30325
30337
30372
30375
30388
30395
30441
30451
30453
30464
30471
30494
30498
30523
30530
30545
30569
30579
30589
30635
30645
30673
30708
30712
30728
30817
30825
30866
30870
30874
30902
30960
30976
30997
31058
31059
31072
31082
31099
31126
31136
31141
31143
31152
31162
31168
31212
31263
31323
31334
31340
31400
31420
31432
31454
31474
31489
31526
31573
31577
31604
31634
31674
31703
31787
31799
31827
31835
31909
31918
31972
31997
32010
32017
32030
32045
32059
32144
32155
32156
32169
32177
32188
32195
32201
32212
32254
32255
32268
32273
32282
32365
32420
32446
32488
32565
32642
32655
32710
32729
32751
32800
32817
32855
32947
32957
32974
33033
33043
33045
33047
33186
33222
33243
33244
33245
33267
33279
33348
33352
33380
33386
33393
33404
33427
33503
33509
33514
33583
33601
33664
33693
33730
33731
33785
33825
33832
33894
33900
33905
33973
33979
33986
34024
34077
34098
34101
34104
34119
34138
34169
34177
34187
34238
34254
34257
34287
34300
34313
34342
34375
34377
34414
34450
34478
34497
34525
34533
34573
34592
34614
34660
34664
34679
34702
34714
34849
34850
34875
34903
34943
34975
34982
35024
35077
35091
35100
35132
35154
35159
35185
35221
35229
35270
35273
35289
35345
35348
35350
35466
35478
35502
35524
35553
35608
35610
35612
35765
35837
35856
35860
35892
35969
35972
36015
36053
36064
36076
36082
36127
36145
36194
36215
36244
36291
36292
36333
36383
36408
36417
36441
36442
36445
36463
36506
36520
36530
36542
36578
36580
36604
36616
36629
36632
36650
36668
36684
36729
36797
36800
36847
36897
36933
36940
36956
36960
37031
37036
37037
37040
37050
37074
37077
37081
37106
37116
37135
37165
37190
37194
37215
37243
37258
37281
37329
37342
37360
37394
37422
37427
37473
37494
37498
37521
37524
37552
37556
37566
37567
37588
37598
37614
37700
37726
37730
37732
37733
37753
37793
37797
37802
37853
37902
37946
38011
38016
38019
38022
38028
38047
38073
38101
38118
38123
38129
38130
38137
38181
38193
38213
38248
38258
38287
38310
38392
38406
38445
38506
38543
38631
38633
38688
38704
38735
38775
38804
38808
38825
38829
38833
38861
38898
38936
39003
39027
39095
39123
39152
39160
39182
39202
39229
39303
39381
39386
39450
39451
39468
39494
39496
39572
39580
39631
39633
39638
39657
39676
39698
39712
39719
39735
39754
39764
39769
39781
39792
39794
39797
39843
39849
39875
39941
39945
39971
39979
39981
-1
