0
48
169
178
228
268
285
302
321
374
376
394
398
402
412
439
477
526
532
578
591
624
649
697
704
745
752
776
793
802
803
829
835
906
911
921
954
965
1022
1047
1075
1078
1197
1206
1229
1230
1267
1284
1416
1487
1504
1516
1536
1604
1736
1764
1766
1770
1791
1830
1832
1973
2083
2108
2110
2127
2131
2141
2147
2187
2196
2364
2460
2573
2577
2615
2621
2647
2737
2744
2800
2849
2851
2858
2866
2876
2913
2982
3032
3039
3088
3101
3149
3177
3216
3259
3282
3358
3372
3381
3384
3451
3452
3506
3508
3527
3533
3593
3604
3610
3670
3673
3708
3711
3730
3737
3780
3792
3800
3810
3819
3855
3924
4038
4084
4121
4152
4215
4221
4246
4257
4339
4424
4536
4594
4622
4627
4634
4671
4677
4688
4692
4694
4711
4740
4743
4801
4837
4862
4863
4872
4914
4932
4941
4974
4991
5002
5031
5113
5250
5255
5266
5365
5436
5439
5464
5494
5508
5529
5685
5689
5698
5701
5705
5731
5763
5788
5812
5843
5891
5932
5955
5995
5996
6016
6105
6128
6152
6155
6225
6228
6261
6262
6316
6367
6383
6411
6505
6516
6523
6579
6589
6590
6647
6659
6699
6777
6805
6814
6837
6852
6864
6894
6900
6902
6910
6911
6959
6992
7017
7039
7042
7047
7071
7090
7094
7113
7176
7203
7226
7245
7258
7264
7276
7284
7298
7317
7324
7330
7367
7376
7384
7428
7432
7466
7481
7498
7515
7520
7528
7565
7569
7609
7610
7621
7626
7648
7686
7696
7711
7801
7804
7913
7955
7976
7985
7993
8033
8038
8053
8062
8086
8087
8106
8113
8150
8165
8225
8242
8290
8296
8324
8331
8332
8364
8379
8395
8467
8483
8530
8551
8569
8614
8672
8744
8836
8842
8899
8914
8981
8990
9013
9020
9039
9072
9091
9102
9135
9151
9237
9268
9291
9313
9357
9412
9416
9449
9502
9506
9517
9568
9575
9609
9614
9652
9706
9748
9755
9766
9809
9869
10034
10045
10050
10066
10104
10145
10201
10229
10280
10291
10455
10465
10479
10522
10527
10538
10583
10585
10630
10725
10739
10757
10841
10904
10913
10914
10987
10998
11012
11041
11044
11083
11101
11110
11136
11151
11208
11263
11285
11317
11319
11332
11351
11369
11370
11396
11448
11497
11511
11527
11535
11599
11621
11651
11669
11677
11688
11732
11777
11793
11821
11823
11851
11858
11876
11877
11906
11975
11976
11992
12011
12026
12091
12128
12145
12157
12164
12333
12346
12374
12377
12382
12400
12406
12411
12437
12446
12461
12492
12576
12658
12664
12714
12730
12774
12788
12854
12907
12926
12940
12978
12993
13041
13065
13067
13080
13112
13125
13190
13195
13201
13202
13210
13233
13286
13289
13340
13391
13397
13477
13528
13536
13550
13634
13635
13651
13678
13700
13705
13731
13741
13753
13759
13829
13838
13852
13853
13891
13894
13919
13920
13998
14002
14038
14060
14062
14241
14249
14259
14277
14281
14323
14371
14375
14406
14456
14461
14470
14496
14501
14553
14587
14599
14604
14605
14630
14649
14656
14669
14671
14693
14723
14749
14771
14782
14887
14896
14903
14905
14967
14980
14995
15003
15073
15096
15119
15205
15218
15224
15229
15265
15317
15318
15330
15337
15402
15454
15467
15476
15481
15482
15496
15519
15521
15526
15557
15673
15783
15818
15825
15865
15974
15976
15977
15990
16041
16055
16058
16074
16119
16143
16274
16277
16294
16312
16396
16399
16419
16428
16431
16440
16482
16537
16540
16576
16578
16584
16606
16663
16696
16720
16730
16736
16747
16758
16773
16788
16832
16863
16873
16882
16934
16952
16954
16955
16967
16993
17039
17175
17223
17305
17496
17499
17527
17529
17548
17551
17557
17576
17647
17654
17695
17712
17732
17822
17845
17901
17908
17967
17985
18049
18143
18153
18162
18171
18179
18230
18235
18325
18354
18359
18407
18427
18456
18471
18492
18508
18514
18525
18530
18532
18557
18560
18562
18580
18595
18604
18609
18623
18640
18653
18687
18692
18704
18739
18832
18852
18869
18870
18894
18903
18916
18927
19029
19034
19068
19093
19136
19156
19166
19169
19170
19171
19174
19197
19219
19224
19230
19264
19301
19306
19309
19321
19336
19382
19412
19485
19495
19598
19667
19721
19797
19809
19825
19846
19860
19871
19885
19911
19919
19922
19953
19998
20023
20039
20055
20080
20107
20113
20120
20130
20163
20179
20275
20297
20312
20326
20355
20372
20380
20402
20432
20434
20436
20448
20522
20575
20590
20598
20625
20650
20687
20695
20705
20717
20749
20813
20815
20834
20855
20865
20882
20884
20887
20890
20899
20914
20929
20952
20969
21000
21018
21050
21070
21086
21093
21096
21138
21185
21201
21246
21247
21280
21291
21363
21410
21417
21458
21503
21517
21523
21535
21551
21571
21576
21595
21629
21662
21715
21738
21771
21775
21794
21806
21822
21875
21877
21879
21881
21882
21887
21896
21929
21945
21972
21989
21995
22025
22066
22073
22090
22112
22118
22137
22227
22257
22274
22286
22320
22332
22333
22353
22356
22432
22455
22456
22463
22497
22522
22596
22615
22622
22630
22632
22647
22688
22719
22769
22793
22805
22828
22862
22891
23005
23031
23126
23130
23147
23154
23184
23258
23260
23262
23312
23315
23359
23363
23379
23419
23444
23482
23487
23518
23525
23526
23527
23602
23623
23648
23668
23696
23725
23823
23839
23841
23859
23909
23920
23931
23939
23963
23972
23976
24001
24009
24032
24034
24050
24051
24062
24105
24111
24127
24174
24200
24227
24236
24256
24274
24337
24392
24401
24420
24444
24447
24461
24464
24487
24541
24560
24606
24611
24616
24637
24657
24685
24705
24707
24714
24728
24747
24774
24825
24870
24913
24921
24929
24936
24943
24977
24987
25008
25010
25047
25053
25099
25104
25117
25123
25137
25149
25164
25194
25238
25273
25293
25307
25371
25387
25442
25481
25498
25520
25558
25624
25631
25644
25672
25709
25751
25759
25779
25828
25839
25842
25858
25903
25935
25967
26048
26061
26066
26078
26112
26122
26184
26227
26236
26239
26241
26249
26259
26275
26288
26319
26379
26403
26415
26460
26516
26520
26547
26555
26559
26566
26626
26718
26755
26779
26781
26854
26882
26884
26948
26959
26970
26983
26986
26990
27004
27053
27152
27174
27178
27184
27283
27284
27333
27337
27373
27377
27384
27430
27434
27486
27548
27558
27587
27630
27644
27666
27682
27737
27748
27764
27768
27777
27807
27811
27840
27974
28011
28078
28082
28177
28190
28243
28288
28302
28332
28403
28500
28556
28600
28677
28689
28744
28786
28799
28804
28824
28861
28937
29052
29079
29080
29094
29125
29127
29171
29186
29193
29210
29256
29263
29303
29339
29363
29378
29434
29444
29452
29463
29472
29534
29541
29577
29583
29591
29601
29607
29617
29639
29657
29661
29668
29673
29678
29692
29710
29773
29804
29881
29895
29923
29925
29948
29985
29991
30013
30044
30055
30058
30092
30098
30110
30122
30123
30176
30261
30274
30323
30326
30327
30334
30340
30362
30363
30380
30396
30418
30421
30432
30443
30472
30487
30541
30543
30580
30601
30609
30619
30637
30640
30643
30650
30672
30735
30739
30798
30800
30801
30818
30860
30877
30896
30931
30976
30979
31019
31049
31064
31104
31121
31126
31136
31140
31162
31227
31230
31245
31279
31280
31300
31311
31333
31344
31350
31352
31355
31356
31368
31383
31411
31525
31598
31608
31659
31677
31707
31730
31754
31798
31848
31877
31905
31906
31909
31935
32013
32014
32029
32039
32048
32056
32110
32128
32129
32147
32156
32172
32181
32216
32255
32273
32278
32279
32296
32337
32355
32358
32410
32474
32497
32505
32520
32553
32557
32559
32582
32586
32620
32639
32653
32672
32675
32680
32683
32688
32693
32716
32735
32758
32770
32782
32838
32862
32864
32871
32887
32890
32910
32925
32947
32966
32974
32998
33035
33049
33060
33129
33159
33171
33173
33201
33223
33245
33253
33283
33293
33391
33393
33442
33453
33463
33477
33485
33545
33603
33646
33663
33676
33735
33741
33804
33817
33898
33904
33915
33953
33975
34009
34012
34017
34035
34036
34071
34077
34102
34225
34254
34260
34290
34295
34299
34321
34331
34377
34415
34427
34444
34482
34508
34533
34549
34558
34641
34664
34697
34729
34734
34768
34787
34827
34829
34868
34872
34959
34983
35004
35084
35085
35094
35127
35141
35165
35201
35204
35235
35262
35304
35340
35373
35388
35392
35429
35459
35462
35466
35467
35492
35525
35527
35539
35584
35635
35648
35650
35652
35753
35766
35805
35806
35844
35938
35943
35945
35988
35996
36001
36002
36020
36022
36053
36082
36102
36120
36179
36198
36205
36251
36288
36300
36356
36371
36392
36432
36461
36470
36487
36502
36531
36569
36579
36596
36619
36626
36642
36647
36656
36662
36677
36689
36704
36717
36729
36741
36755
36802
36815
36818
36855
36876
36878
36888
36894
36899
36904
36927
36945
36950
36990
37001
37003
37068
37100
37111
37129
37132
37146
37258
37283
37299
37360
37378
37423
37487
37510
37535
37545
37556
37614
37651
37676
37691
37721
37743
37744
37750
37755
37763
37807
37839
37853
37878
37917
37934
38067
38076
38087
38111
38195
38210
38219
38280
38325
38409
38448
38451
38452
38469
38484
38499
38517
38613
38638
38759
38774
38784
38867
38913
38932
38933
38949
38957
38972
38981
39111
39139
39149
39170
39196
39255
39339
39342
39362
39369
39393
39400
39409
39410
39416
39419
39434
39455
39475
39531
39535
39616
39626
39657
39679
39714
39766
39829
39899
39935
39968
39979
-1
