6
25
62
91
100
121
123
139
182
191
286
289
299
308
320
322
370
406
433
441
442
447
503
544
612
620
719
732
756
764
893
931
932
933
986
1046
1049
1053
1087
1092
1096
1098
1102
1117
1119
1125
1146
1160
1161
1213
1255
1270
1357
1369
1376
1400
1405
1408
1414
1429
1448
1492
1521
1577
1623
1653
1696
1702
1822
1833
1849
1853
1866
1873
1876
1885
1886
1964
2018
2024
2034
2041
2068
2093
2253
2262
2337
2344
2377
2408
2416
2442
2509
2547
2570
2571
2603
2620
2685
2687
2697
2719
2762
2819
2849
2861
2913
2917
2921
2958
3021
3076
3098
3129
3137
3173
3182
3195
3200
3224
3233
3316
3324
3338
3410
3414
3426
3448
3470
3489
3501
3576
3578
3608
3636
3655
3679
3689
3692
3704
3717
3730
3742
3780
3785
3809
3821
3862
3876
3878
3879
3900
3936
3943
3949
3975
4052
4160
4173
4309
4326
4368
4417
4422
4426
4471
4482
4498
4499
4519
4522
4575
4615
4679
4708
4766
4776
4798
4899
4956
5019
5028
5030
5069
5113
5135
5159
5161
5174
5221
5233
5321
5322
5334
5357
5398
5419
5492
5523
5589
5592
5602
5650
5698
5719
5722
5768
5783
5835
5862
5902
5928
5935
5939
5948
5960
5990
6010
6044
6047
6059
6065
6125
6138
6185
6211
6223
6247
6259
6273
6283
6291
6298
6311
6337
6346
6353
6432
6504
6527
6528
6538
6540
6568
6577
6597
6606
6626
6698
6704
6724
6770
6783
6803
6811
6845
6861
6896
6913
6944
6960
6971
7029
7071
7085
7093
7103
7104
7196
7197
7201
7226
7306
7310
7339
7343
7388
7395
7418
7423
7446
7511
7519
7577
7579
7626
7745
7771
7777
7832
7897
7939
7964
7989
8040
8073
8100
8133
8156
8216
8218
8262
8276
8306
8363
8366
8395
8428
8431
8472
8486
8511
8520
8528
8578
8671
8685
8709
8719
8781
8802
8807
8851
8901
8910
8938
8960
9006
9009
9058
9066
9072
9097
9127
9133
9137
9186
9196
9205
9207
9233
9266
9277
9341
9373
9401
9420
9437
9452
9466
9471
9484
9526
9527
9549
9554
9567
9647
9674
9713
9742
9755
9757
9787
9792
9797
9825
9834
9842
9875
9885
9899
9917
9923
9926
9928
10070
10089
10171
10192
10226
10249
10319
10325
10332
10334
10342
10364
10372
10378
10399
10400
10469
10493
10528
10541
10575
10650
10659
10661
10674
10714
10716
10735
10747
10775
10782
10800
10815
10844
10897
10903
10911
10918
10953
10958
11008
11035
11062
11101
11144
11166
11265
11275
11299
11327
11340
11353
11362
11374
11382
11393
11397
11446
11500
11509
11548
11551
11571
11615
11619
11663
11666
11670
11673
11681
11780
11789
11791
11797
11812
11817
11841
11846
11866
11897
11962
12026
12048
12067
12106
12118
12120
12238
12268
12287
12294
12348
12349
12350
12351
12453
12462
12479
12494
12536
12539
12545
12547
12550
12568
12569
12675
12681
12707
12901
12908
12909
12933
12941
13001
13009
13075
13087
13091
13140
13198
13238
13239
13317
13350
13358
13359
13368
13406
13550
13566
13650
13672
13703
13747
13758
13789
13821
13856
13868
13903
13919
13930
13973
13979
13980
14067
14089
14100
14148
14213
14281
14303
14307
14329
14378
14400
14409
14486
14514
14544
14553
14557
14584
14602
14643
14657
14678
14682
14697
14730
14808
14815
14817
14836
14855
14885
14888
14901
14919
14924
14976
14992
15104
15163
15180
15188
15189
15203
15212
15217
15276
15291
15353
15408
15427
15465
15487
15503
15555
15586
15609
15636
15670
15685
15712
15715
15747
15770
15807
15811
15842
15888
15901
15918
15933
15938
15961
16003
16007
16010
16017
16062
16064
16066
16152
16185
16217
16218
16242
16258
16352
16381
16407
16480
16506
16511
16580
16583
16593
16699
16701
16716
16757
16770
16781
16821
16864
16875
16922
16933
16959
17042
17047
17102
17150
17207
17216
17251
17259
17365
17367
17377
17402
17426
17465
17474
17485
17490
17498
17516
17521
17591
17616
17628
17723
17728
17745
17773
17780
17909
17918
17972
18002
18003
18007
18031
18035
18038
18058
18059
18060
18071
18076
18081
18135
18161
18176
18248
18265
18327
18349
18376
18394
18395
18417
18519
18526
18534
18535
18563
18596
18617
18620
18634
18674
18704
18711
18726
18808
18809
18827
18870
18893
18943
18994
19015
19020
19052
19096
19163
19197
19201
19308
19329
19342
19487
19493
19535
19536
19564
19568
19609
19628
19688
19704
19771
19813
19919
19942
19994
20047
20066
20108
20129
20177
20181
20222
20231
20240
20274
20280
20286
20311
20317
20320
20323
20340
20341
20342
20360
20364
20428
20445
20481
20532
20536
20597
20602
20613
20622
20633
20683
20725
20729
20743
20805
20811
20829
20838
20840
20850
20866
20871
20925
20974
20978
21019
21020
21082
21106
21113
21116
21126
21139
21247
21265
21273
21362
21377
21394
21398
21420
21443
21580
21588
21590
21609
21623
21625
21718
21740
21753
21853
21868
21894
21895
21989
22011
22032
22064
22109
22148
22154
22171
22185
22188
22194
22273
22274
22281
22289
22306
22337
22347
22368
22390
22422
22437
22459
22462
22507
22535
22577
22620
22633
22683
22687
22717
22739
22759
22806
22808
22819
22859
22874
22888
22891
22942
22992
23006
23017
23038
23050
23090
23111
23114
23154
23190
23209
23223
23234
23311
23315
23316
23339
23348
23382
23389
23405
23411
23414
23541
23581
23643
23717
23746
23822
23835
23915
23919
23931
23944
23974
23988
23994
24003
24008
24042
24073
24104
24125
24126
24186
24212
24238
24364
24365
24385
24406
24416
24437
24471
24522
24542
24639
24651
24655
24661
24733
24736
24776
24778
24784
24789
24804
24805
24843
24859
24864
24884
24901
24909
24920
24949
24975
24999
25002
25081
25170
25175
25180
25189
25239
25293
25317
25362
25383
25419
25424
25434
25491
25515
25579
25606
25669
25675
25691
25708
25713
25760
25783
25790
25832
25896
25904
25936
25941
25945
25952
25984
25985
26034
26036
26086
26105
26107
26136
26137
26193
26198
26214
26234
26283
26297
26345
26377
26406
26407
26425
26431
26472
26477
26548
26590
26603
26634
26637
26653
26672
26674
26675
26676
26701
26702
26725
26731
26736
26740
26776
26778
26810
26829
26847
26918
26932
27048
27051
27087
27130
27143
27156
27190
27220
27241
27250
27255
27298
27311
27340
27346
27349
27369
27500
27514
27518
27540
27544
27588
27595
27657
27702
27714
27773
27782
27823
27829
27830
27864
27908
28020
28049
28111
28120
28173
28175
28206
28300
28312
28337
28372
28403
28496
28596
28605
28649
28681
28695
28703
28739
28753
28756
28791
28797
28841
28843
28904
28949
28971
28972
29029
29041
29094
29109
29167
29175
29186
29202
29263
29283
29293
29320
29327
29329
29371
29398
29417
29428
29494
29508
29543
29555
29590
29610
29652
29682
29700
29747
29750
29753
29776
29852
29856
29877
29881
29898
29948
29997
30017
30038
30039
30071
30102
30108
30123
30174
30203
30261
30275
30285
30335
30352
30376
30523
30557
30559
30637
30674
30691
30692
30704
30746
30776
30778
30813
30830
30836
30871
30884
30887
30908
30933
30946
30986
31018
31024
31030
31077
31096
31111
31125
31132
31155
31171
31181
31212
31276
31293
31320
31332
31364
31414
31443
31450
31463
31465
31474
31494
31504
31574
31585
31589
31591
31594
31628
31666
31702
31708
31736
31751
31777
31802
31829
31865
31872
31900
31904
31931
32016
32094
32096
32101
32103
32106
32123
32129
32133
32148
32200
32230
32231
32238
32246
32280
32281
32287
32338
32350
32355
32411
32416
32438
32495
32578
32586
32613
32637
32730
32774
32784
32810
32813
32831
32843
32889
32890
32935
32936
32986
32997
33030
33158
33207
33210
33281
33355
33390
33426
33447
33457
33473
33476
33503
33507
33511
33533
33545
33546
33570
33571
33575
33642
33672
33682
33703
33734
33740
33742
33805
33853
33864
33905
33932
33963
33970
34015
34018
34036
34038
34059
34103
34133
34162
34212
34226
34266
34365
34370
34400
34445
34453
34481
34489
34491
34504
34509
34538
34542
34557
34598
34599
34626
34648
34689
34690
34693
34728
34729
34757
34772
34816
34832
34845
34868
34869
34871
34896
34933
34940
34976
34981
35021
35042
35056
35080
35102
35144
35165
35176
35189
35231
35274
35338
35362
35369
35374
35397
35459
35597
35668
35671
35686
35737
35760
35788
35792
35816
35826
35840
35899
35902
35919
35928
35941
35953
35972
35981
35994
36013
36064
36073
36125
36162
36191
36317
36341
36373
36394
36417
36422
36452
36476
36500
36505
36513
36519
36618
36632
36713
36717
36789
36808
36818
36837
36851
36884
36983
37031
37072
37098
37139
37208
37232
37260
37276
37320
37339
37360
37367
37372
37395
37446
37483
37536
37553
37614
37658
37668
37673
37699
37723
37727
37740
37758
37759
37766
37816
37896
37904
37945
37980
38036
38046
38058
38067
38086
38136
38183
38202
38227
38281
38293
38303
38323
38336
38349
38363
38371
38380
38382
38386
38390
38393
38415
38433
38434
38441
38456
38459
38479
38482
38557
38584
38625
38657
38661
38677
38683
38716
38747
38756
38809
38844
38850
38858
38866
38879
38893
38949
38971
38974
39000
39022
39027
39038
39103
39105
39106
39114
39127
39137
39165
39173
39205
39212
39222
39237
39279
39281
39354
39371
39382
39383
39423
39462
39470
39484
39585
39594
39597
39618
39625
39653
39662
39664
39698
39786
39859
39865
39892
39895
39925
39931
39970
-1
