70
164
202
217
220
221
232
238
325
368
373
378
431
449
453
481
503
524
562
582
592
646
658
696
699
725
733
752
766
767
775
787
793
815
863
873
880
885
897
899
971
980
1016
1024
1039
1063
1124
1148
1163
1218
1270
1292
1307
1424
1435
1472
1480
1483
1495
1551
1554
1594
1601
1653
1774
1834
1857
1906
1909
1921
1950
1976
2025
2093
2147
2164
2204
2260
2278
2291
2317
2321
2356
2361
2376
2426
2458
2487
2505
2554
2561
2600
2640
2654
2665
2669
2713
2807
2836
2844
2865
2869
2923
2930
2946
2949
2972
2998
3012
3047
3072
3091
3169
3199
3206
3250
3286
3303
3320
3334
3343
3369
3388
3416
3458
3461
3527
3537
3578
3674
3707
3717
3755
3802
3809
3858
3884
3901
3910
3956
3977
3980
4021
4054
4057
4075
4095
4130
4132
4139
4144
4153
4200
4215
4297
4381
4403
4417
4433
4434
4443
4522
4581
4587
4594
4681
4722
4727
4799
4819
4841
4886
4910
4913
4922
4924
4926
4933
4938
4941
4955
5029
5033
5068
5093
5115
5118
5158
5183
5202
5222
5225
5250
5285
5293
5386
5413
5494
5565
5614
5618
5636
5670
5675
5678
5763
5826
5885
5934
5991
6058
6070
6084
6099
6101
6220
6256
6288
6295
6331
6334
6338
6341
6359
6361
6379
6465
6547
6557
6565
6586
6635
6732
6743
6765
6776
6795
6800
6801
6806
6823
6864
6870
6897
6905
6926
6954
7085
7144
7154
7161
7197
7227
7257
7266
7276
7325
7388
7421
7422
7480
7488
7510
7515
7566
7614
7627
7641
7675
7708
7811
7812
7847
7848
7881
7921
7922
7930
7952
7964
7971
7983
8003
8095
8097
8132
8243
8252
8266
8282
8295
8344
8410
8455
8481
8484
8499
8514
8536
8561
8579
8583
8599
8677
8679
8681
8724
8726
8736
8789
8803
8805
8870
8885
8895
8929
8932
8943
8988
9062
9087
9098
9136
9160
9170
9182
9251
9278
9282
9296
9297
9320
9329
9375
9389
9437
9447
9452
9458
9464
9465
9469
9484
9491
9505
9516
9519
9543
9561
9573
9599
9618
9625
9671
9676
9694
9724
9743
9806
9838
9842
9878
9895
9908
9924
9959
9991
10023
10040
10066
10091
10097
10125
10130
10133
10153
10155
10171
10181
10186
10210
10248
10279
10310
10321
10339
10364
10384
10386
10399
10408
10422
10434
10469
10501
10514
10517
10593
10596
10598
10606
10619
10629
10665
10719
10731
10790
10818
10834
10870
10874
10888
10898
10902
10926
10933
10951
10978
11041
11100
11107
11120
11140
11142
11183
11194
11209
11272
11293
11312
11316
11331
11337
11344
11346
11366
11413
11470
11494
11511
11570
11618
11622
11638
11689
11723
11728
11761
11784
11804
11822
11844
11887
11907
11934
11937
11943
11958
11968
11976
12017
12040
12049
12064
12065
12092
12113
12115
12131
12153
12168
12259
12340
12363
12376
12409
12419
12420
12427
12429
12435
12437
12453
12476
12497
12508
12524
12527
12536
12556
12559
12594
12627
12637
12651
12664
12681
12696
12728
12743
12806
12811
12813
12828
12838
12882
12885
12895
12901
12926
12932
12961
13006
13036
13064
13130
13146
13153
13182
13187
13236
13245
13249
13253
13284
13287
13388
13410
13425
13518
13542
13625
13630
13643
13649
13650
13658
13670
13678
13679
13763
13774
13796
13799
13809
13816
13829
13844
13936
14032
14034
14037
14077
14247
14307
14314
14376
14378
14409
14417
14439
14442
14514
14586
14589
14601
14614
14618
14624
14697
14716
14759
14778
14787
14790
14846
14909
14944
14957
14964
15031
15050
15070
15079
15114
15120
15136
15140
15145
15203
15206
15237
15243
15268
15273
15288
15302
15320
15348
15350
15395
15401
15422
15451
15455
15535
15546
15558
15633
15702
15723
15799
15844
15847
15858
15892
15957
15985
15986
15995
16061
16075
16077
16102
16145
16154
16159
16173
16177
16202
16215
16218
16222
16250
16287
16295
16321
16330
16358
16387
16399
16412
16432
16433
16451
16473
16505
16528
16558
16560
16561
16566
16592
16607
16622
16632
16648
16698
16703
16723
16807
16844
16852
16862
16868
16954
16962
16984
17028
17041
17052
17119
17133
17138
17181
17213
17219
17265
17269
17329
17338
17341
17428
17457
17475
17483
17487
17594
17597
17626
17645
17658
17667
17694
17729
17730
17748
17754
17768
17787
17802
17804
17842
17843
17844
17850
17863
17874
17885
17936
17937
17958
17967
17975
17984
18085
18095
18122
18136
18150
18163
18182
18203
18326
18345
18370
18402
18414
18419
18435
18509
18511
18516
18538
18544
18549
18565
18595
18682
18715
18730
18734
18764
18773
18794
18831
18860
18888
18902
18905
18957
19000
19036
19042
19066
19073
19089
19092
19099
19110
19117
19140
19144
19214
19217
19229
19256
19268
19277
19294
19314
19329
19373
19491
19519
19536
19544
19615
19648
19698
19708
19717
19746
19782
19808
19816
19828
19862
19885
19903
19922
19937
19949
19960
19973
20086
20098
20116
20176
20180
20200
20283
20318
20322
20341
20354
20379
20462
20522
20533
20535
20572
20581
20597
20640
20647
20663
20671
20787
20852
20855
20858
20879
20913
20919
20954
20983
21013
21164
21168
21182
21267
21272
21276
21304
21305
21311
21312
21322
21343
21344
21386
21391
21453
21497
21505
21576
21593
21598
21685
21696
21724
21757
21802
21845
21850
21875
21927
21958
22009
22011
22027
22053
22169
22171
22205
22212
22228
22233
22251
22254
22263
22265
22272
22313
22315
22362
22374
22403
22413
22442
22449
22458
22517
22531
22584
22610
22630
22636
22638
22667
22730
22770
22798
22829
22858
22861
22892
22918
22924
22931
22941
22954
22969
22984
22995
23008
23022
23026
23055
23066
23070
23080
23090
23135
23137
23138
23144
23155
23156
23198
23205
23236
23245
23260
23266
23290
23341
23348
23396
23403
23422
23494
23561
23637
23661
23708
23746
23783
23914
23954
23960
23993
24011
24022
24043
24053
24105
24140
24141
24180
24187
24209
24222
24299
24402
24433
24435
24451
24456
24511
24522
24545
24580
24587
24600
24611
24616
24631
24641
24655
24672
24687
24711
24714
24719
24803
24804
24851
24861
24896
24947
24948
24958
25012
25066
25070
25109
25216
25272
25284
25290
25308
25310
25330
25338
25354
25357
25375
25388
25419
25499
25523
25539
25545
25548
25551
25578
25633
25651
25668
25715
25727
25741
25772
25876
25889
25911
25926
25931
25942
25995
26017
26047
26094
26105
26117
26155
26162
26192
26237
26249
26264
26286
26310
26338
26433
26438
26454
26548
26572
26589
26605
26672
26679
26707
26713
26748
26810
26828
26851
26883
26896
26903
26918
26925
26951
27063
27065
27087
27105
27114
27116
27127
27146
27154
27196
27325
27333
27373
27408
27426
27440
27517
27521
27524
27559
27666
27681
27715
27745
27756
27758
27767
27836
27840
27905
27945
28027
28030
28036
28088
28119
28123
28138
28226
28232
28264
28271
28304
28305
28340
28351
28368
28378
28413
28443
28458
28474
28501
28551
28559
28564
28568
28571
28649
28692
28724
28729
28748
28785
28798
28802
28804
28807
28835
28839
28841
28892
28902
28942
29010
29038
29071
29165
29191
29193
29211
29218
29254
29259
29281
29313
29444
29456
29458
29509
29531
29639
29669
29672
29689
29745
29762
29775
29799
29802
29815
29828
29833
29881
29908
29935
29959
30054
30070
30095
30152
30181
30216
30234
30275
30315
30371
30424
30425
30557
30567
30589
30600
30621
30634
30644
30660
30663
30687
30725
30732
30737
30765
30795
30816
30820
30831
30863
30864
30881
30912
30918
30938
30939
30977
31004
31107
31124
31128
31208
31223
31224
31236
31287
31371
31398
31410
31437
31461
31480
31493
31523
31549
31595
31672
31719
31751
31759
31776
31785
31796
31868
31897
31916
31954
31968
31981
31998
32003
32018
32029
32030
32069
32096
32126
32144
32145
32165
32204
32299
32334
32363
32401
32434
32440
32458
32475
32499
32500
32583
32588
32593
32622
32626
32629
32634
32699
32729
32746
32756
32765
32769
32781
32958
32975
32997
33002
33074
33099
33111
33188
33261
33267
33399
33503
33528
33531
33580
33616
33642
33651
33690
33720
33784
33788
33808
33830
33831
33889
33914
33920
33992
33993
34041
34086
34094
34112
34157
34192
34208
34214
34260
34284
34297
34469
34500
34537
34565
34612
34620
34626
34642
34668
34731
34778
34826
34913
34925
34957
34958
34971
34993
34995
35002
35080
35083
35155
35160
35184
35199
35219
35237
35253
35260
35268
35273
35296
35320
35376
35382
35428
35434
35459
35577
35580
35597
35601
35627
35664
35738
35740
35777
35825
35855
35871
35933
35981
35996
36096
36166
36178
36217
36219
36220
36295
36305
36361
36378
36390
36439
36440
36474
36497
36550
36575
36608
36645
36648
36692
36696
36711
36718
36729
36735
36768
36771
36781
36872
36873
36924
36941
36946
36984
37020
37073
37086
37095
37120
37130
37209
37231
37235
37253
37303
37334
37390
37405
37413
37420
37438
37440
37470
37511
37514
37587
37611
37628
37631
37679
37680
37687
37852
37880
37900
37976
37986
37992
38005
38013
38039
38121
38122
38133
38217
38219
38230
38231
38260
38270
38330
38332
38349
38455
38471
38475
38477
38525
38536
38549
38562
38649
38669
38703
38717
38731
38822
38845
38851
39058
39073
39084
39100
39182
39259
39268
39291
39329
39335
39343
39366
39402
39419
39429
39445
39456
39481
39509
39522
39527
39528
39568
39594
39596
39631
39674
39693
39752
39767
39803
39820
39937
39938
39957
-1
