29
56
61
119
144
220
318
337
372
377
378
444
465
479
480
487
555
567
601
611
627
670
714
721
730
744
752
773
818
828
837
881
1006
1011
1039
1156
1159
1217
1238
1240
1280
1308
1354
1368
1385
1436
1487
1538
1608
1656
1657
1679
1709
1770
1798
1837
1876
1904
1929
1937
1967
1973
2022
2056
2077
2086
2090
2104
2116
2176
2180
2201
2281
2300
2301
2308
2376
2382
2393
2398
2401
2456
2483
2489
2503
2518
2604
2637
2646
2652
2679
2767
2768
2786
2825
2830
2869
2871
2890
2896
2968
3010
3034
3049
3056
3075
3102
3144
3168
3190
3199
3282
3312
3399
3407
3452
3493
3518
3534
3553
3587
3606
3639
3676
3691
3702
3776
3812
3843
3866
3894
3963
3988
3989
4029
4036
4084
4098
4122
4133
4200
4236
4241
4269
4286
4291
4302
4335
4353
4380
4400
4463
4504
4577
4595
4613
4642
4652
4739
4741
4753
4763
4816
4855
4894
4948
5001
5005
5010
5044
5066
5075
5162
5202
5268
5290
5356
5362
5394
5446
5470
5472
5507
5510
5574
5613
5636
5641
5674
5677
5688
5692
5760
5771
5793
5795
5802
5808
5812
5833
5848
5857
5858
5900
5914
5919
5939
5974
6044
6052
6058
6067
6069
6093
6112
6123
6134
6147
6157
6187
6191
6192
6291
6315
6359
6365
6387
6397
6404
6409
6471
6484
6499
6514
6516
6542
6619
6664
6665
6668
6671
6694
6717
6739
6769
6770
6831
6851
6921
6929
6933
6976
6980
6981
7000
7013
7020
7045
7066
7076
7089
7178
7180
7183
7189
7220
7255
7282
7314
7367
7376
7405
7411
7414
7450
7452
7459
7500
7540
7544
7561
7573
7583
7644
7651
7657
7663
7671
7672
7738
7751
7774
7828
7843
7852
7866
7936
7940
7956
8008
8028
8029
8048
8070
8083
8084
8091
8100
8118
8158
8214
8218
8222
8260
8321
8348
8393
8394
8418
8461
8482
8499
8524
8586
8642
8657
8666
8670
8678
8686
8690
8708
8730
8801
8861
8872
8897
8920
8968
9058
9169
9219
9232
9243
9283
9294
9389
9485
9513
9531
9534
9550
9558
9574
9603
9637
9640
9674
9691
9753
9774
9789
9859
9860
9863
9879
9896
9911
9916
9978
10003
10005
10044
10048
10051
10068
10125
10165
10257
10343
10388
10396
10397
10421
10442
10450
10479
10499
10524
10544
10583
10612
10631
10634
10681
10690
10694
10704
10728
10787
10788
10810
10844
10873
10927
10930
10941
11008
11014
11038
11039
11040
11056
11148
11242
11257
11299
11370
11374
11394
11400
11441
11448
11468
11565
11592
11612
11617
11638
11668
11674
11676
11782
11802
11815
11824
11843
11854
11872
11895
11897
11914
11956
11970
11989
12100
12119
12144
12204
12238
12280
12300
12315
12317
12319
12331
12340
12341
12432
12444
12476
12533
12592
12636
12638
12673
12693
12702
12748
12754
12766
12818
12869
12883
12887
12895
12912
12921
12965
12984
13070
13077
13080
13087
13095
13099
13155
13202
13209
13216
13225
13268
13281
13287
13328
13370
13425
13427
13431
13447
13453
13464
13465
13485
13491
13584
13587
13601
13622
13648
13717
13719
13723
13728
13729
13750
13760
13765
13767
13771
13823
13877
13886
13911
13975
14055
14091
14108
14131
14172
14240
14278
14280
14295
14324
14353
14361
14440
14493
14607
14755
14785
14841
14870
14883
14960
14981
14983
15120
15175
15182
15191
15221
15259
15267
15270
15302
15334
15372
15388
15392
15397
15429
15472
15498
15502
15580
15627
15633
15677
15693
15697
15707
15739
15757
15769
15782
15810
15819
15830
15870
15873
15894
15923
15937
16101
16141
16183
16194
16207
16305
16352
16372
16476
16485
16494
16507
16513
16578
16618
16660
16666
16701
16728
16729
16766
16796
16798
16800
16828
16833
16849
16870
16895
16926
16943
16976
17059
17077
17107
17132
17179
17190
17236
17275
17289
17397
17462
17485
17492
17528
17556
17586
17597
17605
17609
17615
17628
17651
17654
17659
17720
17731
17867
17890
17903
17904
17923
17947
17949
17956
17957
17992
18036
18144
18157
18165
18182
18197
18200
18260
18262
18297
18315
18370
18388
18437
18451
18477
18492
18516
18521
18566
18609
18616
18655
18694
18706
18708
18711
18737
18777
18779
18792
18815
18830
18893
18897
18974
19014
19019
19047
19066
19094
19112
19141
19156
19163
19171
19251
19326
19356
19370
19378
19390
19409
19420
19447
19500
19534
19540
19543
19545
19553
19601
19645
19661
19663
19697
19702
19730
19739
19767
19832
19868
19878
19894
19905
19925
19995
19997
19999
20006
20060
20103
20104
20125
20143
20150
20171
20234
20247
20346
20358
20387
20394
20408
20422
20428
20446
20475
20488
20510
20566
20576
20601
20603
20622
20641
20655
20669
20710
20714
20741
20768
20780
20783
20835
20858
20935
20941
20946
20974
20996
21013
21020
21035
21072
21078
21109
21142
21162
21166
21175
21221
21264
21272
21277
21328
21359
21378
21470
21478
21494
21499
21502
21505
21537
21594
21618
21627
21696
21734
21785
21795
21802
21818
21831
21851
21880
21884
21900
21908
21942
21973
21995
22014
22052
22057
22081
22093
22135
22165
22167
22170
22189
22196
22230
22244
22282
22304
22339
22403
22426
22479
22489
22506
22523
22618
22632
22634
22647
22653
22677
22679
22680
22738
22759
22764
22769
22778
22797
22815
22857
22892
22905
22933
22952
22974
22976
23050
23068
23070
23075
23076
23098
23110
23152
23228
23229
23269
23277
23304
23328
23393
23397
23486
23495
23500
23534
23543
23569
23570
23576
23580
23583
23589
23601
23619
23624
23648
23754
23770
23778
23798
23844
23873
23881
23885
23942
23953
24029
24063
24076
24110
24167
24181
24186
24204
24220
24223
24273
24278
24305
24317
24325
24330
24356
24362
24367
24369
24439
24441
24503
24564
24594
24609
24633
24691
24729
24740
24759
24790
24804
24844
24858
24885
24890
24973
24974
25007
25104
25159
25192
25264
25282
25283
25314
25322
25327
25392
25446
25454
25457
25460
25473
25487
25507
25517
25552
25560
25568
25594
25625
25629
25636
25642
25646
25664
25685
25788
25812
25815
25826
25853
25864
25868
25880
25891
25914
25925
25942
25955
26063
26070
26103
26271
26286
26315
26316
26327
26336
26377
26389
26416
26429
26434
26453
26496
26544
26569
26583
26633
26653
26674
26745
26887
26930
26951
26977
27002
27017
27070
27071
27097
27112
27147
27167
27180
27188
27209
27226
27229
27263
27293
27295
27305
27319
27332
27358
27359
27406
27412
27427
27471
27517
27593
27621
27633
27637
27663
27666
27679
27695
27727
27729
27752
27758
27759
27780
27863
27873
27983
27985
27994
28026
28090
28194
28196
28197
28281
28283
28371
28374
28389
28409
28422
28453
28459
28499
28516
28533
28540
28581
28588
28644
28662
28666
28688
28808
28857
28879
28906
28967
28973
29023
29035
29038
29066
29088
29104
29143
29205
29229
29257
29260
29326
29338
29374
29379
29421
29436
29522
29534
29559
29573
29599
29600
29619
29637
29678
29719
29733
29868
29885
29955
29959
30054
30060
30077
30095
30144
30218
30221
30222
30263
30278
30316
30317
30321
30340
30363
30402
30465
30473
30477
30492
30571
30581
30614
30615
30655
30796
30816
30857
30913
30923
30928
30933
30943
30960
30986
30990
31002
31013
31024
31029
31047
31048
31051
31059
31142
31167
31187
31206
31216
31233
31258
31261
31285
31296
31303
31371
31411
31412
31425
31464
31466
31547
31550
31674
31681
31695
31703
31706
31760
31776
31803
31835
31869
31872
31897
31909
31938
31978
32019
32165
32197
32221
32234
32238
32247
32266
32287
32318
32346
32349
32351
32381
32415
32454
32478
32502
32510
32519
32541
32596
32635
32661
32668
32725
32823
32826
32831
32834
32840
32872
32942
32982
33012
33064
33194
33227
33270
33272
33285
33310
33329
33360
33375
33382
33423
33434
33461
33491
33492
33506
33552
33567
33585
33614
33642
33657
33667
33697
33716
33744
33751
33765
33791
33830
33849
33875
33901
33925
33939
34047
34057
34063
34071
34104
34191
34279
34295
34308
34323
34385
34427
34494
34495
34505
34524
34550
34605
34608
34625
34641
34648
34671
34674
34723
34742
34795
34799
34809
34862
34874
34895
34896
34903
34919
34934
34940
34947
35012
35028
35064
35068
35077
35085
35088
35114
35123
35135
35139
35157
35167
35199
35222
35231
35238
35245
35326
35353
35396
35418
35436
35494
35576
35605
35664
35754
35779
35786
35789
35842
35863
35892
35923
35944
35951
35955
35973
35993
36032
36053
36145
36185
36265
36271
36285
36286
36359
36365
36375
36379
36410
36430
36507
36545
36564
36585
36641
36657
36664
36680
36692
36708
36723
36773
36781
36783
36794
36824
36869
36912
36920
36966
36975
36991
36998
37001
37027
37038
37058
37079
37086
37087
37102
37114
37168
37177
37184
37192
37204
37217
37231
37278
37337
37338
37361
37423
37446
37473
37488
37492
37517
37663
37715
37755
37827
37845
37854
37862
37876
37920
37932
37957
37986
38064
38082
38115
38119
38143
38157
38164
38208
38238
38264
38288
38313
38315
38385
38451
38467
38471
38527
38567
38601
38609
38613
38617
38623
38625
38661
38672
38680
38754
38761
38777
38802
38850
38851
38863
38930
38956
39013
39053
39064
39079
39085
39139
39233
39280
39298
39314
39327
39343
39359
39369
39387
39407
39410
39505
39518
39536
39559
39562
39582
39593
39606
39644
39651
39722
39779
39823
39830
39837
39850
39856
39871
39880
39898
39899
39915
39926
39928
39963
39966
39993
-1
