66
71
87
93
101
129
137
214
240
259
262
311
330
332
335
362
466
499
518
524
542
563
574
597
637
657
684
754
784
791
834
849
867
878
882
936
948
951
954
967
981
983
1144
1175
1216
1248
1272
1316
1320
1335
1339
1351
1355
1376
1401
1428
1472
1527
1648
1663
1667
1681
1691
1715
1740
1785
1788
1815
1824
1830
1851
1857
1867
1917
1927
2035
2039
2135
2160
2161
2280
2385
2395
2412
2446
2472
2489
2551
2613
2629
2630
2641
2671
2684
2699
2700
2737
2739
2740
2764
2788
2848
2871
2896
2902
2908
2925
2933
2941
2948
2985
2994
2996
3031
3032
3033
3064
3083
3089
3106
3142
3195
3204
3268
3293
3301
3343
3373
3376
3391
3416
3447
3487
3528
3531
3600
3634
3666
3706
3747
3815
3871
3903
3957
3985
4028
4032
4034
4060
4083
4085
4142
4144
4172
4187
4221
4229
4305
4325
4368
4391
4411
4421
4439
4463
4491
4521
4522
4523
4533
4536
4580
4609
4632
4665
4680
4691
4694
4700
4720
4727
4728
4732
4755
4777
4794
4797
4856
4920
4971
5139
5197
5204
5220
5265
5274
5281
5292
5329
5341
5351
5365
5404
5407
5469
5493
5500
5515
5521
5557
5574
5598
5659
5677
5683
5709
5786
5917
5981
6009
6016
6040
6057
6093
6099
6117
6140
6157
6172
6195
6215
6217
6245
6276
6279
6370
6374
6390
6445
6477
6484
6494
6496
6526
6551
6555
6574
6637
6667
6688
6770
6819
6831
6839
6851
6867
6895
6904
6916
6920
6946
6958
6973
6974
6986
7064
7068
7080
7082
7105
7136
7138
7199
7281
7337
7349
7365
7384
7443
7496
7544
7667
7685
7712
7749
7767
7827
7849
7914
7915
7916
7982
7983
7992
7994
8011
8043
8062
8066
8068
8170
8203
8242
8244
8267
8305
8310
8333
8370
8391
8402
8443
8491
8522
8545
8642
8698
8738
8759
8836
8874
8881
8898
8900
8918
8944
8949
8962
8963
9005
9010
9035
9044
9059
9069
9085
9088
9117
9123
9188
9195
9197
9210
9243
9248
9254
9402
9436
9449
9465
9510
9552
9598
9626
9767
9774
9781
9817
9843
9850
9865
9876
9892
9929
9931
9942
9988
10011
10063
10115
10151
10156
10162
10179
10180
10184
10220
10254
10287
10306
10323
10384
10393
10397
10410
10492
10496
10510
10545
10548
10568
10569
10592
10619
10637
10642
10675
10713
10748
10758
10759
10764
10770
10777
10822
10844
10962
11013
11025
11034
11035
11107
11150
11175
11188
11206
11218
11243
11300
11302
11334
11355
11385
11427
11441
11456
11532
11584
11586
11602
11629
11653
11682
11687
11712
11774
11778
11789
11800
11814
11857
11895
11908
11933
11980
11982
11994
12027
12042
12103
12123
12156
12187
12234
12256
12262
12340
12354
12400
12490
12504
12521
12548
12558
12566
12628
12633
12671
12695
12703
12715
12757
12812
12819
12862
12867
12928
12954
13003
13009
13110
13126
13142
13183
13195
13277
13326
13331
13374
13396
13444
13509
13535
13594
13610
13625
13669
13728
13736
13739
13766
13799
13825
13898
13907
13932
13933
13939
14079
14125
14166
14250
14271
14298
14308
14353
14457
14472
14485
14568
14607
14610
14668
14701
14815
14830
14843
14846
14867
14872
14890
14903
14989
15007
15025
15048
15084
15143
15156
15158
15199
15204
15215
15222
15223
15244
15256
15282
15298
15306
15330
15365
15385
15386
15390
15402
15410
15448
15496
15526
15545
15580
15611
15612
15630
15632
15672
15709
15727
15770
15815
15817
15885
15892
15923
15929
15979
16012
16015
16100
16117
16138
16142
16148
16150
16183
16226
16287
16341
16344
16351
16365
16392
16419
16473
16496
16520
16573
16621
16728
16730
16778
16784
16799
16816
16829
16838
16848
16870
16881
16910
16938
16943
16946
16951
16964
17024
17074
17076
17079
17093
17107
17114
17124
17148
17175
17182
17253
17291
17302
17318
17319
17324
17335
17364
17368
17373
17398
17416
17423
17429
17432
17468
17483
17489
17490
17527
17529
17572
17596
17608
17646
17655
17682
17684
17698
17750
17775
17801
17812
17839
17879
17882
17888
17910
17923
17929
17955
17994
18008
18013
18030
18094
18175
18201
18208
18239
18258
18279
18299
18341
18407
18408
18461
18524
18539
18612
18616
18631
18640
18675
18680
18689
18774
18817
18822
18833
18861
18863
18864
18871
18889
18974
19011
19059
19116
19126
19130
19142
19144
19161
19182
19212
19215
19313
19368
19402
19450
19508
19567
19568
19571
19591
19628
19671
19694
19723
19724
19731
19739
19760
19765
19780
19808
19851
19869
19912
19927
19930
19942
19946
19958
19978
20002
20011
20019
20061
20091
20092
20112
20142
20147
20203
20205
20216
20220
20239
20274
20307
20322
20356
20375
20389
20392
20460
20473
20481
20496
20513
20550
20556
20564
20573
20588
20591
20783
20786
20806
20809
20816
20830
20897
20955
20969
20974
20993
21006
21059
21114
21177
21216
21248
21393
21447
21504
21554
21608
21626
21693
21724
21743
21817
21841
21874
21933
21954
21973
22007
22083
22124
22147
22171
22197
22207
22209
22246
22260
22284
22293
22300
22332
22370
22488
22489
22493
22595
22608
22615
22617
22634
22640
22648
22674
22680
22688
22702
22723
22743
22764
22794
22808
22811
22833
22842
22852
22854
22881
22903
22917
22943
22946
22947
22963
22978
22985
22997
23015
23064
23083
23092
23137
23139
23158
23182
23266
23313
23328
23333
23335
23377
23446
23452
23462
23476
23494
23544
23549
23566
23585
23598
23602
23653
23685
23698
23700
23723
23740
23778
23794
23817
23851
23900
23904
23924
23974
24017
24020
24048
24072
24096
24128
24133
24141
24180
24191
24208
24230
24241
24250
24277
24337
24411
24424
24439
24441
24463
24482
24499
24568
24590
24618
24619
24633
24656
24657
24693
24700
24702
24801
24807
24842
24851
24856
24857
24977
24980
24987
25032
25055
25091
25109
25117
25161
25183
25200
25230
25234
25314
25338
25373
25405
25452
25474
25493
25640
25651
25699
25703
25723
25746
25769
25794
25796
25826
25838
25855
25863
25901
25929
25944
25958
25978
26064
26066
26083
26103
26122
26134
26220
26241
26276
26304
26318
26387
26395
26398
26435
26439
26465
26473
26489
26507
26554
26620
26635
26650
26673
26734
26738
26751
26757
26788
26876
26883
26921
26932
26961
26963
26974
27024
27059
27072
27119
27143
27186
27269
27322
27330
27332
27356
27367
27387
27392
27418
27457
27462
27476
27493
27530
27550
27561
27593
27600
27604
27612
27629
27637
27706
27721
27731
27830
27832
27844
27846
27878
27885
27904
27977
28008
28014
28058
28080
28104
28154
28192
28193
28219
28224
28260
28269
28305
28365
28416
28430
28464
28469
28489
28529
28535
28574
28583
28596
28654
28671
28798
28846
28890
28901
28956
28983
29016
29020
29034
29042
29111
29116
29119
29127
29128
29161
29166
29195
29210
29241
29257
29277
29348
29361
29368
29415
29424
29426
29465
29482
29484
29517
29523
29526
29596
29598
29604
29650
29705
29711
29725
29750
29761
29769
29801
29804
29853
29939
30009
30041
30053
30094
30111
30136
30144
30164
30168
30277
30289
30299
30334
30355
30439
30477
30528
30554
30559
30608
30666
30684
30693
30748
30751
30765
30796
30803
30828
30873
30900
30903
30967
30983
30985
31047
31093
31133
31137
31155
31189
31205
31236
31237
31247
31255
31260
31268
31290
31292
31312
31319
31338
31341
31347
31354
31375
31386
31410
31418
31454
31529
31635
31646
31651
31652
31667
31687
31693
31782
31797
31806
31811
31831
31850
31862
31885
31898
31907
31947
31954
31983
32118
32122
32132
32189
32205
32264
32302
32311
32375
32393
32420
32448
32488
32525
32551
32557
32577
32580
32583
32611
32647
32676
32679
32693
32729
32749
32805
32831
32832
32835
32846
32855
32864
32873
32904
32915
32935
32974
32978
32994
32995
32998
33006
33106
33109
33117
33141
33146
33174
33178
33238
33255
33273
33331
33339
33350
33464
33502
33510
33530
33531
33558
33586
33629
33661
33678
33790
33814
33820
33847
33930
33945
33991
33995
33998
33999
34000
34102
34157
34182
34196
34200
34237
34272
34321
34332
34355
34356
34370
34423
34458
34489
34531
34608
34649
34653
34670
34673
34677
34689
34699
34763
34765
34775
34777
34793
34814
34822
34828
34851
34863
34869
34879
34898
34913
34915
34958
35001
35015
35070
35071
35075
35085
35178
35203
35257
35272
35278
35300
35365
35380
35390
35420
35428
35470
35498
35522
35544
35549
35563
35626
35691
35740
35762
35796
35813
35821
35881
35977
36092
36100
36104
36149
36170
36190
36239
36249
36251
36258
36314
36403
36502
36517
36542
36603
36609
36673
36704
36749
36835
36887
36925
36976
36980
37021
37027
37040
37049
37063
37066
37090
37096
37135
37239
37272
37273
37309
37462
37480
37481
37500
37505
37536
37589
37619
37672
37693
37709
37780
37784
37800
37817
37819
37854
37889
37990
37992
38008
38022
38032
38051
38080
38082
38118
38218
38250
38261
38274
38290
38368
38374
38383
38389
38472
38499
38511
38522
38563
38582
38591
38594
38612
38615
38617
38643
38653
38656
38660
38680
38768
38793
38804
38809
38815
38839
38860
38862
38895
38903
38934
38942
38961
38968
39024
39030
39031
39045
39050
39136
39145
39172
39188
39192
39201
39219
39221
39230
39240
39287
39310
39344
39355
39359
39381
39398
39421
39438
39480
39482
39490
39541
39544
39566
39570
39585
39593
39626
39633
39661
39663
39685
39700
39733
39754
39830
39905
-1
