52
63
85
168
174
230
248
283
289
316
329
366
370
422
465
470
473
537
543
587
604
608
616
625
643
659
660
676
695
736
753
754
777
797
807
859
905
962
988
1048
1070
1071
1085
1122
1136
1165
1168
1181
1182
1199
1217
1269
1282
1295
1308
1335
1339
1390
1394
1429
1431
1439
1468
1498
1499
1502
1528
1589
1609
1616
1628
1639
1672
1700
1721
1757
1783
1787
1846
1874
1878
1879
1908
1947
1949
1957
1996
2153
2177
2183
2224
2230
2235
2238
2247
2286
2320
2353
2385
2433
2475
2554
2584
2602
2762
2771
2779
2865
2879
2889
2918
2994
3049
3114
3144
3148
3171
3178
3209
3211
3218
3236
3255
3273
3283
3288
3399
3424
3468
3507
3554
3559
3574
3577
3622
3633
3644
3651
3668
3676
3681
3693
3694
3704
3767
3802
3877
3894
3908
3928
3936
3988
4022
4032
4043
4052
4068
4074
4085
4086
4158
4178
4187
4196
4201
4204
4226
4246
4250
4253
4307
4321
4325
4348
4353
4427
4496
4504
4513
4548
4558
4565
4586
4593
4672
4675
4691
4722
4735
4773
4801
4808
4832
4878
4929
4940
4950
4993
5024
5031
5081
5100
5114
5124
5143
5193
5211
5213
5234
5245
5249
5265
5280
5294
5321
5327
5349
5430
5476
5480
5519
5570
5603
5635
5664
5679
5809
5812
5830
5856
5899
5920
5943
5961
5979
6010
6016
6076
6138
6180
6183
6186
6218
6274
6304
6383
6396
6411
6413
6456
6479
6518
6538
6620
6639
6658
6660
6679
6792
6835
6847
6881
6913
6935
6982
7004
7030
7076
7112
7114
7184
7195
7203
7221
7262
7280
7323
7326
7337
7346
7348
7357
7358
7382
7401
7421
7443
7565
7626
7689
7732
7762
7783
7784
7793
7814
7826
7875
7932
7943
7970
7997
8003
8004
8013
8036
8051
8054
8073
8083
8095
8117
8181
8218
8239
8248
8260
8267
8299
8314
8355
8385
8450
8460
8463
8474
8485
8566
8577
8582
8609
8681
8729
8736
8747
8761
8789
8869
8890
8935
8955
8962
8981
8994
9011
9013
9047
9074
9096
9118
9152
9178
9181
9202
9218
9225
9226
9245
9251
9303
9333
9334
9352
9369
9379
9393
9410
9470
9542
9643
9666
9711
9741
9742
9746
9792
9813
9831
9832
9834
9838
9841
9846
9888
9894
9922
9924
10000
10007
10013
10029
10079
10093
10109
10154
10191
10271
10292
10322
10375
10401
10427
10437
10477
10481
10589
10596
10631
10684
10710
10791
10824
10885
10912
10915
10921
10951
11042
11049
11061
11063
11065
11079
11106
11137
11151
11158
11231
11271
11275
11295
11297
11315
11355
11417
11420
11421
11443
11495
11516
11523
11540
11565
11615
11657
11710
11716
11743
11757
11774
11825
11836
11898
11916
11945
11953
11959
12024
12026
12043
12065
12080
12092
12109
12158
12167
12195
12242
12251
12266
12302
12312
12339
12401
12407
12415
12431
12445
12474
12476
12490
12498
12622
12641
12705
12755
12856
12865
12869
12888
13078
13105
13155
13187
13195
13202
13240
13255
13259
13263
13271
13348
13366
13416
13444
13484
13490
13568
13594
13599
13649
13709
13763
13899
13910
13938
13997
14024
14074
14081
14086
14101
14120
14193
14223
14230
14246
14291
14292
14295
14311
14316
14348
14373
14420
14427
14450
14458
14469
14569
14617
14636
14649
14714
14747
14754
14758
14762
14776
14849
14949
14952
14993
15027
15040
15054
15071
15074
15090
15101
15115
15206
15213
15215
15237
15261
15298
15335
15364
15369
15386
15401
15406
15433
15500
15517
15542
15555
15586
15587
15612
15613
15632
15670
15706
15714
15720
15760
15776
15797
15799
15814
15834
15869
15892
15895
15903
15904
15907
16052
16086
16109
16123
16138
16204
16209
16252
16262
16326
16339
16351
16375
16405
16411
16443
16510
16523
16583
16590
16741
16755
16797
16831
16899
16916
16948
16970
17028
17051
17121
17139
17187
17261
17311
17376
17379
17383
17392
17447
17502
17506
17508
17512
17527
17548
17585
17592
17614
17737
17772
17776
17800
17802
17823
17830
17848
17858
17861
17871
17903
17911
17947
17963
17976
18046
18088
18130
18194
18202
18216
18251
18254
18283
18325
18340
18367
18376
18384
18395
18405
18413
18418
18434
18458
18503
18555
18589
18592
18593
18607
18610
18624
18631
18699
18718
18719
18735
18757
18796
18821
18828
18831
18835
18861
18867
18891
18915
18918
18935
18949
18954
18956
19001
19002
19023
19070
19074
19079
19183
19186
19248
19284
19294
19320
19327
19334
19341
19352
19406
19429
19444
19525
19567
19630
19640
19665
19672
19676
19700
19762
19767
19800
19818
19819
19827
19861
19970
20001
20007
20025
20048
20076
20078
20137
20150
20151
20178
20184
20196
20224
20251
20276
20296
20328
20359
20381
20392
20442
20457
20463
20505
20537
20598
20609
20708
20715
20736
20739
20770
20773
20833
20890
20914
21065
21210
21212
21237
21243
21265
21289
21348
21352
21372
21446
21456
21463
21467
21469
21499
21510
21515
21583
21644
21663
21664
21681
21685
21687
21713
21729
21731
21740
21764
21793
21833
21837
21854
21860
21972
22020
22099
22110
22111
22161
22238
22242
22293
22321
22323
22332
22342
22350
22389
22390
22393
22434
22455
22509
22533
22536
22570
22608
22617
22629
22632
22685
22698
22702
22727
22781
22791
22809
22849
22856
22864
22892
22900
22931
22933
22955
23061
23096
23131
23164
23261
23328
23348
23349
23364
23373
23389
23406
23429
23451
23455
23479
23533
23585
23596
23629
23722
23742
23756
23773
23870
23887
23936
23991
24064
24074
24085
24090
24209
24270
24284
24371
24401
24402
24414
24420
24434
24460
24483
24504
24512
24521
24557
24558
24583
24595
24631
24650
24660
24664
24682
24703
24722
24731
24760
24763
24764
24786
24840
24854
24865
24874
24885
24899
24921
24961
24965
24981
25037
25047
25055
25073
25091
25143
25198
25249
25278
25303
25366
25387
25425
25428
25458
25468
25477
25500
25557
25564
25569
25612
25656
25660
25700
25718
25777
25845
25897
25901
25917
25956
25957
26008
26027
26049
26051
26135
26222
26372
26379
26395
26401
26439
26446
26475
26497
26508
26515
26516
26523
26569
26575
26584
26617
26627
26633
26634
26659
26667
26702
26717
26727
26764
26813
26842
26882
26896
26899
26907
26909
26966
26968
26971
26982
26991
27001
27024
27026
27093
27102
27133
27135
27141
27142
27152
27163
27209
27240
27247
27268
27284
27337
27341
27355
27381
27385
27419
27432
27463
27508
27509
27513
27527
27529
27544
27548
27557
27573
27591
27601
27609
27635
27644
27679
27684
27706
27726
27747
27791
27810
27823
27838
27843
27865
27874
27888
27912
27920
27975
28016
28034
28046
28065
28069
28074
28076
28083
28089
28107
28125
28153
28154
28374
28392
28507
28516
28528
28534
28579
28617
28618
28657
28684
28733
28783
28811
28901
28902
28981
29006
29025
29093
29105
29120
29123
29158
29167
29202
29216
29244
29249
29268
29298
29322
29342
29366
29375
29386
29402
29471
29526
29581
29582
29614
29615
29667
29682
29689
29710
29714
29719
29734
29750
29804
29840
29845
29910
29917
29927
29958
29968
30029
30038
30087
30112
30119
30124
30196
30210
30216
30226
30258
30311
30347
30363
30382
30391
30443
30468
30492
30594
30596
30615
30619
30623
30638
30677
30699
30709
30738
30745
30781
30819
30929
30959
30972
30973
30985
30988
31049
31074
31099
31107
31138
31163
31177
31192
31252
31255
31332
31398
31420
31436
31438
31473
31482
31486
31506
31517
31629
31649
31658
31704
31716
31721
31723
31838
31852
31873
31886
31934
31968
31990
32022
32099
32134
32207
32259
32278
32316
32325
32326
32331
32383
32384
32386
32420
32432
32467
32490
32520
32568
32600
32657
32707
32725
32808
32822
32837
32909
32991
32997
33008
33027
33033
33059
33065
33075
33087
33088
33089
33090
33126
33127
33143
33159
33215
33228
33229
33292
33308
33389
33422
33423
33463
33492
33506
33610
33616
33627
33637
33684
33695
33731
33781
33807
33884
33924
33948
33960
34005
34035
34044
34079
34110
34120
34143
34150
34220
34229
34245
34279
34289
34296
34314
34345
34389
34434
34456
34490
34500
34503
34531
34565
34573
34577
34658
34660
34702
34708
34744
34818
34831
34852
34877
34879
34966
35007
35020
35076
35117
35219
35223
35284
35304
35307
35336
35360
35362
35431
35510
35530
35536
35586
35588
35613
35642
35656
35692
35707
35793
35806
35831
35847
35885
35888
35918
35948
35971
35986
36065
36153
36163
36214
36243
36245
36254
36269
36283
36295
36312
36349
36361
36375
36455
36503
36520
36567
36650
36657
36717
36722
36724
36764
36801
36818
36835
36840
36859
36902
36927
37035
37055
37062
37103
37130
37134
37138
37139
37145
37162
37210
37212
37227
37237
37240
37241
37243
37272
37290
37291
37293
37342
37344
37387
37423
37426
37429
37434
37446
37461
37487
37508
37535
37583
37623
37655
37664
37671
37682
37713
37716
37739
37740
37778
37798
37871
37912
37925
37936
37959
37967
37995
38000
38066
38077
38121
38144
38156
38163
38278
38306
38320
38370
38439
38455
38456
38484
38530
38570
38597
38623
38656
38730
38799
38814
38849
38913
38920
38940
38977
38996
39003
39022
39031
39046
39052
39054
39084
39085
39089
39099
39186
39215
39226
39229
39246
39336
39352
39359
39386
39405
39428
39477
39525
39529
39537
39545
39619
39622
39629
39634
39635
39695
39714
39728
39784
39796
39810
39851
39869
39873
39897
39899
39905
39954
39971
-1
