74
81
101
127
141
193
246
263
275
279
285
308
317
327
349
378
387
425
434
439
449
478
523
530
540
567
589
595
623
644
670
686
690
692
715
768
817
856
892
932
947
989
995
1029
1040
1102
1114
1152
1180
1192
1204
1209
1219
1276
1291
1318
1324
1343
1413
1536
1582
1618
1656
1661
1706
1739
1775
1782
1792
1865
1905
1915
1927
1945
1956
1960
1982
1997
2005
2016
2017
2145
2153
2171
2178
2189
2198
2222
2225
2226
2227
2228
2243
2285
2323
2328
2378
2411
2416
2456
2465
2531
2603
2613
2620
2631
2639
2675
2697
2712
2729
2771
2774
2805
2812
2854
2893
2900
2903
2912
2923
2947
2956
2957
2985
3041
3059
3067
3072
3074
3098
3128
3129
3136
3177
3191
3211
3225
3276
3299
3360
3363
3405
3417
3486
3503
3534
3545
3607
3666
3678
3695
3755
3756
3790
3798
3811
3823
3889
3906
3929
3933
3956
4039
4066
4098
4105
4113
4121
4144
4165
4166
4197
4208
4228
4285
4339
4412
4414
4484
4490
4560
4567
4571
4584
4612
4626
4640
4651
4673
4714
4734
4739
4746
4802
4818
4830
4870
4925
4972
4993
5009
5038
5056
5121
5169
5186
5198
5217
5235
5241
5252
5320
5344
5355
5403
5451
5464
5471
5503
5524
5649
5676
5705
5715
5716
5792
5804
5805
5813
5836
5841
5852
5858
5860
5905
5941
5945
5972
6022
6030
6062
6078
6138
6171
6230
6266
6283
6372
6402
6415
6436
6446
6491
6538
6549
6596
6600
6674
6748
6792
6861
6890
6908
6934
6935
6943
6950
6996
7031
7064
7090
7110
7123
7130
7160
7165
7193
7269
7309
7348
7377
7379
7407
7408
7410
7418
7427
7485
7500
7504
7522
7524
7563
7568
7579
7583
7628
7639
7642
7667
7678
7714
7770
7784
7792
7837
7860
7882
7883
7893
7894
7930
7932
7950
8022
8032
8074
8081
8130
8156
8165
8178
8194
8197
8248
8253
8271
8272
8329
8331
8365
8374
8404
8419
8469
8502
8518
8535
8553
8650
8661
8672
8689
8717
8722
8728
8807
8817
8820
8873
8900
8906
8907
8933
8952
8961
9015
9058
9080
9121
9149
9198
9206
9217
9268
9269
9288
9376
9388
9512
9517
9537
9577
9598
9602
9636
9652
9705
9732
9789
9797
9803
9936
9939
9955
9999
10042
10055
10092
10093
10121
10174
10259
10298
10393
10427
10431
10432
10440
10489
10511
10517
10627
10635
10645
10671
10683
10708
10722
10751
10764
10774
10796
10819
10826
10865
10870
10872
10877
10894
10939
10958
10964
11007
11034
11042
11049
11081
11141
11225
11238
11283
11303
11306
11317
11335
11358
11364
11369
11385
11397
11425
11492
11501
11535
11573
11585
11589
11629
11661
11729
11734
11741
11750
11794
11797
11895
11897
11958
11976
11982
11988
12002
12024
12048
12156
12163
12169
12171
12206
12264
12312
12328
12338
12348
12405
12428
12441
12443
12496
12500
12535
12546
12565
12642
12666
12698
12712
12717
12738
12739
12772
12789
12851
12857
12880
12895
12917
12962
12973
13010
13069
13073
13125
13139
13231
13273
13274
13292
13305
13310
13322
13404
13413
13462
13505
13514
13574
13592
13617
13646
13666
13722
13744
13767
13832
13886
13908
13924
14012
14025
14045
14059
14092
14116
14120
14141
14163
14178
14274
14279
14288
14334
14394
14413
14462
14466
14473
14480
14511
14527
14541
14561
14567
14587
14635
14647
14683
14685
14720
14730
14756
14758
14765
14788
14797
14815
14848
14893
14916
14930
14941
14966
15025
15027
15030
15037
15049
15085
15106
15159
15174
15249
15265
15312
15371
15381
15393
15400
15409
15418
15431
15432
15437
15455
15524
15529
15549
15579
15627
15671
15718
15725
15733
15736
15774
15797
15954
15974
16030
16052
16056
16079
16087
16108
16109
16122
16150
16156
16157
16204
16221
16276
16283
16316
16318
16439
16486
16491
16496
16497
16498
16518
16588
16600
16615
16621
16657
16686
16707
16719
16731
16743
16749
16787
16792
16814
16853
16896
16933
16953
16969
16971
16980
16998
17018
17026
17029
17082
17098
17128
17175
17201
17231
17240
17271
17337
17347
17391
17405
17428
17474
17475
17518
17522
17524
17529
17551
17572
17577
17585
17626
17635
17674
17684
17724
17727
17729
17741
17768
17855
17859
17891
17905
17906
17907
17915
17941
17945
17956
17970
17977
18009
18027
18028
18118
18120
18186
18272
18297
18305
18358
18369
18386
18415
18423
18435
18460
18483
18524
18541
18551
18592
18604
18617
18628
18629
18643
18727
18746
18788
18861
18888
18902
18907
18973
19029
19032
19095
19128
19171
19204
19251
19254
19314
19321
19365
19368
19374
19377
19387
19427
19429
19465
19481
19532
19554
19566
19595
19600
19605
19621
19627
19664
19676
19686
19694
19733
19766
19784
19787
19805
19847
19855
19911
19915
19916
19933
19952
19981
19992
20001
20011
20045
20058
20062
20145
20184
20206
20237
20244
20254
20256
20317
20332
20356
20357
20370
20382
20392
20400
20408
20448
20452
20520
20555
20614
20648
20694
20700
20725
20750
20853
20861
20923
20925
20964
21014
21032
21037
21049
21101
21114
21123
21134
21161
21216
21301
21318
21323
21327
21342
21390
21392
21521
21585
21586
21590
21712
21736
21759
21761
21771
21785
21801
21807
21814
21818
21837
21923
21929
21960
21962
22010
22058
22096
22142
22160
22162
22181
22201
22203
22211
22232
22260
22268
22299
22315
22430
22433
22450
22458
22459
22499
22521
22543
22606
22626
22640
22647
22648
22703
22705
22707
22748
22798
22831
22878
22907
22937
23052
23067
23084
23245
23246
23276
23388
23404
23429
23558
23568
23590
23673
23719
23735
23737
23781
23838
23898
23922
23989
24041
24059
24138
24176
24215
24239
24269
24319
24323
24327
24337
24380
24437
24462
24496
24520
24527
24543
24554
24560
24586
24625
24638
24657
24689
24748
24773
24778
24802
24868
24891
24897
24918
24921
24954
25027
25035
25072
25081
25172
25209
25248
25271
25290
25326
25358
25365
25377
25380
25397
25399
25401
25403
25428
25434
25438
25465
25475
25498
25568
25576
25623
25629
25631
25655
25772
25783
25859
25932
25945
25961
25973
26013
26072
26111
26114
26142
26222
26241
26243
26250
26269
26286
26295
26400
26408
26425
26435
26472
26481
26488
26511
26529
26586
26598
26632
26644
26673
26726
26741
26803
26810
26832
26839
26874
26884
26894
26906
26971
26990
27007
27091
27109
27119
27151
27226
27227
27265
27275
27305
27330
27353
27393
27416
27488
27543
27545
27560
27597
27674
27782
27815
27892
27893
27897
27927
27932
27939
27956
27961
27965
28003
28058
28067
28095
28097
28098
28150
28177
28182
28211
28225
28273
28286
28288
28380
28453
28465
28515
28581
28587
28594
28635
28661
28680
28698
28749
28767
28774
28789
28792
28821
28829
28874
28905
28909
28956
28988
29092
29119
29131
29157
29179
29182
29191
29204
29226
29258
29263
29303
29324
29389
29422
29424
29438
29444
29490
29514
29538
29552
29583
29638
29645
29703
29722
29743
29757
29776
29806
29843
29849
29854
29857
29874
29893
29905
29924
29948
29965
29980
29991
30037
30045
30046
30057
30067
30070
30072
30081
30107
30158
30195
30196
30209
30211
30224
30253
30268
30285
30289
30299
30314
30318
30328
30434
30475
30493
30502
30566
30569
30603
30604
30612
30628
30682
30685
30698
30704
30717
30728
30800
30859
30878
30902
30946
30982
31018
31105
31107
31122
31152
31159
31171
31219
31221
31238
31286
31341
31354
31366
31406
31413
31418
31493
31551
31562
31568
31572
31585
31601
31623
31649
31661
31732
31785
31878
31903
31920
31959
31987
32008
32032
32069
32134
32207
32238
32252
32266
32303
32350
32366
32446
32472
32485
32683
32715
32720
32726
32771
32811
32835
32839
32845
32855
32860
32870
32882
32884
32890
32934
32940
32957
33019
33023
33037
33040
33048
33094
33096
33105
33122
33136
33138
33158
33214
33244
33263
33293
33411
33420
33442
33458
33460
33475
33502
33556
33678
33747
33762
33826
33851
33891
33955
33973
34034
34057
34081
34088
34109
34145
34188
34195
34205
34213
34226
34245
34274
34317
34356
34373
34482
34501
34645
34664
34668
34681
34749
34753
34765
34774
34808
34821
34876
34879
34905
34929
34953
34959
35006
35028
35040
35049
35071
35104
35144
35175
35196
35204
35221
35240
35282
35290
35311
35355
35360
35398
35408
35419
35490
35514
35601
35620
35666
35704
35708
35712
35731
35780
35784
35840
35893
35897
35918
35921
35928
35933
35936
35978
35980
36024
36075
36091
36105
36119
36142
36143
36222
36231
36245
36308
36409
36427
36432
36460
36509
36546
36551
36559
36573
36589
36613
36625
36651
36665
36703
36725
36777
36792
36795
36815
36848
36849
36895
36959
36966
36968
36973
36990
36991
37029
37056
37110
37111
37183
37189
37195
37223
37244
37282
37298
37304
37306
37351
37372
37468
37476
37490
37492
37604
37633
37686
37731
37734
37746
37762
37777
37800
37816
37902
37911
37927
37929
37932
37980
38023
38049
38058
38075
38079
38104
38147
38213
38222
38274
38324
38327
38336
38415
38425
38437
38451
38523
38618
38620
38643
38732
38739
38760
38800
38823
38833
38909
38911
38922
38942
38995
39002
39004
39005
39037
39045
39052
39061
39104
39106
39155
39184
39253
39273
39305
39323
39326
39338
39353
39390
39519
39561
39576
39583
39604
39645
39646
39664
39689
39698
39716
39737
39748
39773
39800
39842
39891
39919
39950
39961
39967
39980
39997
-1
