40
62
76
119
161
244
264
266
282
331
354
368
378
431
458
471
494
553
658
668
690
697
707
715
731
804
872
885
895
977
998
999
1130
1131
1218
1258
1479
1501
1555
1602
1612
1627
1628
1640
1654
1660
1664
1750
1800
1808
1812
1842
1861
1862
1873
1878
1897
1987
2028
2116
2132
2196
2201
2215
2268
2270
2303
2356
2408
2437
2458
2468
2515
2519
2544
2552
2593
2617
2650
2737
2746
2775
2789
2795
2844
2855
2913
2928
2929
2935
2959
2978
2999
3047
3072
3074
3116
3173
3233
3274
3280
3283
3306
3328
3336
3357
3368
3375
3415
3419
3442
3457
3463
3478
3503
3504
3522
3599
3612
3621
3623
3644
3671
3740
3745
3763
3787
3793
3795
3850
3906
3969
3973
3980
4021
4085
4140
4197
4209
4221
4248
4255
4345
4349
4382
4387
4395
4415
4464
4467
4494
4501
4518
4523
4528
4556
4578
4593
4631
4641
4713
4752
4778
4829
4874
4919
4949
4954
4958
4961
4980
4993
4999
5000
5050
5059
5101
5132
5166
5185
5230
5281
5310
5360
5414
5433
5476
5568
5573
5586
5613
5635
5695
5743
5758
5803
5805
5829
5861
5867
5904
5915
6011
6056
6086
6158
6213
6214
6223
6232
6233
6239
6257
6362
6370
6395
6427
6452
6482
6484
6540
6551
6566
6581
6617
6648
6708
6735
6779
6812
6844
6849
6855
6885
6943
7005
7015
7047
7103
7146
7155
7175
7196
7202
7203
7229
7247
7254
7261
7288
7289
7293
7357
7374
7376
7381
7391
7445
7484
7499
7515
7640
7650
7659
7660
7671
7720
7725
7747
7784
7836
7841
7924
7983
7995
7999
8011
8045
8106
8126
8127
8209
8261
8283
8290
8323
8383
8389
8411
8430
8444
8462
8466
8470
8491
8518
8520
8531
8550
8552
8573
8593
8603
8635
8645
8651
8673
8691
8714
8718
8723
8864
8867
8872
8890
8895
8929
8937
9009
9014
9026
9038
9064
9097
9118
9134
9136
9144
9154
9189
9192
9211
9218
9232
9254
9281
9320
9341
9353
9361
9382
9389
9396
9407
9419
9456
9465
9481
9490
9512
9544
9548
9558
9565
9596
9722
9727
9744
9771
9773
9785
9830
9885
9907
9920
9991
10049
10055
10058
10079
10099
10121
10139
10153
10190
10212
10220
10299
10321
10379
10404
10419
10421
10426
10432
10434
10444
10449
10463
10502
10535
10552
10571
10589
10600
10620
10720
10728
10776
10788
10798
10801
10842
10894
10906
10915
10953
10985
11020
11037
11069
11089
11096
11113
11127
11138
11189
11210
11242
11311
11377
11403
11423
11442
11443
11538
11546
11553
11604
11646
11733
11761
11768
11772
11783
11795
11809
11860
11863
11886
11956
12018
12021
12022
12072
12094
12103
12106
12143
12169
12175
12176
12183
12285
12297
12327
12341
12400
12401
12536
12568
12576
12580
12654
12669
12742
12812
12852
12855
12857
12867
12918
12929
12951
12975
13054
13072
13078
13096
13233
13236
13263
13319
13328
13340
13344
13375
13381
13423
13445
13463
13492
13557
13639
13651
13663
13788
13825
13845
13863
13872
13888
13896
13904
13905
13915
13916
14005
14007
14018
14020
14031
14053
14194
14214
14228
14238
14245
14253
14264
14283
14293
14303
14313
14328
14347
14379
14421
14435
14515
14521
14522
14531
14547
14612
14635
14645
14656
14670
14691
14728
14736
14744
14776
14791
14802
14824
14870
14883
14888
14922
14967
14974
15057
15083
15093
15109
15123
15179
15185
15202
15218
15219
15223
15269
15316
15317
15321
15383
15385
15391
15425
15443
15501
15593
15609
15646
15647
15720
15725
15727
15758
15770
15802
15867
15869
15895
16048
16094
16105
16121
16134
16150
16186
16333
16383
16384
16385
16428
16444
16459
16518
16520
16543
16595
16604
16608
16680
16723
16735
16887
16954
17014
17018
17027
17094
17123
17138
17182
17185
17217
17249
17286
17298
17316
17353
17446
17449
17452
17461
17568
17576
17626
17644
17663
17761
17797
17860
17893
17943
17951
17969
17976
17981
17988
18053
18062
18079
18108
18135
18148
18191
18203
18220
18231
18239
18295
18309
18322
18337
18369
18402
18421
18474
18516
18563
18597
18598
18605
18608
18660
18683
18694
18697
18720
18728
18781
18793
18854
18865
18874
18896
18926
18929
18932
18945
18979
19001
19008
19015
19133
19166
19167
19174
19204
19240
19241
19267
19275
19299
19345
19394
19465
19494
19508
19524
19538
19563
19586
19595
19635
19648
19661
19674
19686
19759
19783
19805
19818
19827
19835
19906
19918
19968
19991
20009
20025
20031
20038
20078
20199
20200
20217
20260
20264
20279
20287
20319
20337
20350
20371
20422
20438
20449
20499
20500
20539
20556
20568
20594
20599
20602
20604
20620
20635
20639
20659
20670
20686
20721
20723
20724
20729
20751
20769
20807
20818
20865
20907
20916
20945
20958
20982
21033
21132
21147
21189
21214
21220
21241
21288
21318
21369
21376
21393
21397
21489
21587
21593
21612
21648
21711
21749
21772
21854
21880
21881
21882
21947
22009
22027
22045
22056
22119
22180
22194
22197
22273
22275
22320
22328
22374
22381
22435
22446
22466
22484
22497
22498
22531
22601
22624
22631
22632
22698
22715
22736
22743
22771
22805
22811
22837
22838
22860
22915
22960
22979
22984
22987
23011
23018
23057
23059
23061
23084
23102
23118
23134
23171
23176
23190
23222
23230
23261
23270
23288
23295
23314
23315
23318
23336
23345
23400
23515
23546
23563
23595
23619
23649
23654
23692
23710
23729
23741
23777
23800
23804
23813
23863
23901
23903
23905
23923
23928
24037
24056
24077
24136
24254
24300
24342
24390
24422
24428
24430
24432
24446
24465
24521
24531
24596
24609
24622
24682
24690
24717
24794
24796
24801
24837
24838
24859
24868
24872
24884
24919
24926
24929
24937
24944
24951
24979
24992
25006
25009
25011
25037
25057
25081
25083
25156
25175
25179
25201
25202
25214
25248
25258
25266
25358
25375
25380
25425
25440
25450
25464
25519
25523
25535
25551
25567
25593
25595
25616
25656
25661
25702
25743
25749
25847
25896
25944
25949
25964
25989
26009
26034
26048
26060
26070
26072
26073
26088
26113
26177
26181
26204
26208
26258
26318
26321
26368
26416
26423
26446
26448
26469
26482
26485
26506
26561
26563
26577
26602
26604
26631
26634
26661
26705
26737
26739
26768
26779
26875
26917
26935
26944
26979
27007
27024
27031
27047
27063
27112
27121
27130
27136
27144
27152
27201
27206
27210
27236
27256
27257
27258
27363
27407
27418
27478
27549
27565
27567
27630
27672
27710
27805
27826
27828
27852
27886
27892
27907
27937
27963
27969
27981
28064
28089
28099
28122
28137
28140
28143
28233
28253
28369
28399
28406
28446
28462
28481
28488
28491
28519
28528
28560
28564
28581
28595
28621
28631
28660
28697
28700
28706
28730
28770
28784
28788
28790
28823
28857
28899
28907
28967
29008
29010
29011
29048
29066
29068
29078
29079
29190
29269
29296
29315
29316
29368
29400
29407
29420
29452
29481
29495
29500
29507
29527
29543
29562
29587
29602
29653
29676
29740
29762
29778
29805
29843
29916
29928
29969
30024
30044
30056
30094
30128
30146
30155
30157
30169
30230
30235
30252
30268
30270
30271
30316
30341
30349
30408
30415
30475
30504
30530
30576
30661
30697
30706
30783
30799
30812
30867
30917
30946
30957
30991
31003
31013
31029
31043
31063
31074
31089
31145
31148
31210
31298
31310
31314
31321
31334
31341
31376
31379
31386
31444
31449
31456
31464
31477
31480
31490
31503
31510
31516
31519
31621
31660
31670
31717
31750
31761
31762
31765
31768
31783
31784
31797
31829
31885
31901
32004
32011
32068
32146
32171
32205
32218
32221
32316
32346
32371
32395
32404
32409
32443
32563
32581
32628
32652
32663
32668
32690
32738
32759
32778
32828
32836
32904
32912
32955
32975
33052
33093
33095
33120
33135
33169
33194
33214
33234
33250
33276
33308
33352
33392
33474
33479
33485
33486
33492
33520
33525
33642
33666
33675
33709
33720
33765
33771
33836
33899
33909
33933
33955
33985
34010
34017
34054
34070
34094
34107
34121
34124
34128
34133
34141
34168
34180
34181
34188
34297
34312
34323
34351
34359
34380
34397
34400
34486
34488
34509
34547
34630
34648
34649
34707
34742
34806
34832
34876
34919
34952
34965
35007
35024
35165
35171
35187
35248
35250
35274
35357
35373
35380
35384
35393
35405
35414
35420
35437
35443
35463
35464
35467
35483
35500
35542
35568
35591
35594
35608
35612
35625
35630
35689
35708
35711
35738
35743
35833
35867
35952
35967
35992
36029
36045
36065
36101
36114
36118
36147
36179
36223
36229
36251
36265
36294
36310
36353
36373
36402
36457
36466
36487
36503
36505
36516
36520
36553
36567
36584
36629
36647
36648
36653
36663
36694
36875
36957
36961
36968
36979
36998
37016
37021
37022
37093
37110
37187
37191
37252
37268
37270
37271
37299
37307
37312
37320
37369
37454
37489
37568
37570
37573
37586
37618
37655
37662
37672
37685
37693
37727
37747
37765
37779
37782
37784
37830
37831
37850
37867
37874
37878
37881
37946
38005
38087
38105
38170
38207
38241
38263
38272
38278
38287
38317
38335
38343
38348
38364
38371
38419
38463
38530
38560
38570
38576
38580
38594
38597
38619
38621
38632
38638
38680
38749
38808
38885
38894
38915
38921
38968
38995
39091
39102
39127
39146
39148
39175
39176
39247
39307
39360
39383
39388
39397
39438
39598
39642
39666
39678
39709
39715
39721
39756
39768
39774
39780
39878
39883
39896
39912
39926
39967
39975
39989
39997
-1
