52
62
64
151
176
209
250
263
288
310
314
318
324
328
335
342
347
364
369
393
454
493
501
530
538
574
606
621
634
658
685
745
770
772
784
828
848
856
877
885
946
948
1031
1058
1069
1074
1088
1104
1139
1163
1167
1196
1202
1261
1323
1327
1345
1361
1417
1435
1501
1515
1521
1546
1547
1570
1576
1590
1603
1617
1618
1620
1673
1676
1710
1739
1745
1748
1788
1844
1860
1864
1952
2040
2044
2051
2056
2079
2134
2184
2210
2224
2225
2227
2228
2244
2270
2328
2372
2373
2405
2419
2471
2578
2594
2628
2646
2655
2663
2667
2669
2796
2815
2879
2923
2939
2996
3039
3097
3099
3135
3138
3149
3152
3154
3162
3175
3189
3203
3262
3339
3360
3403
3424
3466
3484
3495
3581
3604
3708
3768
3776
3791
3920
3965
3966
3979
4002
4010
4093
4120
4126
4146
4149
4212
4215
4258
4274
4277
4439
4481
4488
4501
4502
4560
4562
4564
4567
4568
4660
4696
4719
4732
4748
4763
4768
4793
4801
4812
4818
4851
4891
4904
4912
4981
4983
5018
5085
5086
5091
5156
5168
5171
5204
5223
5259
5330
5335
5374
5397
5402
5420
5473
5488
5571
5583
5617
5622
5626
5703
5751
5770
5802
5820
5834
5836
5853
5873
5898
5912
5918
5934
5978
6010
6035
6074
6088
6106
6118
6176
6190
6198
6267
6275
6307
6310
6320
6369
6379
6382
6390
6402
6433
6440
6445
6447
6469
6476
6509
6516
6616
6648
6651
6660
6666
6670
6684
6697
6699
6773
6774
6799
6801
6823
6856
6867
6873
6884
6952
6964
6974
6982
7007
7037
7100
7102
7142
7147
7186
7253
7278
7288
7300
7305
7318
7355
7379
7384
7425
7428
7446
7457
7527
7575
7611
7638
7644
7663
7705
7706
7707
7768
7791
7818
7822
7830
7837
7849
7876
7889
7896
7933
7939
7951
7965
8002
8064
8078
8151
8171
8178
8179
8233
8280
8398
8446
8448
8467
8474
8486
8536
8568
8585
8599
8644
8649
8650
8672
8696
8708
8792
8793
8800
8811
8821
8824
8843
8919
8921
8979
9029
9030
9034
9043
9044
9068
9094
9123
9188
9189
9201
9206
9219
9271
9321
9371
9417
9424
9443
9473
9488
9530
9557
9588
9633
9642
9659
9701
9730
9762
9778
9783
9797
9877
9894
10004
10052
10080
10129
10161
10173
10290
10315
10317
10322
10334
10354
10403
10457
10464
10514
10531
10598
10624
10657
10662
10663
10667
10674
10690
10698
10718
10756
10774
10788
10853
10868
10913
10922
10950
10967
11047
11091
11115
11162
11168
11197
11251
11262
11268
11303
11409
11415
11417
11457
11462
11494
11505
11572
11626
11652
11662
11674
11680
11695
11766
11808
11823
11848
11863
11903
11960
11983
12009
12024
12032
12063
12141
12221
12241
12331
12348
12349
12415
12432
12433
12437
12470
12471
12484
12587
12685
12696
12733
12736
12745
12783
12821
12833
12858
12890
12939
12969
13009
13012
13020
13022
13041
13051
13066
13074
13108
13125
13162
13183
13252
13290
13315
13325
13336
13350
13355
13399
13471
13485
13550
13561
13609
13620
13643
13682
13684
13732
13765
13780
13799
13820
13823
13829
13832
13863
13864
13865
13880
13885
13914
13944
13946
13975
13983
13986
13995
14000
14013
14071
14107
14212
14220
14251
14277
14293
14317
14341
14349
14354
14361
14365
14372
14377
14407
14423
14432
14452
14455
14472
14505
14516
14571
14604
14611
14645
14666
14713
14731
14749
14762
14819
14833
14834
14835
14875
14898
14902
14957
14987
14991
15005
15055
15068
15080
15094
15114
15115
15116
15217
15250
15308
15316
15335
15348
15484
15499
15567
15572
15582
15612
15642
15643
15691
15704
15737
15765
15767
15848
15867
15906
16009
16065
16121
16165
16180
16219
16255
16277
16313
16389
16395
16419
16448
16455
16458
16467
16497
16515
16519
16537
16539
16607
16619
16632
16634
16643
16654
16676
16685
16703
16732
16780
16782
16786
16808
16816
16835
16870
16878
16914
16917
16931
16956
16991
17069
17118
17196
17221
17238
17263
17279
17307
17348
17349
17379
17381
17443
17449
17455
17487
17523
17543
17577
17578
17581
17636
17646
17673
17682
17698
17770
17848
17858
17871
17875
17905
17907
17919
17921
17939
17941
18024
18046
18079
18111
18136
18156
18180
18223
18270
18287
18341
18387
18389
18393
18418
18495
18497
18520
18597
18618
18623
18651
18661
18705
18767
18785
18805
18809
18847
18899
18928
18937
18974
18979
18981
18987
18992
19010
19018
19050
19075
19078
19135
19161
19196
19213
19227
19245
19257
19262
19266
19279
19285
19319
19381
19404
19407
19471
19497
19499
19508
19523
19539
19540
19582
19604
19640
19662
19767
19771
19787
19809
19822
19834
19841
19895
19932
19974
20002
20010
20011
20022
20023
20045
20090
20092
20114
20166
20167
20172
20214
20255
20278
20289
20315
20348
20356
20357
20386
20426
20447
20465
20492
20497
20499
20564
20606
20772
20783
20792
20799
20800
20815
20853
20855
20887
21020
21053
21119
21146
21216
21234
21262
21264
21288
21303
21314
21322
21334
21461
21466
21477
21486
21514
21527
21546
21550
21569
21589
21611
21615
21627
21715
21744
21765
21773
21775
21783
21787
21818
21822
21948
22013
22090
22118
22139
22195
22215
22267
22293
22310
22386
22413
22502
22577
22578
22588
22620
22629
22654
22669
22676
22688
22768
22797
22826
22930
22957
23055
23070
23094
23105
23129
23172
23186
23187
23266
23304
23312
23433
23447
23466
23482
23654
23664
23688
23703
23707
23711
23722
23740
23750
23785
23850
23873
24025
24045
24054
24072
24081
24167
24215
24238
24265
24273
24324
24329
24350
24351
24359
24386
24406
24430
24529
24533
24534
24567
24594
24644
24658
24660
24694
24733
24753
24813
24841
24845
24853
24859
24861
24880
24889
24922
24936
24977
24981
24988
25015
25037
25055
25089
25091
25095
25107
25147
25158
25168
25213
25232
25239
25282
25298
25306
25314
25328
25448
25463
25481
25485
25496
25498
25509
25511
25520
25591
25616
25619
25638
25660
25678
25713
25761
25773
25776
25809
25822
25834
25909
25956
25967
25975
25990
26008
26012
26031
26117
26139
26193
26208
26211
26283
26319
26409
26436
26442
26487
26524
26587
26599
26604
26631
26649
26653
26693
26698
26714
26719
26739
26756
26812
26815
26859
26915
26939
26999
27011
27026
27053
27086
27102
27134
27189
27231
27245
27251
27260
27275
27280
27283
27292
27303
27315
27324
27390
27415
27447
27467
27521
27529
27531
27535
27540
27577
27585
27632
27639
27672
27777
27787
27794
27795
27796
27843
27869
27883
27943
27979
28048
28078
28079
28092
28117
28128
28129
28156
28166
28169
28177
28192
28249
28261
28268
28299
28300
28305
28369
28396
28468
28486
28507
28551
28586
28596
28654
28656
28698
28735
28741
28783
28789
28792
28832
28839
28848
28862
28889
28923
28988
29058
29064
29072
29075
29127
29129
29153
29166
29187
29190
29201
29216
29223
29303
29343
29396
29449
29520
29547
29588
29607
29686
29720
29745
29752
29760
29768
29779
29794
29820
29821
29838
29849
29938
29945
29953
29961
29988
30008
30077
30078
30095
30125
30162
30181
30191
30218
30231
30249
30271
30279
30332
30333
30356
30362
30401
30425
30426
30495
30575
30601
30604
30606
30614
30630
30660
30699
30718
30733
30742
30749
30779
30820
30838
30840
30988
31018
31034
31052
31134
31151
31155
31156
31192
31240
31280
31296
31303
31307
31394
31535
31570
31613
31614
31654
31661
31772
31778
31783
31805
32023
32067
32076
32135
32145
32166
32201
32202
32246
32267
32381
32388
32396
32418
32425
32453
32455
32468
32473
32502
32513
32572
32625
32632
32648
32652
32682
32699
32783
32786
32795
32809
32859
32906
32921
32931
33014
33019
33025
33032
33033
33061
33085
33100
33167
33173
33176
33247
33333
33338
33355
33371
33384
33391
33398
33436
33470
33493
33599
33636
33664
33727
33740
33778
33824
33863
33866
33868
33924
33969
33986
34010
34013
34051
34112
34126
34149
34261
34288
34289
34348
34368
34395
34447
34466
34475
34488
34495
34530
34533
34534
34578
34607
34609
34665
34666
34688
34694
34707
34715
34717
34719
34742
34748
34749
34800
34834
34871
34892
34936
34957
34987
35049
35052
35140
35142
35149
35152
35159
35197
35209
35263
35269
35289
35319
35341
35345
35348
35355
35362
35395
35428
35435
35440
35488
35501
35523
35538
35617
35716
35721
35738
35765
35773
35774
35805
35831
35837
35863
35895
35907
35909
35950
36001
36029
36039
36077
36082
36088
36109
36169
36211
36233
36252
36265
36310
36311
36315
36341
36357
36398
36401
36413
36440
36478
36501
36518
36524
36537
36577
36608
36610
36647
36705
36707
36711
36751
36761
36811
36846
36854
36869
36880
36906
36919
36926
36931
36949
36951
36953
37050
37062
37071
37100
37103
37112
37155
37225
37234
37249
37355
37387
37414
37422
37538
37541
37619
37625
37631
37654
37658
37680
37777
37812
37840
37897
37901
37917
37921
37939
38011
38068
38088
38121
38137
38197
38205
38245
38247
38274
38304
38314
38326
38339
38377
38387
38393
38398
38408
38443
38531
38579
38603
38610
38619
38642
38689
38700
38737
38759
38808
38820
38822
38827
38905
38933
38964
38970
38995
39013
39052
39077
39100
39103
39150
39182
39220
39224
39241
39244
39347
39380
39406
39411
39467
39494
39496
39536
39567
39606
39642
39660
39678
39683
39778
39785
39831
39838
39890
39898
39916
39929
39968
39990
39995
-1
