1
123
133
172
212
240
283
314
368
399
426
483
520
530
537
566
595
621
628
665
685
686
721
822
846
876
901
904
921
949
950
958
969
974
979
1027
1031
1060
1111
1117
1165
1204
1205
1211
1225
1232
1244
1273
1279
1288
1330
1331
1436
1454
1470
1515
1546
1570
1620
1652
1658
1694
1709
1720
1724
1772
1794
1818
1866
1888
1953
1954
1957
1964
1989
2009
2014
2033
2085
2145
2186
2198
2204
2223
2323
2337
2348
2389
2396
2409
2424
2449
2450
2542
2547
2661
2683
2689
2711
2715
2749
2760
2788
2843
2846
2883
2911
2943
2959
2977
2979
3054
3057
3113
3115
3220
3260
3284
3290
3309
3343
3410
3478
3533
3586
3642
3681
3694
3699
3702
3720
3738
3763
3789
3792
3793
3831
3861
3865
3880
3895
3933
3943
3952
3959
3961
4031
4049
4051
4059
4061
4108
4185
4189
4215
4221
4245
4310
4328
4348
4354
4358
4361
4363
4368
4424
4431
4468
4522
4661
4672
4715
4812
4930
4946
4986
5011
5030
5043
5076
5077
5080
5123
5142
5248
5300
5320
5332
5342
5357
5378
5442
5446
5451
5496
5519
5530
5555
5592
5610
5621
5677
5682
5694
5750
5764
5828
5863
5867
5878
5891
5908
6071
6114
6128
6137
6154
6164
6177
6181
6184
6193
6194
6221
6247
6283
6284
6323
6362
6417
6431
6438
6441
6571
6612
6651
6661
6688
6832
6863
6873
6876
6896
6913
6965
6976
6992
7007
7009
7084
7090
7091
7166
7176
7213
7236
7266
7313
7320
7336
7403
7410
7414
7432
7451
7467
7530
7567
7584
7602
7618
7620
7649
7698
7711
7759
7795
7796
7803
7819
7832
7921
7928
7937
7995
8149
8160
8251
8259
8280
8283
8316
8331
8347
8389
8390
8426
8445
8467
8486
8519
8525
8550
8555
8590
8617
8620
8636
8711
8778
8806
8825
8863
8896
8928
8935
8959
8982
9015
9089
9096
9134
9150
9151
9155
9175
9213
9239
9246
9267
9328
9375
9383
9385
9401
9431
9461
9471
9480
9499
9532
9566
9571
9582
9681
9696
9713
9789
9809
9810
9816
9828
9871
9878
9913
9917
9925
9932
9938
9951
9996
10002
10016
10172
10213
10251
10260
10272
10295
10322
10388
10433
10437
10462
10469
10470
10482
10540
10542
10567
10612
10634
10649
10737
10757
10813
10853
10887
10914
10926
10930
10932
10957
10993
11005
11075
11077
11124
11137
11204
11222
11237
11308
11318
11319
11371
11390
11401
11404
11448
11477
11481
11482
11527
11529
11582
11603
11673
11676
11683
11718
11738
11744
11752
11755
11788
11805
11811
11836
11854
11871
11898
11907
11927
11941
11992
12004
12014
12017
12037
12039
12060
12083
12113
12121
12133
12155
12165
12174
12185
12188
12217
12278
12282
12283
12311
12385
12390
12408
12441
12471
12526
12533
12581
12597
12628
12644
12691
12727
12729
12750
12818
12902
12917
12931
12939
12981
12982
13000
13006
13025
13033
13110
13115
13137
13145
13175
13190
13242
13258
13310
13330
13341
13457
13466
13480
13495
13509
13515
13521
13526
13536
13543
13561
13604
13625
13645
13658
13666
13674
13786
13810
13840
13858
13877
13909
13912
13949
13995
13997
14005
14011
14012
14146
14213
14248
14252
14259
14322
14325
14332
14345
14350
14354
14362
14386
14468
14486
14537
14576
14703
14730
14795
14834
14872
14876
14884
14893
14927
14934
14961
14995
14997
15007
15023
15051
15087
15132
15133
15165
15173
15201
15230
15256
15283
15358
15415
15424
15446
15479
15513
15531
15549
15552
15583
15584
15588
15625
15631
15638
15650
15657
15671
15678
15718
15725
15732
15754
15766
15768
15775
15791
15800
15817
15830
15846
15855
15874
15882
15884
15913
15976
15981
15998
16012
16053
16094
16102
16184
16232
16242
16302
16326
16348
16375
16393
16413
16440
16479
16520
16594
16661
16666
16678
16738
16762
16791
16793
16830
16839
16861
16878
16895
16902
16987
16988
17029
17064
17066
17076
17099
17188
17303
17322
17330
17337
17380
17419
17455
17500
17516
17518
17523
17524
17529
17531
17580
17591
17621
17643
17686
17698
17709
17716
17807
17824
17882
17910
17918
18033
18043
18044
18123
18137
18149
18155
18190
18201
18203
18217
18224
18238
18248
18276
18297
18334
18368
18385
18402
18477
18501
18509
18522
18547
18569
18612
18625
18637
18656
18706
18720
18764
18802
18938
19049
19086
19108
19143
19145
19156
19224
19243
19289
19318
19339
19395
19430
19463
19563
19597
19601
19643
19645
19648
19702
19715
19721
19730
19847
19878
19893
19901
19925
19946
19947
19948
19990
19994
20032
20049
20069
20073
20082
20090
20095
20117
20139
20161
20213
20239
20317
20383
20390
20391
20406
20438
20493
20536
20540
20566
20578
20608
20636
20644
20666
20669
20683
20689
20704
20718
20732
20755
20812
20817
20819
20856
20896
20901
20911
20918
20937
20938
20945
20962
20980
21004
21020
21056
21062
21099
21139
21148
21178
21201
21274
21346
21357
21370
21382
21447
21450
21476
21504
21517
21533
21546
21575
21595
21620
21689
21713
21715
21753
21771
21798
21823
21828
21838
21848
21877
21899
21983
21988
22027
22035
22069
22071
22076
22081
22103
22129
22171
22182
22192
22203
22239
22245
22250
22279
22338
22361
22368
22391
22401
22421
22427
22451
22470
22478
22495
22517
22526
22548
22583
22602
22614
22622
22645
22692
22697
22765
22771
22813
22826
22841
22855
22937
22977
23000
23047
23050
23063
23074
23103
23137
23139
23140
23160
23161
23185
23223
23254
23266
23321
23331
23338
23392
23423
23484
23493
23500
23525
23543
23570
23573
23575
23583
23588
23601
23614
23615
23629
23664
23668
23776
23799
23830
23849
23853
23863
23899
23941
23944
23959
24086
24140
24193
24204
24306
24342
24401
24418
24432
24455
24461
24462
24545
24557
24559
24564
24614
24636
24639
24684
24730
24735
24775
24776
24783
24915
24949
24982
24983
24987
24991
24999
25017
25069
25135
25161
25167
25232
25302
25333
25340
25382
25405
25407
25410
25429
25459
25472
25483
25486
25527
25528
25538
25568
25581
25585
25593
25603
25643
25668
25690
25764
25784
25791
25851
25908
25946
25989
25994
26054
26078
26087
26121
26166
26178
26179
26186
26190
26221
26317
26387
26433
26434
26448
26533
26540
26541
26596
26617
26644
26659
26683
26705
26713
26738
26772
26801
26812
26865
26954
26971
27010
27015
27022
27060
27089
27107
27114
27126
27160
27212
27216
27234
27270
27288
27296
27298
27307
27358
27365
27382
27446
27502
27508
27511
27604
27641
27642
27756
27766
27779
27849
27860
27869
27902
27904
27933
27987
28002
28049
28073
28096
28114
28191
28212
28221
28243
28247
28252
28260
28341
28355
28361
28396
28398
28429
28456
28524
28536
28589
28610
28624
28658
28672
28703
28749
28764
28794
28829
28849
28874
28875
28882
28884
28892
28925
29060
29077
29190
29200
29215
29219
29231
29248
29255
29332
29341
29343
29346
29348
29352
29400
29403
29443
29476
29487
29491
29494
29517
29520
29589
29611
29633
29635
29647
29650
29675
29700
29706
29724
29732
29757
29768
29771
29777
29797
29835
29840
29892
29925
30020
30064
30110
30115
30143
30168
30179
30226
30231
30241
30244
30305
30319
30343
30346
30383
30425
30437
30491
30526
30558
30561
30655
30658
30686
30691
30697
30737
30754
30755
30805
30815
30829
30839
30853
30856
30883
30890
30920
30955
31003
31041
31063
31082
31094
31162
31175
31200
31211
31239
31258
31272
31337
31429
31452
31500
31568
31581
31646
31655
31701
31805
31812
31818
31882
31924
31929
31935
32012
32027
32136
32148
32151
32153
32190
32195
32210
32222
32246
32251
32318
32320
32335
32374
32380
32406
32434
32443
32479
32482
32520
32541
32564
32574
32589
32614
32649
32707
32753
32778
32811
32830
32853
32883
32896
32922
32933
32944
32985
32987
32993
33040
33078
33161
33189
33208
33214
33339
33352
33421
33479
33492
33533
33564
33602
33635
33677
33713
33752
33756
33779
33789
33791
33818
33822
33871
33881
33895
33910
33912
33926
33943
33966
33969
33978
34043
34069
34078
34116
34132
34153
34156
34164
34175
34185
34216
34252
34319
34329
34369
34371
34397
34409
34418
34435
34460
34521
34525
34555
34580
34588
34594
34639
34666
34738
34787
34799
34819
34845
34856
34892
34925
34987
35017
35033
35055
35089
35169
35188
35243
35283
35340
35353
35405
35439
35442
35443
35464
35498
35544
35554
35573
35588
35604
35644
35661
35703
35718
35828
35873
35916
35934
35980
36050
36053
36059
36074
36078
36119
36138
36169
36183
36218
36223
36236
36248
36313
36333
36358
36379
36380
36443
36491
36536
36542
36591
36597
36629
36634
36653
36654
36667
36711
36759
36828
36843
36885
36892
36894
36936
36959
36967
36971
37023
37042
37094
37111
37116
37125
37132
37142
37148
37157
37175
37181
37199
37337
37345
37355
37402
37483
37515
37526
37536
37563
37567
37578
37602
37612
37638
37692
37740
37768
37855
37860
37897
37908
37918
37990
38000
38012
38206
38210
38215
38226
38244
38253
38269
38316
38346
38370
38388
38397
38416
38422
38441
38450
38476
38491
38499
38512
38550
38570
38635
38644
38651
38688
38704
38763
38783
38808
38816
38824
38862
38920
38943
38960
39006
39018
39026
39032
39047
39117
39127
39136
39147
39151
39158
39186
39191
39267
39336
39339
39390
39396
39434
39438
39488
39492
39498
39501
39565
39577
39583
39662
39717
39746
39783
39798
39852
39917
39923
39954
39975
39982
39992
-1
