0
57
84
89
159
161
171
208
275
322
355
359
366
373
383
388
423
476
528
533
559
578
626
665
683
707
742
752
763
769
782
796
827
836
843
874
896
917
921
958
974
1005
1055
1058
1141
1157
1161
1186
1199
1202
1223
1252
1271
1296
1320
1335
1359
1363
1368
1376
1414
1500
1516
1517
1544
1604
1633
1722
1735
1767
1791
1837
1855
1910
1933
1950
1985
1989
2052
2069
2088
2100
2196
2205
2206
2228
2240
2283
2321
2331
2344
2446
2458
2470
2484
2509
2564
2590
2641
2663
2683
2709
2724
2746
2747
2762
2822
2848
2874
2879
2912
2926
2929
2943
3003
3023
3057
3061
3113
3129
3134
3142
3171
3179
3195
3218
3230
3281
3346
3375
3473
3558
3561
3579
3620
3630
3634
3658
3665
3674
3682
3684
3730
3739
3761
3781
3791
3820
3824
3834
3841
3855
3861
3890
3938
3955
3958
3989
3994
4012
4027
4033
4043
4045
4052
4063
4071
4083
4105
4107
4209
4242
4261
4293
4316
4384
4386
4435
4440
4444
4456
4470
4497
4506
4510
4560
4714
4741
4806
4846
4861
4887
4903
4969
4970
4978
4979
5020
5086
5097
5104
5107
5109
5155
5176
5181
5260
5261
5292
5305
5310
5348
5395
5436
5447
5467
5488
5539
5542
5625
5634
5662
5665
5704
5724
5727
5764
5768
5769
5777
5794
5816
5820
5836
5901
5926
5957
5972
6008
6028
6035
6079
6101
6122
6163
6241
6248
6276
6300
6315
6333
6373
6380
6445
6476
6486
6504
6508
6525
6543
6553
6648
6763
6784
6791
6801
6803
6804
6815
6817
6822
6853
6861
6872
6882
6962
6988
6995
7008
7031
7032
7042
7043
7082
7101
7115
7145
7159
7268
7279
7319
7334
7403
7420
7455
7470
7545
7568
7589
7601
7633
7683
7727
7759
7809
7853
7859
7904
7954
7958
7968
7970
8017
8078
8091
8117
8175
8182
8207
8243
8282
8283
8291
8332
8347
8350
8381
8402
8442
8509
8568
8580
8601
8631
8656
8670
8677
8717
8731
8744
8766
8775
8810
8859
8872
8893
8906
8929
8975
8999
9002
9015
9040
9081
9095
9150
9178
9243
9295
9300
9307
9328
9329
9333
9347
9359
9360
9388
9390
9448
9484
9523
9541
9553
9611
9627
9687
9690
9742
9743
9751
9870
9946
9950
10005
10011
10100
10151
10260
10262
10271
10277
10310
10328
10389
10391
10445
10506
10514
10525
10657
10702
10812
10854
10886
10902
10916
10931
10948
10977
10997
11015
11022
11051
11057
11126
11158
11174
11211
11235
11239
11275
11326
11351
11385
11388
11404
11454
11478
11482
11493
11494
11508
11537
11541
11561
11575
11598
11620
11632
11640
11663
11664
11715
11716
11730
11772
11798
11816
11844
11853
11872
11929
11937
11971
12028
12044
12045
12120
12137
12146
12153
12156
12163
12165
12194
12197
12357
12370
12385
12403
12436
12445
12461
12488
12591
12604
12616
12619
12634
12658
12690
12739
12811
12848
12850
12858
12933
12934
12961
12964
12974
12977
12987
12993
13006
13022
13055
13060
13094
13096
13118
13158
13163
13230
13240
13253
13325
13382
13383
13385
13421
13473
13495
13506
13514
13516
13518
13560
13580
13584
13613
13623
13626
13641
13652
13686
13729
13731
13749
13763
13846
13847
13855
13898
13976
13983
13988
13992
13993
13994
14000
14023
14093
14123
14150
14176
14288
14290
14301
14383
14407
14475
14495
14498
14533
14604
14632
14703
14716
14776
14790
14824
14884
14885
14920
14928
14935
14989
15054
15063
15076
15079
15080
15086
15121
15193
15198
15250
15301
15323
15338
15443
15448
15474
15476
15489
15504
15528
15533
15538
15646
15648
15650
15651
15696
15728
15747
15763
15782
15783
15803
15832
15843
15873
15883
15936
15947
15948
15951
15952
15957
15962
15974
16106
16117
16157
16179
16212
16244
16314
16341
16383
16387
16397
16403
16451
16457
16478
16556
16559
16565
16586
16594
16606
16639
16672
16673
16675
16729
16805
16808
16832
16871
16895
16903
16909
16953
16977
17001
17007
17010
17073
17097
17140
17150
17162
17171
17231
17236
17239
17267
17278
17371
17452
17456
17473
17519
17521
17654
17682
17706
17711
17726
17770
17774
17790
17806
17819
17853
17867
17869
17905
17928
17932
17935
18001
18022
18067
18082
18120
18121
18132
18139
18144
18170
18176
18224
18255
18260
18284
18288
18293
18314
18318
18323
18355
18364
18367
18379
18391
18423
18483
18487
18529
18554
18560
18578
18615
18642
18700
18728
18732
18746
18764
18802
18924
18951
18984
18986
18992
18999
19014
19035
19063
19083
19105
19121
19218
19228
19240
19243
19258
19273
19328
19336
19343
19370
19471
19475
19520
19554
19556
19574
19586
19658
19666
19700
19701
19728
19737
19744
19746
19749
19756
19798
19815
19874
19875
19882
19894
19895
19911
19922
19958
19971
20006
20030
20040
20126
20198
20202
20235
20269
20341
20349
20363
20369
20434
20437
20438
20452
20454
20455
20463
20505
20535
20569
20574
20592
20599
20654
20688
20714
20738
20783
20807
20850
20883
20913
20932
20953
20957
20966
20968
20988
20994
21004
21037
21064
21111
21158
21193
21224
21249
21269
21283
21301
21322
21340
21371
21395
21454
21481
21491
21514
21562
21611
21626
21677
21679
21725
21794
21890
21893
21945
21948
21958
21995
22002
22040
22089
22161
22194
22210
22220
22253
22293
22323
22332
22340
22343
22369
22370
22470
22558
22562
22630
22656
22699
22720
22774
22814
22947
22991
23008
23018
23078
23113
23136
23177
23231
23248
23263
23269
23278
23309
23316
23325
23338
23340
23342
23360
23421
23463
23508
23564
23572
23580
23610
23646
23658
23786
23793
23843
23848
23874
23890
23926
23944
23946
23970
23978
23982
23997
24008
24009
24016
24038
24072
24118
24158
24187
24212
24236
24240
24248
24513
24575
24579
24624
24628
24645
24649
24692
24712
24784
24827
24858
24973
25002
25047
25101
25230
25293
25308
25345
25360
25363
25372
25374
25380
25397
25429
25517
25521
25588
25607
25616
25649
25651
25653
25690
25694
25743
25854
25869
25875
25919
25929
25934
25942
25949
25990
26016
26023
26032
26051
26073
26102
26157
26160
26187
26227
26266
26269
26280
26314
26365
26376
26395
26466
26485
26494
26535
26594
26595
26596
26632
26647
26736
26745
26749
26776
26866
26892
26902
26940
26956
26958
26968
26969
27017
27047
27052
27074
27101
27112
27144
27156
27189
27199
27271
27305
27326
27344
27399
27425
27429
27484
27485
27506
27514
27534
27607
27656
27670
27671
27674
27692
27751
27764
27778
27802
27817
27848
27855
27902
27922
27942
27969
27993
28010
28029
28041
28071
28101
28105
28109
28126
28130
28137
28146
28150
28168
28180
28212
28220
28229
28236
28249
28256
28280
28309
28327
28379
28404
28454
28535
28575
28584
28586
28617
28620
28648
28654
28676
28690
28693
28724
28776
28800
28804
28818
28823
28921
28934
28989
29011
29035
29043
29048
29077
29088
29099
29184
29209
29222
29239
29257
29310
29348
29359
29367
29406
29420
29447
29517
29572
29602
29615
29632
29646
29667
29696
29726
29805
29924
29939
29951
29972
29991
30088
30107
30113
30134
30151
30171
30196
30231
30270
30273
30279
30281
30285
30295
30313
30338
30354
30375
30379
30387
30448
30463
30468
30556
30611
30652
30692
30712
30720
30753
30764
30768
30770
30775
30837
30902
30931
31013
31059
31063
31113
31120
31138
31209
31235
31480
31507
31555
31563
31587
31604
31649
31683
31716
31759
31795
31845
31900
31938
31976
31989
32029
32060
32097
32103
32124
32184
32185
32190
32192
32215
32216
32218
32219
32265
32347
32348
32378
32391
32436
32451
32478
32484
32507
32528
32540
32555
32664
32714
32728
32769
32794
32814
32834
32837
32839
32866
32909
32917
32926
32936
32950
32994
33014
33028
33030
33053
33059
33076
33096
33112
33155
33227
33250
33276
33293
33309
33346
33365
33409
33420
33468
33480
33507
33548
33551
33561
33598
33687
33719
33733
33738
33762
33770
33809
33828
33845
33867
33919
33922
33940
33996
34035
34046
34060
34115
34147
34151
34185
34230
34254
34266
34279
34305
34354
34404
34411
34428
34451
34503
34514
34551
34556
34580
34604
34621
34635
34636
34716
34733
34742
34772
34809
34886
34893
34894
34906
35014
35028
35055
35092
35118
35175
35257
35275
35295
35296
35297
35307
35317
35338
35348
35413
35459
35489
35491
35497
35510
35521
35544
35582
35600
35620
35645
35675
35716
35742
35793
35844
35905
35963
36029
36052
36081
36114
36146
36185
36227
36256
36288
36333
36397
36467
36477
36569
36571
36611
36635
36644
36649
36715
36717
36740
36748
36777
36788
36793
36795
36835
36838
36883
36889
36890
36901
36927
36929
36932
36968
36971
37012
37075
37086
37101
37107
37126
37160
37164
37189
37229
37232
37354
37384
37433
37453
37458
37460
37482
37511
37523
37561
37581
37595
37618
37667
37711
37718
37752
37772
37781
37792
37814
37820
37843
37879
37909
37974
37980
37988
38005
38022
38078
38085
38110
38121
38126
38171
38247
38250
38264
38270
38301
38303
38318
38330
38398
38400
38431
38450
38465
38483
38516
38546
38569
38573
38603
38616
38638
38651
38704
38727
38762
38832
38853
38861
38876
38882
38895
38961
38991
39022
39033
39035
39039
39114
39116
39161
39322
39332
39338
39347
39372
39416
39455
39460
39472
39479
39500
39510
39521
39540
39548
39566
39568
39570
39572
39587
39600
39694
39744
39765
39773
39867
39888
39929
39932
39967
39985
39987
-1
