17
41
76
118
146
269
329
337
349
351
352
362
412
415
444
466
497
564
574
633
651
658
667
700
701
744
856
900
1033
1051
1060
1106
1155
1168
1173
1210
1218
1263
1276
1317
1325
1343
1359
1383
1394
1408
1419
1474
1483
1525
1639
1641
1685
1762
1780
1798
1827
1841
1855
1869
1946
1969
2005
2095
2102
2135
2145
2155
2226
2255
2285
2294
2305
2330
2361
2367
2421
2435
2458
2545
2556
2562
2578
2689
2707
2716
2767
2774
2800
2802
2865
2870
2903
2945
2953
2970
2972
3001
3006
3010
3084
3132
3136
3164
3236
3254
3308
3309
3315
3321
3370
3385
3388
3524
3591
3652
3677
3698
3750
3776
3783
3837
3878
3915
4013
4020
4027
4033
4050
4057
4068
4094
4119
4154
4205
4209
4210
4307
4311
4380
4387
4389
4403
4410
4486
4542
4551
4590
4773
4806
4831
4938
4951
4959
4965
5014
5087
5120
5140
5155
5185
5187
5207
5232
5237
5248
5287
5317
5339
5348
5367
5399
5416
5427
5476
5528
5546
5608
5622
5677
5714
5760
5775
5783
5814
5852
5854
5864
5912
5934
5941
5957
5967
5982
6017
6041
6050
6105
6153
6207
6241
6273
6275
6277
6332
6357
6364
6371
6380
6434
6456
6480
6497
6519
6537
6604
6646
6742
6777
6819
6845
6850
6853
6914
6920
6958
6988
7026
7035
7083
7085
7105
7161
7162
7172
7200
7208
7220
7307
7314
7318
7362
7383
7399
7415
7464
7477
7480
7494
7502
7503
7516
7527
7543
7555
7644
7646
7694
7719
7814
7877
7884
7926
7941
7993
8024
8041
8066
8110
8172
8210
8226
8233
8242
8245
8278
8292
8325
8332
8345
8349
8352
8356
8388
8444
8451
8513
8526
8532
8552
8570
8582
8594
8595
8598
8617
8633
8650
8657
8668
8699
8721
8724
8730
8734
8740
8748
8752
8774
8805
8812
8818
8827
8857
8948
8952
8989
8990
9016
9053
9070
9079
9111
9117
9128
9140
9151
9164
9198
9210
9213
9242
9279
9288
9312
9329
9336
9337
9360
9378
9393
9394
9398
9399
9414
9433
9449
9554
9564
9570
9576
9597
9632
9638
9694
9706
9746
9767
9845
9851
9854
9861
9902
9950
10039
10046
10064
10094
10110
10120
10142
10147
10223
10258
10329
10346
10354
10355
10358
10361
10379
10415
10423
10437
10442
10444
10457
10473
10501
10555
10592
10729
10744
10752
10798
10844
10921
10941
11001
11004
11006
11012
11026
11066
11072
11129
11179
11180
11188
11230
11263
11275
11316
11345
11381
11492
11551
11567
11575
11581
11611
11620
11654
11670
11676
11716
11724
11739
11750
11848
11851
11863
11891
11991
12031
12044
12049
12087
12093
12106
12115
12134
12138
12159
12177
12186
12200
12257
12262
12294
12367
12443
12450
12461
12557
12600
12620
12643
12652
12660
12708
12721
12743
12746
12790
12815
12830
12859
12860
12868
12930
12941
13003
13030
13040
13044
13052
13073
13089
13134
13142
13149
13168
13198
13201
13204
13214
13250
13298
13310
13345
13347
13354
13375
13388
13402
13455
13486
13531
13585
13589
13593
13601
13654
13670
13700
13714
13755
13769
13779
13924
13926
13944
13990
13998
14087
14090
14098
14124
14126
14139
14141
14157
14158
14181
14188
14190
14191
14192
14237
14243
14287
14289
14308
14309
14314
14320
14335
14353
14391
14403
14438
14499
14548
14555
14586
14698
14704
14718
14727
14761
14783
14790
14809
14838
14889
14900
14925
14944
14950
14964
14970
14988
15004
15026
15028
15062
15068
15091
15252
15261
15281
15283
15308
15309
15327
15341
15354
15355
15359
15360
15377
15394
15476
15525
15539
15557
15583
15625
15661
15663
15665
15673
15678
15686
15691
15696
15719
15722
15747
15801
15833
15840
15846
15875
15901
15911
15923
15930
15941
15966
15977
15985
16015
16024
16108
16114
16146
16154
16160
16178
16180
16209
16237
16298
16306
16307
16363
16402
16408
16427
16457
16500
16588
16607
16618
16655
16660
16692
16696
16715
16777
16786
16819
16836
16846
16851
16891
16893
16910
16926
17016
17061
17074
17228
17271
17300
17304
17312
17325
17364
17365
17367
17412
17472
17506
17520
17523
17528
17565
17573
17601
17606
17621
17646
17651
17661
17673
17708
17755
17787
17814
17829
17867
17924
17929
17962
17979
18003
18010
18072
18081
18133
18134
18138
18181
18199
18202
18226
18240
18270
18363
18373
18396
18407
18408
18411
18417
18430
18435
18448
18468
18494
18496
18569
18578
18582
18597
18618
18619
18653
18724
18735
18738
18820
18857
18859
18868
18878
18917
18933
18945
18962
18966
19019
19021
19032
19061
19126
19144
19191
19217
19265
19266
19275
19339
19523
19554
19566
19579
19603
19639
19684
19702
19708
19777
19810
19826
19913
19917
19919
19935
19955
19959
20003
20015
20017
20021
20023
20030
20075
20125
20129
20134
20137
20203
20251
20259
20286
20338
20382
20392
20397
20406
20411
20423
20448
20463
20466
20467
20501
20516
20526
20607
20611
20630
20706
20721
20805
20816
20821
20839
20857
20880
20890
20945
20948
20979
21053
21075
21103
21108
21133
21146
21173
21176
21263
21266
21318
21329
21386
21416
21443
21483
21490
21491
21523
21526
21531
21535
21552
21563
21567
21596
21636
21638
21654
21706
21735
21744
21805
21846
21858
21863
21864
21875
21911
21969
21972
21981
22007
22129
22135
22139
22141
22225
22237
22241
22273
22281
22330
22400
22409
22421
22430
22475
22482
22500
22544
22559
22580
22684
22706
22719
22742
22808
22873
22923
22976
23019
23034
23090
23146
23178
23180
23181
23194
23247
23302
23315
23321
23345
23358
23359
23401
23435
23451
23480
23483
23530
23593
23605
23632
23633
23661
23683
23709
23715
23754
23780
23795
23797
23844
23883
23918
23947
23956
23967
24030
24057
24060
24065
24102
24107
24119
24123
24208
24238
24296
24333
24404
24410
24501
24565
24629
24659
24697
24727
24732
24806
24821
24832
24918
24928
24944
24948
24970
24981
24986
25002
25006
25079
25107
25119
25120
25144
25232
25241
25260
25295
25320
25332
25377
25400
25429
25454
25469
25470
25519
25531
25554
25625
25626
25639
25823
25846
25945
25953
25976
26005
26029
26041
26074
26118
26121
26129
26137
26196
26220
26233
26262
26266
26335
26367
26368
26384
26422
26430
26456
26524
26583
26594
26677
26681
26702
26726
26743
26744
26772
26791
26811
26874
26879
26889
26892
26919
26927
26975
26978
26983
27012
27048
27057
27067
27084
27093
27112
27143
27171
27181
27262
27326
27345
27348
27390
27429
27439
27462
27510
27540
27574
27579
27627
27643
27660
27695
27725
27732
27743
27744
27768
27795
27823
27836
27884
27969
27985
28024
28032
28035
28046
28047
28101
28113
28149
28167
28187
28195
28206
28226
28230
28237
28259
28272
28333
28337
28376
28384
28404
28407
28418
28455
28526
28554
28560
28580
28590
28646
28663
28716
28734
28769
28779
28833
28838
28884
28891
28932
29043
29083
29100
29103
29113
29144
29180
29184
29206
29210
29211
29226
29230
29242
29268
29329
29334
29462
29505
29509
29543
29546
29563
29607
29613
29623
29649
29655
29667
29700
29712
29727
29760
29764
29773
29788
29799
29832
29861
29876
29912
29928
29940
29952
29981
29996
30000
30018
30031
30066
30108
30139
30158
30172
30186
30200
30234
30238
30298
30335
30362
30414
30421
30430
30439
30446
30478
30482
30492
30524
30527
30532
30535
30561
30579
30615
30633
30638
30662
30697
30698
30704
30745
30757
30774
30790
30791
30805
30852
30877
30907
30914
30931
30955
30974
30976
31055
31071
31080
31081
31089
31095
31096
31102
31118
31146
31148
31152
31287
31303
31335
31397
31439
31549
31623
31651
31654
31712
31716
31848
31852
31863
31866
31870
31900
32012
32018
32055
32089
32175
32229
32331
32339
32373
32461
32474
32507
32535
32540
32582
32652
32657
32671
32735
32780
32866
32886
32981
33003
33049
33075
33146
33154
33212
33243
33274
33330
33334
33395
33418
33423
33490
33533
33557
33575
33597
33722
33772
33773
33784
33799
33809
33826
33844
33916
33967
33979
34013
34020
34029
34093
34099
34120
34136
34152
34155
34156
34164
34196
34228
34237
34238
34246
34279
34341
34410
34431
34435
34472
34478
34479
34503
34657
34664
34723
34734
34740
34749
34751
34822
34851
34874
34883
34903
34954
34972
35001
35027
35052
35086
35096
35122
35145
35184
35214
35216
35276
35302
35364
35369
35450
35453
35454
35490
35503
35508
35522
35583
35630
35637
35691
35704
35727
35736
35750
35829
35873
35885
35892
35909
35918
35942
36026
36046
36102
36121
36163
36164
36186
36218
36219
36230
36235
36256
36272
36293
36387
36413
36504
36510
36514
36543
36545
36574
36617
36626
36683
36726
36742
36764
36769
36828
36830
36864
36869
36875
36895
36896
36915
36943
36999
37010
37016
37035
37062
37066
37123
37131
37146
37152
37177
37230
37297
37361
37374
37375
37378
37402
37413
37414
37460
37465
37565
37630
37637
37657
37683
37693
37695
37711
37738
37757
37797
37822
37831
37877
37898
37914
37942
37979
37982
38003
38018
38054
38072
38112
38155
38160
38175
38204
38206
38209
38243
38278
38390
38392
38446
38459
38469
38471
38478
38479
38566
38569
38603
38691
38716
38725
38751
38756
38796
38806
38822
38864
38915
38918
38981
38982
38992
39004
39022
39042
39047
39157
39158
39259
39349
39355
39359
39360
39373
39385
39420
39423
39464
39477
39494
39506
39581
39642
39714
39741
39770
39787
39806
39809
39865
39880
39902
39930
39951
39958
-1
