17
23
92
109
279
289
293
295
317
356
427
488
505
509
580
597
639
648
771
793
823
828
838
882
919
1045
1058
1085
1149
1191
1204
1282
1312
1314
1354
1386
1491
1518
1565
1632
1668
1679
1682
1788
1887
1971
2005
2025
2042
2051
2063
2187
2195
2231
2244
2305
2314
2327
2339
2344
2354
2362
2365
2382
2400
2404
2421
2456
2521
2525
2529
2541
2547
2568
2601
2618
2680
2685
2699
2705
2754
2771
2786
2815
2844
2845
2850
2900
2941
2957
2960
2980
3014
3061
3101
3114
3140
3151
3181
3185
3253
3363
3389
3415
3421
3432
3433
3448
3449
3453
3528
3537
3542
3560
3570
3615
3623
3636
3637
3673
3714
3721
3728
3732
3735
3747
3856
3906
3988
3998
4065
4150
4195
4293
4335
4336
4342
4394
4395
4442
4457
4466
4469
4582
4624
4685
4702
4749
4777
4792
4805
4810
4833
4857
4902
4953
5009
5036
5052
5058
5089
5110
5143
5155
5188
5224
5241
5245
5256
5348
5350
5368
5462
5485
5515
5533
5534
5552
5579
5608
5730
5772
5800
5834
5839
5877
5895
5901
5923
5931
5933
5982
5986
6114
6184
6210
6233
6253
6292
6332
6335
6426
6463
6470
6526
6543
6561
6604
6639
6656
6660
6669
6694
6704
6720
6724
6738
6751
6783
6830
6976
6994
6996
7029
7033
7066
7067
7101
7138
7164
7177
7201
7213
7245
7310
7314
7318
7321
7356
7367
7406
7427
7449
7469
7495
7498
7510
7519
7534
7545
7563
7568
7576
7583
7655
7675
7702
7714
7741
7744
7792
7808
7827
7839
7859
7893
7899
7968
7987
8026
8031
8078
8085
8142
8144
8146
8166
8178
8233
8242
8270
8308
8326
8341
8447
8455
8510
8521
8533
8537
8548
8601
8615
8628
8646
8659
8697
8731
8790
8799
8805
8813
8817
8837
8859
8942
8976
8998
9017
9018
9034
9045
9074
9122
9155
9167
9180
9184
9231
9232
9235
9237
9316
9321
9383
9404
9448
9504
9527
9543
9547
9571
9618
9628
9634
9640
9650
9687
9688
9694
9723
9731
9763
9782
9797
9808
9893
9925
9945
9961
9964
10012
10053
10107
10112
10124
10132
10185
10206
10226
10227
10250
10251
10260
10278
10282
10314
10321
10324
10341
10360
10361
10386
10422
10440
10496
10498
10512
10540
10580
10588
10673
10678
10700
10707
10715
10760
10776
10786
10810
10829
10907
10910
10940
10950
10959
10993
11034
11038
11051
11108
11126
11142
11186
11215
11228
11230
11247
11283
11294
11305
11393
11396
11412
11418
11428
11436
11458
11489
11520
11526
11617
11640
11654
11676
11702
11714
11740
11750
11801
11866
11889
11890
11893
11930
11981
12078
12079
12091
12145
12202
12209
12244
12258
12292
12341
12363
12368
12369
12377
12404
12415
12425
12459
12482
12553
12565
12636
12640
12653
12701
12727
12732
12749
12758
12762
12768
12826
12849
12870
12909
13016
13057
13069
13079
13094
13101
13108
13110
13117
13118
13203
13258
13267
13293
13408
13409
13426
13431
13447
13452
13612
13629
13643
13660
13679
13763
13786
13834
13862
13871
13877
13904
13906
13913
13935
13946
13965
13972
13973
13975
14029
14081
14175
14183
14224
14226
14239
14257
14296
14302
14338
14355
14368
14369
14384
14396
14434
14450
14536
14540
14626
14627
14668
14674
14729
14815
14816
14839
14842
14867
14885
14912
14913
14932
14947
14970
15065
15077
15096
15102
15109
15112
15142
15184
15195
15211
15220
15233
15254
15280
15298
15309
15314
15329
15402
15457
15468
15504
15507
15533
15538
15551
15665
15675
15686
15697
15699
15754
15801
15803
15883
15906
15925
15941
15965
15966
15968
15990
16027
16037
16044
16157
16189
16208
16237
16275
16322
16368
16372
16373
16387
16409
16410
16418
16423
16471
16494
16496
16497
16540
16544
16560
16584
16662
16721
16845
16855
16878
16879
16882
16889
16915
16917
16926
16929
16989
17024
17035
17042
17052
17080
17201
17202
17270
17276
17287
17302
17324
17343
17362
17367
17375
17381
17438
17456
17476
17484
17511
17537
17591
17610
17651
17670
17678
17699
17709
17769
17794
17800
17865
17871
17907
17910
17950
17976
17981
18054
18057
18108
18125
18144
18158
18184
18211
18222
18262
18300
18378
18407
18422
18424
18429
18438
18449
18519
18533
18537
18546
18553
18569
18575
18576
18636
18642
18677
18707
18728
18745
18762
18862
18907
18934
18939
18952
19003
19024
19065
19084
19130
19200
19214
19240
19278
19298
19300
19318
19328
19330
19358
19360
19438
19443
19508
19528
19546
19554
19559
19572
19591
19601
19611
19615
19630
19674
19678
19689
19780
19822
19858
19876
19974
20010
20039
20040
20139
20144
20202
20206
20239
20316
20325
20331
20382
20457
20479
20501
20516
20518
20521
20555
20588
20613
20616
20651
20672
20673
20680
20718
20728
20743
20761
20777
20792
20803
20819
20859
20887
20898
20904
20912
20923
20929
20940
21085
21145
21166
21208
21236
21241
21268
21280
21327
21395
21483
21502
21601
21608
21657
21674
21698
21738
21740
21746
21771
21772
21783
21814
21890
22005
22031
22089
22111
22134
22144
22158
22163
22169
22176
22187
22194
22204
22217
22303
22336
22342
22349
22399
22409
22416
22463
22477
22496
22512
22515
22517
22553
22615
22634
22660
22695
22712
22747
22756
22817
22825
22828
22863
22866
22876
22907
22933
22992
23004
23035
23055
23058
23161
23162
23226
23260
23273
23285
23299
23302
23332
23333
23387
23390
23419
23473
23491
23511
23512
23517
23537
23573
23586
23608
23619
23625
23632
23642
23647
23651
23661
23678
23688
23738
23762
23776
23829
23857
23962
23977
23993
24030
24039
24040
24042
24049
24059
24101
24105
24118
24138
24231
24236
24295
24342
24359
24386
24423
24435
24457
24461
24495
24499
24560
24563
24570
24627
24645
24735
24756
24772
24788
24810
24834
24856
24860
24890
24944
24985
24997
24998
25066
25084
25164
25165
25242
25290
25291
25308
25323
25325
25331
25339
25340
25344
25348
25387
25405
25421
25432
25498
25554
25570
25606
25624
25645
25653
25682
25691
25748
25808
25810
25822
25867
25871
25894
25911
25960
26067
26081
26094
26146
26235
26243
26301
26307
26317
26397
26409
26419
26453
26498
26504
26521
26549
26616
26624
26634
26635
26646
26718
26763
26765
26777
26779
26781
26796
26808
26823
26828
26850
26891
26894
26907
26933
26945
26985
27003
27017
27042
27058
27078
27085
27096
27113
27125
27154
27168
27180
27201
27234
27238
27246
27262
27300
27302
27322
27324
27557
27568
27572
27592
27595
27599
27656
27706
27708
27712
27772
27825
27843
27881
27939
27962
27979
27982
28023
28061
28125
28137
28155
28161
28175
28202
28226
28278
28331
28376
28385
28399
28423
28447
28519
28581
28591
28611
28624
28625
28644
28647
28667
28728
28734
28834
28893
28896
28906
28913
28928
28935
28945
28956
28979
29064
29071
29076
29094
29101
29127
29135
29138
29241
29268
29315
29362
29373
29374
29428
29445
29496
29503
29562
29578
29594
29602
29606
29695
29738
29758
29777
29779
29782
29799
29857
29868
29904
29977
30001
30082
30133
30147
30149
30157
30221
30261
30274
30336
30404
30426
30510
30525
30528
30569
30613
30625
30695
30742
30781
30785
30840
30859
30863
30870
30891
30950
30986
31004
31010
31139
31208
31217
31223
31226
31227
31312
31320
31331
31393
31397
31411
31420
31438
31440
31465
31474
31478
31479
31488
31600
31620
31680
31724
31740
31750
31879
31915
31920
31937
31951
31961
31971
31973
32021
32043
32068
32078
32100
32126
32132
32161
32194
32199
32225
32247
32274
32275
32294
32301
32307
32323
32350
32457
32465
32469
32483
32496
32524
32555
32600
32657
32764
32771
32781
32783
32792
32793
32815
32820
32839
32861
32873
32924
32940
32956
32964
33001
33046
33049
33066
33098
33120
33177
33193
33198
33215
33218
33260
33276
33312
33325
33341
33356
33359
33420
33426
33437
33528
33633
33645
33670
33701
33705
33725
33828
33836
33841
33926
33930
33939
33961
33995
34019
34023
34048
34049
34060
34106
34115
34125
34126
34137
34141
34142
34146
34149
34153
34172
34196
34218
34221
34231
34314
34326
34337
34341
34343
34355
34430
34459
34513
34518
34550
34556
34587
34604
34652
34698
34704
34750
34822
34836
34840
34938
35015
35023
35049
35056
35058
35094
35128
35149
35150
35178
35182
35188
35191
35214
35247
35252
35274
35336
35346
35361
35366
35380
35384
35466
35475
35541
35553
35588
35673
35761
35777
35804
35807
35811
35886
35914
35943
35946
35998
36018
36024
36053
36084
36099
36126
36135
36164
36167
36203
36227
36257
36347
36350
36440
36458
36461
36462
36498
36528
36566
36567
36608
36633
36678
36699
36706
36723
36740
36751
36753
36795
36831
36864
36897
36909
36933
36934
36937
36950
36994
37006
37039
37092
37093
37146
37163
37174
37207
37213
37298
37361
37399
37432
37435
37444
37469
37474
37532
37577
37639
37674
37728
37742
37755
37778
37806
37848
37863
37865
37909
37922
37943
37973
37975
37978
38018
38050
38098
38116
38123
38140
38150
38188
38198
38210
38214
38217
38245
38255
38296
38338
38345
38365
38429
38439
38445
38455
38470
38539
38546
38548
38558
38570
38578
38593
38595
38623
38687
38773
38787
38857
38862
38884
38913
38921
38962
39026
39073
39075
39104
39112
39156
39161
39191
39220
39235
39238
39346
39364
39378
39393
39395
39409
39425
39470
39477
39500
39567
39572
39584
39685
39735
39742
39752
39768
39769
39787
39866
39876
39897
39919
39995
-1
