14
20
67
74
77
78
116
130
145
161
180
267
296
325
379
384
414
418
421
448
474
479
491
516
601
648
712
714
722
724
781
824
836
839
861
907
925
929
930
947
994
995
1008
1055
1067
1102
1110
1122
1169
1193
1211
1239
1241
1256
1265
1268
1315
1353
1380
1417
1446
1460
1488
1492
1507
1509
1523
1543
1546
1565
1575
1602
1661
1677
1684
1707
1735
1792
1806
1807
1832
1844
1893
1896
1925
1941
1949
2000
2008
2064
2081
2135
2160
2241
2314
2365
2449
2582
2632
2651
2653
2686
2689
2708
2802
2831
2837
2878
2908
2936
2975
3010
3014
3025
3026
3038
3066
3082
3098
3158
3190
3214
3216
3239
3243
3263
3277
3279
3308
3326
3352
3355
3447
3458
3499
3543
3555
3582
3584
3636
3656
3658
3702
3718
3730
3739
3746
3748
3816
3819
3855
3927
3929
3932
3961
3968
4045
4060
4125
4153
4163
4175
4236
4290
4315
4378
4389
4400
4403
4425
4442
4490
4516
4558
4585
4586
4610
4615
4678
4679
4748
4750
4813
4878
4911
4991
5089
5117
5130
5148
5157
5188
5215
5219
5243
5244
5249
5263
5275
5301
5311
5314
5316
5319
5375
5415
5457
5465
5487
5515
5523
5528
5572
5602
5655
5676
5703
5771
5781
5844
5849
5897
5906
5938
5946
5967
5971
5996
6017
6028
6060
6072
6087
6092
6103
6141
6160
6165
6168
6176
6208
6338
6341
6350
6372
6375
6423
6436
6489
6540
6553
6562
6587
6602
6640
6657
6679
6715
6754
6775
6946
6952
6960
7006
7038
7071
7079
7098
7107
7160
7199
7222
7226
7267
7284
7300
7316
7336
7349
7350
7366
7422
7426
7438
7491
7492
7518
7565
7595
7596
7661
7677
7683
7691
7716
7744
7765
7833
7847
7854
7919
7926
7951
7987
8039
8091
8153
8161
8166
8184
8230
8242
8285
8293
8316
8317
8320
8383
8411
8453
8495
8604
8610
8646
8658
8675
8689
8693
8696
8736
8748
8761
8795
8818
8860
8866
8871
8899
8900
8936
8939
8971
9061
9063
9066
9089
9111
9172
9233
9246
9257
9299
9367
9380
9386
9443
9445
9469
9497
9503
9543
9568
9569
9584
9601
9613
9629
9630
9643
9649
9658
9662
9701
9727
9740
9743
9761
9767
9774
9816
9824
9842
9847
9853
9913
9917
9919
9930
9948
10105
10145
10191
10222
10277
10309
10343
10358
10361
10375
10416
10419
10426
10441
10444
10480
10547
10568
10574
10580
10597
10623
10696
10708
10761
10772
10788
10795
10812
10846
10858
10884
10906
10935
10943
10968
10979
10990
11047
11074
11091
11184
11217
11228
11282
11300
11347
11378
11397
11399
11404
11418
11443
11496
11514
11524
11576
11612
11626
11642
11660
11669
11685
11689
11704
11714
11731
11769
11779
11784
11785
11801
11827
11845
11875
11911
11916
11992
11998
12007
12008
12016
12106
12127
12133
12179
12187
12251
12287
12288
12330
12391
12467
12471
12477
12482
12487
12508
12572
12582
12652
12674
12701
12759
12772
12794
12817
12834
12842
12858
12864
12876
12877
12904
12930
12997
13011
13033
13038
13067
13171
13191
13213
13282
13306
13314
13335
13342
13352
13382
13422
13428
13430
13507
13578
13586
13679
13698
13703
13705
13719
13735
13772
13781
13851
13909
13916
13961
13977
13981
13983
14028
14116
14190
14215
14228
14231
14256
14291
14337
14393
14450
14453
14460
14463
14466
14481
14487
14500
14521
14539
14600
14606
14612
14630
14640
14647
14751
14813
14827
14830
14834
14848
14870
15041
15054
15065
15081
15086
15100
15115
15124
15220
15235
15237
15244
15259
15308
15337
15357
15367
15382
15383
15451
15468
15510
15514
15550
15551
15557
15614
15627
15660
15722
15740
15747
15753
15767
15778
15850
15856
15872
15887
15905
15907
15910
15916
15917
15937
15992
16019
16045
16059
16129
16186
16187
16194
16230
16232
16240
16302
16315
16322
16331
16344
16388
16390
16393
16396
16409
16413
16427
16438
16439
16448
16473
16493
16521
16542
16549
16654
16681
16699
16705
16718
16739
16778
16788
16836
16864
16872
16899
16921
16954
17042
17071
17072
17098
17103
17114
17123
17129
17147
17174
17197
17198
17252
17256
17269
17272
17286
17310
17367
17369
17385
17431
17462
17473
17481
17547
17616
17636
17639
17640
17641
17646
17677
17716
17845
17866
17869
17884
17903
17927
17989
17997
18019
18053
18085
18138
18165
18189
18201
18210
18268
18277
18318
18355
18366
18368
18400
18434
18438
18501
18540
18586
18620
18665
18703
18798
18814
18816
18827
18874
18887
18941
18945
18960
18988
19081
19181
19183
19215
19223
19239
19242
19266
19289
19337
19362
19388
19421
19432
19477
19496
19512
19570
19589
19634
19761
19834
19837
19860
19909
19946
19963
20008
20012
20030
20031
20039
20048
20057
20086
20112
20122
20147
20181
20229
20249
20261
20274
20327
20334
20338
20370
20374
20448
20524
20528
20607
20613
20634
20663
20687
20715
20729
20730
20888
20920
20921
20926
20941
20943
20977
20989
20993
21008
21043
21074
21083
21104
21118
21160
21175
21195
21216
21224
21275
21302
21312
21315
21341
21420
21445
21468
21477
21493
21506
21529
21556
21585
21593
21796
21801
21814
21815
21871
21927
22002
22012
22042
22075
22095
22139
22195
22199
22208
22210
22230
22265
22271
22301
22343
22466
22469
22487
22491
22498
22548
22556
22578
22580
22589
22608
22619
22633
22730
22739
22763
22810
22833
22860
22886
22889
22898
22931
22998
23016
23026
23072
23076
23124
23181
23282
23373
23409
23419
23434
23457
23488
23498
23506
23509
23530
23535
23544
23740
23749
23768
23792
23853
23948
24036
24074
24080
24083
24126
24166
24195
24212
24262
24273
24286
24319
24324
24340
24352
24368
24396
24459
24467
24503
24508
24526
24548
24574
24575
24586
24609
24631
24646
24657
24658
24724
24726
24738
24762
24768
24776
24799
24818
24835
24904
24919
24932
24942
24962
25041
25049
25092
25157
25165
25214
25265
25304
25337
25352
25382
25400
25416
25524
25546
25551
25568
25569
25593
25685
25689
25726
25758
25770
25878
25883
25898
25931
25941
25947
25962
25963
25994
26013
26060
26062
26095
26105
26148
26195
26201
26220
26234
26248
26301
26307
26308
26366
26371
26372
26458
26527
26554
26597
26665
26673
26686
26741
26774
26832
26850
26908
26958
26972
27000
27027
27082
27135
27244
27247
27254
27281
27295
27296
27300
27351
27373
27374
27381
27396
27397
27427
27454
27473
27556
27585
27614
27628
27648
27683
27730
27767
27790
27828
27833
27876
27914
27917
27923
27974
27985
28008
28023
28041
28073
28132
28171
28207
28212
28227
28277
28300
28340
28341
28383
28407
28432
28457
28530
28537
28604
28619
28643
28666
28679
28686
28693
28740
28805
28861
28865
28893
28895
28914
28926
28939
28941
28951
28965
29034
29045
29054
29113
29121
29170
29212
29249
29285
29288
29290
29296
29303
29323
29340
29358
29359
29418
29459
29474
29490
29495
29556
29563
29597
29605
29625
29646
29659
29681
29710
29773
29823
29829
29847
29872
29875
29914
29935
29936
29981
29988
30007
30097
30114
30179
30186
30203
30265
30277
30316
30318
30337
30364
30378
30379
30387
30428
30431
30463
30469
30512
30553
30558
30570
30574
30592
30593
30693
30695
30705
30731
30791
30833
30878
30896
30926
30951
30963
31011
31015
31056
31057
31058
31100
31104
31134
31184
31192
31226
31249
31290
31292
31300
31385
31386
31401
31404
31423
31424
31448
31493
31495
31505
31516
31599
31618
31745
31866
31880
31897
31924
31966
31997
32025
32044
32047
32081
32103
32108
32145
32206
32237
32258
32275
32279
32311
32315
32329
32424
32429
32443
32484
32487
32599
32602
32683
32691
32798
32810
32869
32971
32978
33015
33055
33113
33127
33136
33153
33166
33167
33189
33209
33210
33265
33271
33348
33350
33355
33389
33418
33430
33452
33470
33500
33566
33582
33604
33622
33628
33637
33667
33708
33716
33732
33733
33748
33763
33816
33830
33849
33852
33874
33929
33938
33963
33983
34001
34013
34016
34025
34030
34168
34176
34191
34238
34270
34275
34328
34358
34362
34411
34448
34466
34477
34531
34538
34629
34635
34667
34703
34710
34711
34723
34756
34947
34983
35023
35030
35199
35211
35231
35253
35262
35281
35288
35297
35308
35339
35361
35365
35396
35408
35430
35509
35521
35526
35565
35604
35689
35715
35719
35724
35825
35826
35848
35853
35859
35869
35875
35903
35946
35968
35997
36002
36014
36021
36028
36060
36073
36131
36192
36266
36297
36301
36355
36356
36357
36412
36425
36477
36495
36500
36510
36540
36551
36564
36575
36606
36629
36670
36707
36769
36873
36918
36931
36988
37028
37085
37108
37115
37154
37198
37204
37265
37278
37287
37294
37296
37303
37304
37327
37328
37378
37417
37460
37466
37485
37534
37535
37564
37602
37603
37605
37614
37632
37649
37658
37687
37694
37773
37815
37833
37843
37853
37884
37886
37903
37918
37920
37932
37974
37985
37988
37996
38015
38042
38092
38114
38141
38159
38202
38210
38285
38307
38311
38380
38426
38430
38431
38437
38443
38450
38484
38487
38516
38549
38564
38610
38621
38664
38677
38685
38692
38773
38793
38809
38834
38874
38897
38917
39000
39030
39039
39045
39049
39080
39199
39277
39284
39299
39312
39335
39374
39414
39483
39520
39525
39540
39551
39564
39646
39651
39710
39747
39753
39758
39761
39773
39786
39795
39799
39859
39864
39868
39877
39880
39922
39954
39969
39982
39984
39992
39999
-1
