19
49
54
111
115
135
152
171
227
233
263
280
312
328
346
366
400
403
465
476
527
566
589
591
601
657
693
712
735
778
801
811
818
840
950
1009
1024
1101
1113
1123
1233
1242
1275
1292
1300
1341
1381
1394
1422
1443
1460
1486
1525
1574
1621
1650
1651
1710
1711
1714
1740
1792
1816
1859
1861
1863
1873
1884
1925
1947
1968
1984
2048
2062
2065
2162
2170
2214
2222
2237
2242
2245
2253
2324
2343
2357
2387
2415
2455
2471
2513
2530
2531
2544
2579
2602
2610
2626
2630
2638
2643
2680
2693
2697
2711
2712
2714
2721
2783
2800
2810
2843
2866
2874
2875
2880
2884
2896
3146
3223
3237
3265
3288
3292
3322
3352
3377
3391
3404
3416
3443
3453
3467
3503
3599
3612
3654
3658
3670
3676
3683
3690
3694
3784
3789
3792
3840
3846
3858
3885
3975
3979
4004
4014
4024
4033
4054
4080
4093
4126
4160
4212
4214
4231
4279
4281
4331
4335
4345
4400
4423
4466
4473
4506
4570
4613
4638
4656
4670
4682
4709
4730
4742
4747
4754
4775
4804
4815
4879
5006
5054
5064
5104
5122
5136
5151
5170
5181
5256
5267
5278
5324
5326
5359
5371
5386
5396
5427
5477
5496
5556
5559
5572
5583
5604
5607
5620
5626
5684
5686
5725
5736
5840
5864
5971
5981
6001
6018
6058
6072
6102
6122
6138
6184
6194
6314
6347
6432
6434
6457
6467
6479
6487
6527
6548
6553
6581
6604
6625
6643
6731
6739
6740
6753
6803
6842
6857
6863
6870
6879
6887
6899
6921
6936
6962
6994
7011
7024
7080
7104
7112
7198
7210
7225
7345
7360
7364
7379
7488
7507
7538
7557
7561
7611
7633
7644
7694
7698
7699
7701
7711
7739
7766
7768
7867
7882
7909
7940
7959
7991
8046
8051
8053
8110
8150
8151
8179
8264
8279
8313
8412
8413
8424
8427
8447
8453
8454
8462
8472
8492
8495
8550
8654
8657
8658
8672
8682
8712
8742
8748
8774
8800
8802
8841
8848
8867
8924
8938
8973
8998
9003
9113
9156
9169
9197
9232
9248
9273
9351
9369
9383
9388
9464
9472
9485
9486
9505
9562
9587
9594
9618
9643
9685
9708
9725
9755
9771
9781
9815
9816
9912
9967
9972
9995
10051
10080
10097
10117
10160
10173
10219
10226
10235
10255
10278
10417
10419
10431
10448
10474
10493
10550
10555
10562
10585
10592
10655
10714
10721
10776
10785
10801
10819
10820
10854
10885
10891
10918
10973
11018
11028
11050
11074
11094
11235
11258
11265
11327
11400
11431
11436
11437
11471
11513
11517
11529
11588
11673
11693
11753
11763
11772
11791
11796
11797
11831
11843
11852
11856
11873
11884
11886
11920
11969
11979
11996
12018
12022
12024
12067
12097
12128
12137
12181
12330
12409
12410
12418
12436
12446
12451
12456
12461
12462
12492
12510
12521
12535
12537
12560
12577
12584
12606
12687
12689
12724
12736
12749
12758
12775
12801
12806
12865
12879
12883
12917
12941
12943
12961
12979
13010
13027
13043
13044
13049
13087
13131
13182
13243
13273
13286
13297
13324
13336
13367
13410
13427
13445
13466
13480
13506
13519
13529
13616
13628
13658
13672
13691
13717
13719
13726
13754
13782
13826
13827
13871
13888
13903
13922
13963
14030
14065
14098
14123
14209
14230
14241
14267
14269
14281
14298
14312
14365
14368
14372
14405
14414
14457
14461
14463
14504
14649
14652
14657
14662
14711
14735
14799
14824
14839
14841
14870
14887
14891
14909
14914
14955
14964
14989
15031
15046
15144
15170
15171
15229
15246
15273
15363
15382
15401
15403
15425
15470
15513
15526
15537
15639
15684
15708
15755
15787
15788
15796
15817
15819
15847
15874
15908
15983
15996
16011
16038
16042
16096
16115
16119
16159
16167
16169
16172
16237
16243
16249
16260
16273
16302
16319
16330
16361
16387
16420
16421
16590
16623
16624
16652
16656
16678
16718
16733
16745
16754
16810
16819
16846
16866
16883
16929
16952
16954
16967
17077
17078
17133
17135
17161
17197
17212
17225
17231
17247
17285
17287
17303
17352
17418
17432
17495
17511
17528
17535
17543
17547
17560
17608
17617
17640
17652
17688
17689
17690
17865
17882
17888
17914
17956
17981
17999
18128
18151
18166
18179
18194
18214
18220
18236
18297
18321
18323
18373
18464
18469
18482
18500
18502
18524
18534
18565
18580
18596
18605
18607
18610
18633
18684
18707
18727
18728
18732
18758
18773
18788
18858
18977
19018
19026
19061
19080
19082
19110
19151
19165
19177
19185
19251
19271
19291
19312
19317
19343
19344
19395
19439
19443
19500
19528
19578
19670
19690
19698
19776
19803
19853
19864
19886
19916
19935
19941
19947
19948
19967
20010
20057
20081
20112
20113
20139
20151
20240
20244
20252
20296
20317
20321
20324
20374
20400
20410
20427
20441
20493
20504
20543
20646
20771
20795
20810
20811
20815
20841
20853
20854
20934
21008
21069
21109
21131
21155
21173
21179
21180
21348
21359
21362
21401
21432
21450
21500
21546
21568
21572
21620
21622
21628
21646
21651
21656
21668
21690
21699
21714
21723
21737
21744
21745
21762
21792
21804
21890
21916
21950
22000
22066
22132
22153
22175
22192
22205
22232
22315
22317
22319
22320
22329
22400
22411
22497
22501
22502
22506
22573
22579
22619
22635
22640
22653
22676
22732
22755
22797
22809
22895
22900
22916
22945
22957
22961
22995
22996
23074
23142
23182
23185
23216
23234
23258
23299
23324
23330
23350
23408
23466
23521
23531
23532
23538
23556
23610
23613
23628
23632
23685
23700
23730
23753
23772
23789
23825
23871
23888
23908
23932
23952
23979
24006
24055
24117
24237
24277
24284
24343
24373
24378
24383
24401
24420
24446
24457
24513
24521
24541
24563
24566
24568
24658
24674
24686
24701
24711
24712
24729
24751
24773
24781
24828
24871
24925
24931
24939
24949
24986
25031
25124
25159
25168
25176
25191
25206
25230
25251
25255
25273
25315
25343
25369
25379
25411
25442
25481
25491
25521
25615
25702
25741
25763
25767
25775
25796
25837
25856
25860
25888
25893
25895
25903
25930
25960
25968
25988
26006
26065
26072
26083
26109
26124
26159
26193
26235
26244
26270
26332
26380
26417
26463
26477
26519
26526
26529
26588
26716
26754
26777
26790
26791
26804
26811
26828
26883
26902
26908
26939
26961
26979
27008
27025
27030
27081
27105
27131
27187
27205
27278
27306
27445
27452
27563
27564
27577
27585
27622
27760
27772
27822
27847
27850
27883
27911
27976
27978
27988
28010
28019
28030
28083
28128
28147
28165
28216
28228
28231
28245
28269
28270
28274
28313
28320
28378
28396
28407
28412
28456
28512
28554
28559
28561
28589
28608
28624
28628
28640
28663
28746
28759
28768
28784
28814
28827
28839
28848
28876
28879
28889
28914
28945
28950
28996
29005
29006
29018
29025
29038
29078
29081
29089
29095
29135
29159
29218
29245
29268
29271
29302
29322
29323
29354
29444
29445
29528
29543
29556
29592
29619
29621
29638
29655
29667
29685
29704
29726
29757
29829
29830
29849
29854
29875
29906
29926
29930
29961
29978
29986
30011
30067
30095
30103
30112
30124
30131
30132
30170
30239
30265
30301
30310
30319
30420
30475
30532
30533
30544
30567
30585
30618
30620
30626
30641
30657
30682
30705
30733
30780
30878
30919
30922
30925
30977
30994
31025
31030
31064
31066
31111
31116
31141
31163
31181
31210
31301
31308
31375
31384
31416
31418
31449
31493
31514
31554
31557
31564
31575
31585
31596
31603
31636
31710
31729
31790
31802
31806
31833
31841
31886
31890
31895
31943
31951
31985
32005
32013
32037
32060
32096
32155
32183
32233
32245
32260
32323
32392
32436
32443
32487
32492
32520
32552
32579
32633
32684
32744
32768
32771
32861
32905
32965
32970
32980
33006
33009
33075
33088
33095
33123
33140
33154
33169
33179
33186
33191
33203
33210
33214
33227
33228
33257
33272
33299
33314
33319
33326
33336
33374
33379
33383
33389
33408
33448
33452
33472
33474
33602
33620
33623
33660
33671
33677
33681
33735
33746
33770
33812
33867
33870
33901
33905
33926
33927
33961
33980
34022
34033
34053
34089
34091
34092
34110
34111
34158
34188
34222
34259
34291
34353
34393
34439
34564
34613
34638
34639
34656
34688
34719
34732
34761
34808
34854
34868
34875
34891
34892
34927
34930
34956
35000
35027
35064
35096
35124
35126
35143
35156
35162
35170
35184
35198
35260
35278
35308
35320
35323
35340
35352
35468
35484
35505
35516
35546
35561
35617
35643
35730
35742
35750
35760
35779
35847
35880
35895
35902
35908
35927
35928
35986
36024
36036
36070
36088
36099
36133
36164
36169
36192
36215
36261
36277
36327
36390
36394
36411
36471
36527
36555
36562
36635
36663
36665
36731
36735
36739
36770
36772
36843
36848
36907
36941
36997
37004
37052
37084
37114
37177
37215
37273
37287
37318
37341
37388
37402
37421
37445
37520
37555
37562
37572
37591
37594
37598
37606
37633
37762
37851
37854
37870
37913
37927
37943
37986
38024
38025
38035
38071
38186
38221
38222
38224
38268
38282
38303
38331
38354
38357
38382
38397
38403
38420
38438
38479
38524
38539
38541
38548
38586
38591
38594
38603
38604
38616
38639
38707
38708
38762
38827
38857
38861
38875
38950
38959
38992
38996
39005
39020
39026
39092
39198
39199
39210
39260
39333
39334
39340
39345
39353
39377
39422
39429
39470
39471
39491
39508
39535
39551
39554
39609
39668
39721
39726
39758
39776
39778
39803
39811
39830
39838
39839
39841
39849
39915
39940
39957
39967
39979
-1
