19
27
34
39
63
82
119
129
150
158
255
268
286
376
393
444
446
462
469
471
501
502
612
676
697
734
817
855
859
864
908
936
946
952
984
1043
1091
1144
1172
1204
1247
1335
1345
1347
1348
1366
1369
1378
1380
1389
1462
1529
1532
1533
1554
1564
1572
1620
1717
1739
1769
1772
1829
1843
1860
1888
1909
1941
1943
1963
1968
2007
2012
2018
2034
2060
2138
2169
2171
2179
2207
2215
2225
2259
2316
2390
2503
2531
2570
2575
2595
2710
2729
2742
2744
2777
2849
2852
2866
2868
2893
2916
2917
2940
2943
2985
3012
3014
3111
3122
3126
3142
3145
3147
3156
3163
3186
3201
3204
3235
3320
3340
3345
3366
3373
3426
3428
3432
3438
3447
3451
3468
3501
3526
3529
3564
3579
3592
3599
3659
3670
3685
3711
3751
3781
3807
3841
3869
3889
3907
3926
3937
3948
3958
3986
4008
4012
4053
4067
4074
4075
4123
4142
4145
4160
4249
4262
4264
4312
4325
4429
4466
4561
4603
4686
4687
4721
4738
4805
4824
4839
4847
4849
4919
4943
4956
5004
5008
5051
5093
5119
5217
5230
5237
5240
5278
5306
5334
5406
5416
5427
5443
5466
5535
5547
5566
5580
5606
5632
5633
5637
5705
5762
5769
5782
5792
5797
5848
5864
5973
6004
6023
6029
6035
6079
6093
6103
6108
6159
6209
6217
6238
6255
6264
6268
6284
6314
6388
6400
6453
6460
6498
6526
6557
6564
6603
6605
6668
6670
6719
6720
6723
6777
6848
6851
6861
6865
6873
6887
6963
6976
7045
7124
7126
7131
7153
7159
7215
7242
7278
7333
7371
7378
7384
7399
7427
7444
7554
7559
7627
7639
7665
7694
7700
7881
7896
7902
7947
7954
7955
7981
8014
8036
8041
8103
8153
8161
8162
8172
8177
8222
8242
8245
8260
8343
8379
8389
8457
8497
8520
8525
8548
8571
8609
8651
8655
8683
8734
8795
8801
8822
8858
8883
8909
8911
8971
8977
8979
8987
9037
9040
9116
9168
9221
9274
9284
9356
9360
9384
9388
9391
9405
9483
9486
9554
9582
9618
9644
9651
9654
9680
9684
9689
9749
9756
9815
9822
9865
9900
9903
9908
9991
10082
10158
10159
10161
10248
10281
10291
10306
10375
10386
10439
10479
10481
10497
10525
10560
10566
10574
10602
10658
10676
10727
10735
10771
10810
10863
10869
10901
10904
10934
10981
11017
11029
11078
11079
11083
11090
11117
11145
11154
11172
11247
11298
11301
11319
11384
11414
11420
11431
11478
11486
11507
11549
11601
11606
11622
11645
11688
11701
11765
11799
11825
11826
11837
11871
11880
11898
11899
11901
11942
11956
11973
12017
12048
12059
12070
12073
12137
12183
12200
12229
12297
12336
12412
12466
12490
12503
12561
12589
12608
12642
12665
12709
12728
12856
12875
12893
12895
12917
12929
12948
12965
13004
13008
13052
13164
13191
13198
13226
13233
13234
13259
13270
13288
13291
13307
13317
13326
13361
13402
13411
13472
13503
13508
13513
13544
13584
13586
13622
13631
13632
13684
13690
13711
13720
13727
13756
13781
13806
13827
13916
13941
13974
14027
14053
14108
14110
14119
14204
14217
14259
14352
14388
14423
14448
14485
14486
14492
14506
14522
14551
14564
14605
14612
14617
14620
14670
14682
14703
14753
14763
14784
14790
14795
14798
14822
14839
14847
14890
14894
14934
14936
14945
14994
15118
15135
15179
15180
15297
15326
15336
15475
15500
15527
15608
15619
15762
15794
15817
15909
15923
15932
15936
15937
15951
15992
16011
16013
16025
16029
16037
16077
16078
16088
16105
16106
16110
16117
16160
16166
16213
16256
16257
16263
16321
16334
16370
16444
16452
16508
16520
16536
16542
16558
16564
16611
16636
16730
16762
16817
16847
16851
16868
16888
16903
16930
16934
16946
16960
17003
17010
17035
17091
17143
17176
17178
17183
17200
17213
17214
17259
17330
17334
17370
17376
17503
17515
17565
17633
17647
17649
17660
17690
17691
17716
17732
17771
17774
17783
17797
17816
17849
17851
17870
17875
17879
17889
17890
17902
17923
17945
17950
17951
18035
18052
18061
18085
18201
18202
18216
18253
18283
18284
18364
18391
18423
18433
18445
18454
18461
18495
18498
18554
18624
18715
18754
18762
18771
18784
18826
18893
18916
18918
18985
19054
19065
19072
19092
19102
19137
19150
19155
19176
19182
19209
19226
19237
19240
19247
19330
19362
19453
19460
19461
19483
19516
19521
19599
19640
19654
19666
19676
19722
19723
19772
19825
19827
19828
19883
19898
19904
19983
19988
20004
20040
20065
20090
20113
20141
20245
20297
20329
20370
20437
20456
20481
20579
20599
20616
20649
20657
20668
20670
20679
20731
20735
20783
20850
20857
20859
20873
20925
20939
20985
21001
21051
21074
21112
21114
21115
21124
21189
21208
21228
21307
21352
21364
21368
21372
21374
21402
21436
21449
21456
21485
21500
21510
21519
21581
21607
21634
21640
21645
21714
21715
21716
21736
21746
21781
21796
21820
21834
21843
21883
21897
21916
21932
21962
21987
21988
22017
22037
22050
22057
22077
22092
22101
22187
22199
22220
22258
22266
22273
22284
22316
22338
22344
22373
22374
22410
22439
22449
22455
22478
22480
22487
22490
22493
22528
22599
22609
22615
22650
22672
22675
22692
22702
22798
22821
22839
22889
22899
22908
22966
22986
23052
23056
23069
23077
23086
23117
23135
23138
23141
23155
23159
23216
23302
23321
23322
23345
23346
23397
23431
23476
23524
23527
23551
23578
23641
23680
23687
23713
23765
23838
23868
23878
23907
23933
23934
23950
23964
24070
24073
24084
24092
24094
24098
24111
24192
24230
24242
24250
24276
24326
24332
24336
24355
24427
24431
24433
24465
24480
24512
24523
24529
24532
24542
24580
24620
24659
24677
24692
24737
24750
24753
24779
24811
24862
24918
25028
25059
25085
25086
25144
25157
25169
25170
25191
25202
25251
25262
25271
25288
25294
25334
25362
25407
25411
25421
25437
25458
25506
25536
25562
25575
25587
25693
25709
25726
25830
25950
25956
25962
25981
25992
25999
26022
26038
26051
26071
26098
26122
26144
26148
26198
26208
26212
26239
26261
26276
26336
26358
26365
26383
26389
26493
26499
26502
26522
26526
26540
26568
26589
26608
26689
26703
26765
26772
26792
26800
26808
26813
26819
26855
26859
26862
26872
27038
27046
27065
27105
27132
27140
27145
27155
27158
27173
27432
27437
27438
27464
27465
27488
27498
27504
27512
27520
27531
27567
27612
27623
27628
27631
27650
27668
27670
27682
27694
27716
27743
27802
27820
27844
27879
27885
27928
28010
28014
28022
28052
28067
28068
28079
28164
28172
28204
28216
28233
28272
28330
28340
28347
28367
28389
28401
28416
28475
28498
28506
28513
28526
28549
28559
28564
28575
28629
28636
28694
28751
28760
28766
28785
28795
28796
28839
28862
28907
28922
28935
28981
29005
29012
29073
29087
29136
29163
29181
29186
29199
29229
29230
29237
29251
29277
29294
29320
29332
29335
29337
29378
29454
29502
29586
29606
29612
29644
29681
29779
29861
29885
29891
29908
29909
29944
29958
29996
29998
30004
30013
30046
30119
30133
30156
30173
30241
30306
30311
30332
30340
30385
30389
30403
30533
30559
30560
30572
30623
30626
30637
30655
30687
30689
30713
30718
30736
30767
30774
30829
30836
30956
30980
30984
31007
31077
31112
31126
31164
31246
31251
31280
31285
31298
31303
31314
31389
31451
31464
31485
31554
31658
31677
31690
31708
31765
31806
31853
31863
31913
31934
31940
31951
31984
32030
32033
32089
32126
32151
32218
32240
32256
32266
32290
32299
32318
32323
32333
32383
32389
32405
32442
32477
32482
32518
32525
32572
32601
32680
32730
32760
32769
32883
32890
32891
32900
32916
32949
32990
33000
33015
33049
33052
33066
33079
33096
33143
33150
33199
33225
33267
33283
33293
33298
33407
33422
33441
33581
33590
33628
33734
33739
33747
33758
33836
33842
33850
33857
33879
33884
33903
33912
33949
33957
33961
33982
33987
34073
34125
34154
34173
34189
34193
34284
34325
34346
34348
34357
34371
34484
34618
34645
34740
34772
34787
34799
34828
34935
34936
34941
35018
35020
35028
35051
35079
35132
35133
35135
35161
35170
35171
35178
35206
35233
35244
35249
35261
35270
35273
35331
35336
35347
35366
35372
35397
35404
35407
35433
35475
35505
35573
35583
35597
35624
35636
35641
35646
35654
35683
35684
35705
35717
35721
35726
35837
35845
35879
35919
35949
35959
35991
36002
36013
36016
36046
36100
36144
36146
36163
36165
36182
36184
36188
36264
36267
36280
36301
36387
36425
36426
36472
36475
36507
36553
36612
36617
36678
36679
36723
36755
36833
36848
36852
36870
36920
36946
36970
36994
36997
37004
37006
37007
37031
37046
37059
37104
37170
37187
37226
37307
37326
37328
37360
37382
37385
37395
37420
37454
37467
37481
37506
37520
37538
37569
37579
37585
37607
37652
37653
37719
37731
37734
37752
37778
37813
37835
37836
37869
37870
37882
37901
37904
37951
37978
37998
38040
38041
38084
38091
38093
38096
38098
38108
38152
38161
38185
38246
38269
38276
38281
38308
38312
38380
38393
38449
38486
38499
38500
38502
38561
38573
38591
38639
38646
38698
38701
38738
38742
38749
38767
38789
38803
38816
38841
38843
38857
38892
38909
38938
38953
38957
38975
39104
39106
39122
39125
39155
39287
39295
39298
39301
39332
39359
39363
39408
39412
39451
39465
39545
39574
39598
39620
39662
39672
39674
39701
39742
39772
39799
39826
39856
39902
39908
39922
39936
39966
39976
39977
39992
-1
