1
14
21
38
73
94
138
143
164
239
272
301
307
312
322
323
325
330
332
430
440
457
460
463
482
506
518
558
591
600
616
676
687
693
702
717
749
804
820
877
879
887
935
953
1058
1062
1109
1152
1162
1179
1188
1204
1219
1225
1251
1268
1272
1286
1289
1339
1347
1349
1411
1414
1464
1475
1493
1519
1553
1606
1631
1640
1706
1780
1783
1785
1795
1809
1838
1887
1893
1897
1943
1959
1964
1967
1998
2001
2006
2018
2072
2079
2081
2105
2131
2160
2278
2293
2298
2314
2336
2338
2408
2410
2450
2474
2495
2519
2541
2546
2634
2695
2747
2749
2775
2795
2955
3020
3091
3151
3171
3175
3180
3235
3291
3306
3320
3322
3324
3336
3347
3379
3412
3422
3504
3518
3548
3596
3602
3613
3769
3839
3885
3918
3995
4008
4020
4040
4049
4078
4166
4196
4200
4203
4210
4223
4234
4431
4501
4616
4620
4645
4668
4720
4732
4741
4763
4816
4845
4857
4874
4918
4933
4941
4991
5013
5066
5099
5101
5135
5137
5156
5181
5199
5241
5263
5273
5301
5347
5385
5388
5394
5401
5425
5435
5448
5464
5467
5542
5570
5617
5633
5634
5637
5682
5747
5785
5795
5853
5879
5948
5959
5966
5976
6002
6008
6013
6077
6082
6119
6170
6191
6192
6235
6287
6288
6346
6368
6377
6413
6419
6451
6460
6463
6510
6517
6522
6531
6548
6609
6611
6613
6623
6643
6683
6692
6724
6738
6771
6891
6901
6954
6960
6965
6966
7077
7091
7123
7224
7284
7298
7303
7312
7336
7353
7415
7417
7422
7435
7440
7458
7470
7534
7536
7539
7541
7613
7629
7639
7667
7693
7709
7725
7736
7737
7820
7837
7871
7902
7907
8011
8098
8129
8142
8161
8205
8252
8267
8273
8274
8335
8346
8413
8427
8436
8447
8467
8551
8565
8595
8689
8748
8758
8770
8800
8825
8838
8898
8901
8921
8927
8934
8936
8939
8958
8968
8984
9031
9033
9036
9066
9139
9143
9144
9157
9206
9226
9249
9255
9278
9322
9326
9363
9395
9399
9404
9419
9427
9455
9469
9488
9502
9522
9552
9577
9609
9662
9667
9670
9680
9695
9699
9739
9814
9819
9833
9837
9844
9882
9903
9923
9928
9959
9985
9988
10034
10123
10129
10130
10149
10160
10164
10234
10243
10246
10293
10294
10320
10358
10375
10411
10416
10424
10430
10525
10529
10554
10555
10579
10588
10596
10674
10675
10688
10694
10734
10770
10798
10820
10889
10903
10932
10973
10976
11016
11022
11042
11076
11091
11152
11169
11197
11204
11214
11273
11288
11305
11315
11336
11343
11366
11382
11385
11424
11489
11497
11523
11529
11533
11579
11586
11592
11606
11688
11703
11759
11772
11827
11836
11856
11858
11898
11905
11933
11955
12028
12050
12093
12099
12120
12153
12159
12167
12194
12196
12198
12223
12251
12252
12292
12338
12354
12366
12369
12381
12398
12469
12536
12548
12551
12576
12597
12612
12632
12663
12672
12678
12715
12729
12744
12750
12767
12771
12780
12781
12788
12795
12820
12856
12876
12896
12906
12940
12963
12996
13006
13024
13096
13130
13175
13191
13236
13256
13331
13349
13369
13373
13404
13458
13475
13531
13532
13541
13575
13620
13628
13683
13748
13761
13769
13813
13833
13868
13873
13888
13906
13913
13927
13945
13953
13959
13962
13967
13984
13987
14055
14148
14168
14173
14199
14207
14268
14301
14311
14337
14458
14483
14487
14492
14509
14520
14522
14523
14528
14530
14543
14627
14641
14654
14657
14675
14725
14750
14772
14784
14845
14850
14862
14962
14985
15041
15050
15071
15147
15220
15264
15302
15326
15333
15359
15408
15431
15560
15585
15603
15660
15709
15712
15718
15733
15745
15748
15779
15804
15846
15958
16038
16074
16122
16126
16175
16241
16318
16332
16365
16374
16393
16409
16426
16448
16450
16451
16459
16502
16508
16554
16651
16656
16663
16694
16720
16722
16773
16794
16806
16815
16818
16904
16906
16917
16918
16923
16961
17017
17024
17068
17088
17132
17188
17200
17229
17252
17268
17349
17376
17448
17449
17466
17486
17504
17564
17575
17600
17605
17659
17673
17704
17713
17717
17718
17726
17728
17793
17818
17872
17876
17908
17938
17977
17984
17998
18028
18034
18058
18083
18091
18106
18120
18135
18207
18216
18228
18249
18263
18284
18291
18294
18311
18362
18396
18414
18429
18471
18485
18493
18514
18557
18590
18625
18630
18639
18650
18694
18712
18735
18739
18816
18864
18899
18906
18912
18934
18992
19060
19064
19081
19095
19168
19173
19214
19235
19306
19307
19334
19351
19367
19383
19489
19498
19502
19519
19657
19662
19665
19683
19687
19694
19727
19768
19813
19836
19847
19869
19907
19936
19961
19965
20022
20036
20056
20101
20104
20174
20176
20183
20197
20199
20234
20244
20256
20262
20318
20349
20376
20380
20382
20386
20394
20432
20440
20485
20545
20615
20647
20648
20651
20657
20679
20705
20739
20772
20806
20823
20871
20915
20950
20961
20986
21052
21063
21090
21091
21157
21212
21287
21305
21357
21382
21390
21414
21433
21439
21442
21529
21532
21555
21590
21600
21610
21612
21623
21639
21656
21750
21756
21766
21768
21781
21782
21824
21835
21899
21919
21935
21941
21962
22055
22092
22261
22270
22364
22381
22383
22394
22419
22429
22439
22479
22569
22572
22660
22664
22686
22717
22734
22775
22845
22854
22871
22877
23105
23118
23125
23138
23142
23159
23208
23212
23244
23246
23262
23282
23306
23362
23389
23478
23510
23532
23557
23603
23632
23659
23689
23709
23756
23762
23783
23890
23894
23901
23922
23928
23932
23956
23988
23991
23997
24067
24074
24190
24249
24253
24296
24406
24438
24442
24447
24452
24465
24489
24501
24506
24558
24563
24602
24635
24637
24655
24658
24675
24676
24688
24691
24699
24737
24754
24755
24775
24793
24869
24887
24900
24915
24937
24953
24985
24994
25014
25069
25110
25131
25176
25190
25213
25230
25231
25248
25298
25305
25313
25373
25421
25448
25482
25503
25518
25521
25578
25581
25598
25603
25607
25665
25740
25754
25785
25815
25829
25850
25885
25905
25946
25967
25973
25979
25982
26009
26015
26024
26086
26087
26157
26244
26270
26348
26425
26432
26441
26494
26518
26522
26536
26560
26608
26691
26705
26712
26727
26744
26745
26785
26792
26838
26880
26900
26901
26905
26930
26937
26979
26991
27024
27064
27077
27132
27204
27216
27225
27246
27255
27326
27356
27378
27391
27400
27413
27454
27467
27477
27529
27533
27536
27574
27626
27628
27650
27679
27752
27761
27766
27781
27790
27829
27836
27838
27861
27869
27880
27881
27883
27918
27936
27975
28030
28046
28049
28074
28091
28108
28162
28186
28196
28207
28312
28349
28390
28415
28433
28462
28478
28515
28525
28637
28702
28805
28820
28842
28861
28899
28918
28924
28926
28928
28952
28958
29004
29035
29103
29122
29149
29174
29177
29180
29182
29254
29285
29291
29342
29346
29347
29381
29384
29422
29468
29484
29524
29538
29539
29564
29565
29593
29595
29598
29638
29734
29736
29737
29759
29782
29826
29866
29867
29891
29920
29921
29935
29936
29941
29953
29973
30022
30036
30046
30053
30095
30118
30120
30125
30166
30186
30190
30199
30202
30248
30269
30286
30339
30354
30355
30356
30361
30383
30423
30482
30500
30523
30557
30672
30688
30747
30752
30772
30824
30852
30897
30910
30985
31028
31061
31072
31076
31096
31128
31188
31200
31205
31219
31324
31327
31354
31364
31369
31384
31433
31438
31443
31490
31507
31513
31529
31533
31556
31592
31606
31617
31690
31698
31738
31750
31754
31756
31801
31815
31816
31823
31861
31873
31910
31911
31928
31946
31996
32016
32039
32076
32095
32125
32173
32187
32210
32230
32238
32289
32298
32300
32313
32372
32381
32435
32456
32507
32511
32568
32610
32630
32647
32678
32730
32751
32789
32824
32844
33013
33040
33054
33078
33107
33157
33201
33262
33284
33295
33316
33326
33377
33403
33412
33418
33453
33454
33478
33484
33511
33531
33535
33553
33612
33626
33641
33687
33696
33743
33746
33750
33770
33773
33848
33863
33888
33908
33928
33950
34015
34020
34079
34098
34129
34146
34176
34181
34184
34193
34232
34248
34258
34299
34308
34347
34358
34371
34408
34420
34459
34464
34489
34530
34556
34571
34575
34599
34630
34637
34674
34676
34683
34785
34802
34826
34860
34872
34879
34909
34913
34928
34980
35008
35036
35051
35069
35136
35162
35163
35208
35312
35332
35341
35390
35402
35414
35444
35486
35515
35537
35585
35595
35610
35652
35677
35736
35782
35805
35870
35920
36037
36056
36075
36081
36084
36092
36105
36180
36230
36241
36268
36360
36483
36484
36510
36565
36647
36657
36658
36729
36731
36748
36828
36876
36877
36879
36941
36956
36976
36981
36999
37055
37098
37105
37276
37303
37310
37335
37396
37415
37449
37489
37506
37540
37564
37565
37571
37598
37616
37626
37724
37804
37835
37846
37855
37860
37875
37899
37979
38006
38031
38049
38051
38053
38153
38155
38157
38239
38282
38299
38324
38339
38351
38386
38453
38469
38522
38525
38544
38556
38573
38609
38611
38616
38624
38636
38653
38657
38683
38689
38692
38698
38699
38708
38726
38794
38822
38825
38860
38874
38875
38887
38957
39034
39060
39100
39102
39180
39186
39198
39218
39238
39245
39261
39262
39283
39299
39326
39346
39370
39388
39394
39431
39440
39447
39508
39513
39515
39519
39537
39554
39636
39647
39701
39711
39712
39714
39723
39762
39793
39853
39854
39911
39925
39954
39965
39975
-1
