8
30
100
113
156
195
205
246
339
437
445
483
494
502
530
536
546
551
559
570
571
583
652
665
692
710
713
714
770
782
809
820
824
827
856
869
897
898
947
962
974
977
1013
1079
1109
1121
1140
1148
1212
1230
1244
1257
1266
1285
1293
1363
1390
1397
1406
1411
1412
1423
1427
1501
1506
1517
1525
1574
1592
1637
1645
1715
1716
1811
1814
1847
1873
1907
1918
1921
1926
1931
2039
2044
2110
2156
2264
2273
2306
2394
2400
2403
2412
2422
2461
2467
2480
2500
2509
2543
2550
2627
2632
2686
2699
2701
2709
2713
2862
2866
2903
2921
2950
2997
3027
3038
3097
3113
3118
3136
3141
3155
3157
3158
3173
3184
3204
3253
3270
3302
3348
3375
3379
3384
3400
3451
3524
3540
3554
3556
3565
3578
3620
3738
3761
3764
3795
3844
3865
3911
3940
3989
3991
4063
4089
4092
4148
4223
4246
4283
4317
4372
4381
4417
4451
4464
4477
4636
4675
4731
4732
4759
4828
4835
4844
4879
4954
4974
4980
5037
5044
5083
5098
5099
5139
5207
5281
5289
5365
5378
5475
5526
5564
5576
5582
5602
5605
5625
5628
5635
5676
5736
5770
5778
5785
5799
5805
5871
5884
5902
5970
5975
5994
6001
6068
6122
6132
6154
6165
6204
6208
6236
6238
6279
6304
6318
6324
6335
6343
6359
6392
6396
6530
6534
6551
6577
6613
6623
6632
6650
6704
6718
6796
6864
6905
6906
6911
6926
6946
6975
7062
7114
7117
7132
7139
7167
7179
7192
7214
7240
7247
7304
7327
7336
7366
7376
7391
7394
7400
7432
7458
7471
7475
7552
7557
7571
7614
7623
7717
7731
7763
7795
7915
8030
8046
8069
8164
8165
8178
8222
8227
8240
8288
8316
8318
8365
8394
8422
8423
8463
8486
8499
8503
8536
8583
8598
8621
8647
8678
8752
8797
8859
8919
8923
8959
8975
9038
9067
9108
9113
9177
9192
9225
9235
9280
9310
9317
9324
9357
9373
9379
9402
9409
9436
9438
9466
9567
9570
9590
9601
9641
9644
9756
9789
9796
9824
9841
9860
9906
9939
9959
9992
10059
10061
10095
10110
10146
10179
10219
10274
10281
10286
10293
10361
10377
10379
10380
10384
10394
10488
10497
10548
10558
10572
10590
10641
10658
10678
10682
10683
10688
10695
10804
10842
10961
10966
11061
11089
11105
11146
11158
11172
11207
11211
11233
11263
11265
11267
11305
11357
11362
11374
11478
11488
11495
11531
11551
11560
11582
11612
11619
11643
11702
11720
11755
11862
11883
11884
11905
11952
11970
11991
12018
12039
12080
12137
12153
12224
12253
12286
12311
12321
12389
12395
12492
12495
12535
12536
12570
12621
12653
12715
12777
12780
12791
12811
12818
12830
12832
12886
12912
12924
13051
13054
13082
13090
13094
13100
13122
13170
13175
13183
13206
13224
13227
13251
13267
13293
13298
13418
13427
13443
13458
13487
13532
13559
13598
13612
13626
13737
13776
13779
13785
13793
13795
13813
13830
13836
13849
13856
13859
13897
13927
14006
14010
14022
14032
14068
14082
14098
14102
14129
14131
14151
14231
14239
14247
14289
14302
14303
14383
14388
14407
14408
14440
14443
14447
14473
14533
14604
14638
14648
14681
14685
14692
14699
14731
14735
14764
14770
14771
14772
14786
14793
14872
14880
14881
14882
14892
14906
14976
15012
15028
15034
15039
15046
15062
15091
15095
15118
15128
15154
15169
15188
15290
15301
15303
15334
15375
15383
15397
15413
15425
15460
15493
15495
15514
15554
15579
15636
15652
15821
15833
15841
15906
15939
15957
15968
15980
15989
16025
16063
16103
16179
16265
16281
16283
16299
16322
16333
16363
16372
16443
16456
16461
16470
16472
16473
16476
16510
16523
16539
16542
16558
16616
16665
16772
16777
16790
16792
16798
16819
16846
16871
16906
16910
16952
16996
17040
17073
17104
17126
17142
17143
17144
17177
17189
17199
17229
17257
17295
17309
17316
17358
17407
17438
17449
17451
17471
17475
17565
17633
17649
17674
17742
17798
17846
17874
17913
17962
18003
18036
18071
18085
18114
18139
18143
18144
18149
18167
18210
18216
18249
18279
18299
18319
18340
18376
18379
18400
18422
18439
18466
18509
18534
18650
18672
18720
18802
18810
18842
18863
18866
18870
18902
18928
18942
19006
19010
19012
19018
19128
19167
19183
19194
19200
19212
19223
19244
19351
19398
19411
19447
19478
19485
19507
19515
19636
19681
19721
19734
19741
19780
19795
19812
19871
19897
19948
19949
19952
19956
19960
20016
20024
20038
20054
20109
20151
20154
20182
20199
20220
20228
20241
20255
20299
20409
20436
20456
20507
20511
20559
20595
20605
20613
20667
20758
20764
20815
20817
20828
20902
20966
20967
20971
20980
20986
21003
21033
21084
21097
21117
21124
21126
21137
21191
21211
21236
21244
21257
21376
21380
21419
21437
21447
21506
21539
21541
21588
21595
21611
21640
21656
21658
21668
21676
21678
21681
21741
21765
21875
21924
21978
21995
22000
22003
22082
22086
22095
22105
22109
22119
22129
22142
22182
22204
22211
22224
22262
22283
22293
22303
22304
22314
22414
22450
22456
22465
22469
22503
22515
22517
22522
22549
22557
22578
22597
22606
22669
22682
22701
22716
22729
22738
22741
22794
22826
22862
22863
22916
22926
22951
22962
22966
23000
23049
23083
23153
23198
23203
23262
23278
23308
23337
23341
23353
23360
23399
23422
23426
23437
23471
23473
23530
23564
23582
23589
23595
23624
23633
23637
23642
23647
23693
23707
23765
23775
23822
23833
23867
23877
23881
23895
23900
23953
23958
23960
23961
23985
23987
24018
24046
24064
24088
24132
24145
24155
24323
24338
24367
24389
24400
24404
24434
24450
24459
24471
24478
24498
24538
24567
24594
24614
24634
24635
24644
24651
24716
24767
24770
24823
24866
24888
24908
24960
24967
24985
24991
25000
25018
25050
25064
25115
25176
25183
25209
25218
25245
25275
25283
25286
25309
25409
25448
25449
25507
25522
25525
25537
25548
25554
25612
25662
25678
25700
25705
25718
25722
25728
25738
25749
25761
25764
25765
25768
25787
25801
25802
25817
25879
25919
25936
25952
26002
26050
26107
26120
26129
26131
26183
26198
26208
26290
26317
26377
26388
26429
26447
26481
26486
26530
26571
26614
26615
26662
26698
26712
26737
26757
26790
26818
26840
26842
26891
26939
26942
26961
26991
27018
27023
27033
27097
27235
27263
27332
27343
27371
27381
27414
27486
27490
27491
27497
27503
27506
27553
27589
27602
27624
27639
27652
27676
27825
27838
27854
27859
27876
27883
27892
27902
27943
27971
27974
28059
28087
28116
28124
28137
28163
28166
28180
28183
28206
28240
28253
28268
28299
28355
28381
28407
28410
28426
28437
28450
28469
28471
28477
28518
28571
28665
28727
28744
28749
28754
28781
28794
28838
28863
28891
28896
28938
28990
29020
29062
29093
29112
29123
29150
29162
29212
29333
29343
29358
29366
29369
29380
29387
29388
29447
29501
29517
29532
29542
29589
29685
29698
29726
29748
29771
29805
29813
29832
29838
29870
29912
29918
29941
29989
29995
29998
30000
30032
30065
30071
30077
30079
30130
30155
30172
30275
30276
30300
30308
30315
30333
30346
30363
30412
30429
30431
30466
30475
30477
30520
30523
30524
30558
30559
30586
30602
30612
30617
30669
30698
30715
30735
30751
30762
30781
30792
30864
30881
30924
30926
30937
31016
31101
31105
31149
31209
31241
31308
31314
31406
31409
31467
31492
31493
31527
31592
31644
31696
31699
31753
31761
31812
31816
31871
31878
32021
32025
32033
32089
32110
32116
32145
32146
32157
32226
32230
32236
32237
32315
32370
32382
32429
32458
32464
32471
32477
32564
32583
32619
32677
32701
32711
32723
32759
32761
32769
32773
32813
32825
32852
32853
32863
32865
32880
32896
32951
32970
33000
33025
33044
33183
33186
33188
33228
33287
33303
33334
33419
33420
33435
33445
33457
33485
33559
33576
33582
33603
33655
33688
33696
33701
33737
33767
33790
33819
33850
33913
33917
33927
33929
34020
34059
34090
34105
34107
34134
34149
34164
34182
34243
34249
34264
34275
34332
34361
34378
34470
34484
34491
34497
34504
34510
34535
34596
34610
34642
34654
34658
34663
34694
34718
34722
34731
34769
34776
34802
34816
34824
34835
34848
34869
34935
34938
34970
34983
34991
34996
35004
35090
35101
35126
35141
35155
35172
35188
35221
35258
35270
35271
35296
35325
35367
35374
35392
35395
35455
35457
35500
35515
35521
35534
35556
35565
35578
35581
35605
35613
35621
35743
35750
35765
35782
35797
35798
35830
35877
35914
35923
35926
35934
35961
36000
36024
36062
36095
36118
36163
36167
36183
36200
36207
36229
36233
36254
36267
36309
36367
36391
36423
36426
36429
36460
36521
36523
36524
36527
36560
36574
36598
36655
36707
36767
36799
36800
36802
36820
36831
36863
36864
36889
36928
36943
36949
37001
37104
37114
37203
37224
37244
37350
37398
37468
37482
37487
37509
37535
37568
37611
37661
37681
37702
37716
37727
37749
37766
37834
37839
37889
37998
38012
38053
38062
38104
38117
38156
38170
38171
38176
38185
38276
38281
38283
38291
38306
38318
38347
38361
38363
38368
38389
38414
38524
38525
38542
38560
38647
38670
38756
38815
38822
38835
38875
38878
38883
38904
38937
38945
38953
38955
38960
38962
38967
38981
38983
39014
39053
39054
39067
39077
39088
39118
39142
39251
39284
39288
39313
39326
39340
39341
39387
39403
39418
39462
39487
39526
39588
39602
39644
39690
39698
39723
39780
39812
39831
39859
39886
-1
