47
51
61
167
186
208
310
319
365
370
433
445
479
482
505
612
613
618
642
701
735
784
807
809
822
833
834
864
939
940
982
1010
1011
1015
1064
1076
1136
1154
1156
1158
1182
1187
1189
1325
1331
1334
1347
1381
1392
1396
1413
1497
1500
1515
1565
1590
1608
1617
1633
1648
1680
1681
1792
1845
1888
1902
1919
1935
1945
1982
2042
2051
2062
2081
2097
2112
2117
2193
2243
2246
2286
2303
2331
2341
2450
2452
2487
2584
2590
2627
2636
2637
2689
2723
2752
2785
2799
2804
2833
2854
2860
2864
2896
2956
2963
3008
3013
3015
3130
3148
3166
3180
3184
3190
3247
3266
3316
3318
3374
3402
3407
3438
3483
3506
3604
3611
3629
3652
3677
3699
3712
3714
3719
3732
3805
3808
3836
3930
3935
3967
3985
3992
4014
4033
4063
4067
4104
4174
4179
4252
4256
4283
4326
4344
4390
4461
4464
4541
4619
4623
4636
4638
4650
4711
4780
4782
4872
4889
4899
4914
4927
4968
5004
5086
5093
5099
5159
5160
5182
5185
5193
5202
5218
5249
5284
5289
5355
5391
5418
5428
5453
5493
5539
5560
5571
5577
5605
5620
5634
5643
5661
5697
5720
5723
5774
5787
5790
5801
5805
5866
5868
5901
5910
5923
5956
5959
5975
5981
6035
6045
6060
6068
6082
6087
6110
6111
6114
6149
6158
6165
6171
6190
6197
6202
6205
6221
6223
6227
6246
6280
6288
6328
6390
6393
6453
6466
6472
6487
6495
6579
6632
6694
6743
6746
6750
6762
6781
6784
6800
6833
6842
6864
6929
6934
7051
7054
7064
7068
7143
7175
7243
7270
7284
7347
7353
7416
7433
7440
7471
7502
7504
7513
7515
7540
7553
7576
7585
7598
7617
7636
7637
7670
7678
7705
7775
7797
7852
7857
7863
7908
7952
7967
7980
7992
8002
8057
8058
8086
8134
8147
8157
8177
8203
8263
8332
8342
8440
8485
8532
8575
8588
8706
8720
8722
8724
8730
8755
8758
8766
8789
8836
8838
8861
8884
8943
8950
8989
9007
9015
9017
9058
9073
9125
9130
9132
9135
9163
9173
9206
9250
9367
9380
9383
9411
9423
9440
9455
9462
9470
9523
9538
9559
9602
9603
9610
9647
9653
9696
9698
9717
9729
9750
9799
9820
9836
9859
9912
9918
9921
9924
9928
9940
9945
9979
10051
10088
10133
10135
10140
10165
10203
10221
10244
10271
10305
10329
10359
10367
10395
10436
10461
10497
10531
10614
10626
10638
10646
10673
10699
10718
10738
10762
10772
10823
10849
10892
10932
10972
10988
11033
11102
11115
11122
11143
11152
11159
11194
11199
11207
11220
11237
11333
11385
11389
11431
11436
11443
11469
11473
11494
11509
11539
11549
11563
11610
11690
11694
11724
11744
11761
11819
11833
11857
11881
11894
11962
12005
12029
12149
12184
12239
12251
12288
12302
12332
12389
12467
12491
12496
12502
12526
12539
12543
12640
12653
12708
12729
12742
12762
12781
12816
12835
12877
12921
12931
12940
12961
13041
13092
13111
13182
13184
13186
13200
13201
13211
13215
13250
13263
13294
13305
13308
13354
13371
13393
13394
13458
13468
13479
13494
13501
13511
13526
13552
13588
13604
13616
13663
13730
13749
13754
13792
13795
13806
13830
13915
13917
13936
13940
13955
14021
14024
14062
14128
14152
14170
14175
14181
14237
14281
14293
14296
14308
14317
14376
14392
14394
14410
14420
14551
14568
14572
14633
14645
14718
14729
14736
14740
14767
14792
14830
14862
14865
14882
14902
14948
15038
15047
15079
15081
15082
15137
15140
15171
15172
15174
15262
15263
15268
15301
15345
15349
15375
15378
15465
15507
15605
15622
15654
15670
15740
15753
15862
15999
16016
16032
16034
16060
16075
16094
16149
16200
16249
16262
16286
16289
16353
16356
16359
16388
16393
16396
16435
16436
16455
16541
16575
16581
16590
16594
16617
16646
16659
16684
16706
16731
16852
16920
16960
16983
17014
17033
17058
17059
17103
17124
17125
17126
17158
17187
17229
17244
17259
17310
17316
17342
17363
17401
17412
17430
17481
17527
17556
17571
17610
17631
17722
17780
17792
17798
17809
17830
17858
17893
17916
17924
17931
17937
17946
17977
18017
18034
18055
18058
18089
18110
18192
18194
18273
18315
18320
18412
18427
18437
18439
18461
18484
18491
18514
18521
18523
18524
18552
18568
18595
18623
18678
18707
18713
18747
18772
18783
18803
18817
18840
18851
18856
18860
18952
18969
19021
19028
19082
19100
19103
19113
19162
19185
19229
19230
19231
19243
19249
19285
19296
19351
19361
19373
19387
19398
19415
19441
19452
19486
19529
19546
19552
19572
19580
19608
19642
19655
19673
19709
19723
19769
19787
19812
19828
19830
19857
19950
19964
19972
19980
20011
20025
20065
20080
20127
20209
20255
20259
20266
20292
20331
20347
20372
20430
20432
20488
20503
20507
20532
20545
20546
20557
20568
20599
20621
20655
20658
20665
20675
20682
20700
20715
20829
20878
20880
20962
20990
21038
21040
21062
21110
21111
21148
21184
21211
21217
21299
21307
21325
21339
21347
21350
21390
21394
21446
21475
21477
21502
21504
21585
21621
21633
21652
21706
21716
21723
21739
21758
21782
21788
21801
21807
21813
21819
21881
21883
21929
22004
22016
22022
22027
22100
22117
22138
22143
22144
22146
22205
22219
22250
22296
22334
22356
22382
22385
22394
22424
22452
22465
22466
22482
22498
22518
22531
22537
22567
22594
22606
22662
22679
22765
22768
22772
22834
22845
22853
22876
22916
22960
23007
23030
23059
23088
23095
23114
23207
23208
23229
23271
23277
23298
23340
23355
23358
23361
23420
23425
23453
23456
23470
23471
23499
23534
23559
23598
23600
23676
23677
23720
23788
23803
23826
23843
23864
23898
23907
23911
23944
23963
23969
23985
23994
24001
24013
24017
24076
24125
24126
24150
24174
24240
24389
24393
24404
24421
24472
24509
24517
24569
24570
24576
24583
24593
24613
24695
24696
24730
24733
24748
24766
24773
24829
24839
24890
24910
24923
24931
24940
24962
24977
25014
25029
25067
25091
25106
25148
25154
25157
25163
25211
25219
25222
25224
25244
25259
25269
25270
25314
25328
25350
25351
25362
25404
25415
25439
25446
25466
25500
25524
25525
25547
25592
25606
25637
25679
25710
25712
25786
25816
25827
25844
25870
25886
25911
25918
25938
25953
25956
25970
26066
26076
26111
26136
26182
26207
26232
26344
26347
26354
26403
26434
26555
26571
26584
26604
26605
26631
26655
26668
26683
26740
26770
26820
26839
26918
26995
27011
27013
27014
27045
27053
27106
27137
27188
27214
27306
27319
27374
27379
27380
27403
27414
27452
27565
27584
27624
27652
27671
27716
27757
27762
27822
27845
27849
27924
27998
28003
28068
28109
28168
28187
28202
28303
28374
28449
28458
28495
28499
28509
28510
28513
28539
28557
28689
28699
28749
28794
28795
28805
28824
28876
28910
28941
28974
28997
29008
29030
29049
29083
29109
29114
29136
29191
29243
29266
29286
29287
29315
29329
29330
29355
29367
29371
29374
29375
29414
29430
29436
29444
29488
29507
29528
29538
29539
29616
29651
29728
29746
29890
29911
29915
29922
29928
29940
29975
29979
29991
30005
30006
30018
30049
30054
30058
30068
30137
30220
30258
30321
30327
30333
30335
30411
30487
30497
30513
30536
30598
30600
30614
30618
30641
30643
30645
30653
30683
30691
30740
30766
30803
30849
30850
30882
30919
30936
30938
30979
30987
30993
30995
31000
31006
31014
31024
31071
31086
31094
31115
31116
31135
31139
31198
31227
31243
31263
31341
31344
31377
31423
31463
31515
31553
31576
31608
31628
31663
31727
31742
31772
31823
31882
31995
32039
32097
32126
32134
32161
32171
32219
32239
32298
32300
32342
32379
32380
32385
32399
32400
32409
32441
32482
32505
32534
32548
32620
32623
32639
32679
32703
32718
32760
32775
32781
32795
32817
32826
32853
32870
32894
32925
32971
33000
33036
33055
33064
33066
33090
33093
33186
33192
33213
33232
33250
33278
33356
33416
33434
33447
33461
33518
33539
33540
33541
33549
33586
33587
33639
33662
33671
33695
33738
33814
33876
33919
33920
33931
33934
33980
33988
33994
34041
34071
34082
34093
34119
34175
34177
34185
34215
34243
34279
34325
34398
34442
34464
34481
34496
34498
34510
34530
34551
34569
34582
34641
34656
34678
34699
34733
34754
34816
34820
34821
34878
34891
34906
34926
34945
34962
35014
35032
35152
35195
35207
35243
35259
35264
35290
35309
35324
35347
35353
35354
35356
35371
35400
35406
35407
35494
35497
35514
35528
35574
35589
35625
35644
35667
35709
35721
35727
35795
35801
35803
35816
35857
35879
35912
35950
35952
35983
35988
36016
36070
36083
36137
36203
36215
36240
36251
36315
36347
36357
36438
36496
36543
36572
36613
36614
36627
36636
36687
36712
36797
36832
36851
36867
36912
36924
36990
37021
37037
37053
37099
37100
37160
37203
37250
37255
37281
37291
37330
37350
37351
37376
37398
37493
37513
37594
37622
37640
37701
37742
37756
37790
37808
37819
37837
37843
37847
37878
37881
37903
37904
37930
37943
37978
38030
38034
38109
38123
38180
38224
38261
38299
38391
38470
38523
38553
38576
38600
38616
38692
38698
38700
38718
38721
38730
38784
38790
38816
38821
38851
38897
38906
38922
38977
39003
39010
39019
39042
39057
39194
39223
39247
39258
39261
39269
39293
39312
39313
39332
39335
39367
39405
39420
39423
39440
39443
39466
39482
39520
39537
39551
39561
39597
39603
39614
39628
39698
39766
39771
39786
39787
39815
39905
39953
39962
-1