139
159
185
191
242
250
253
360
421
430
460
465
521
547
583
597
639
681
723
765
815
860
869
878
914
951
956
974
979
1013
1050
1090
1100
1106
1114
1127
1174
1300
1312
1321
1373
1379
1526
1537
1616
1649
1688
1699
1705
1720
1750
1798
1799
1862
1894
1911
1927
1974
2012
2042
2053
2068
2170
2205
2210
2247
2277
2283
2317
2332
2334
2420
2431
2436
2464
2492
2538
2562
2682
2694
2708
2729
2758
2797
2829
2853
2862
2874
2893
2895
2900
2913
2927
2955
2985
2989
3085
3099
3171
3176
3183
3209
3214
3220
3222
3267
3304
3333
3347
3369
3371
3375
3402
3476
3485
3508
3515
3524
3530
3540
3561
3565
3604
3613
3621
3655
3693
3707
3722
3743
3749
3759
3772
3793
3805
3806
3895
3932
3993
4026
4032
4039
4049
4053
4072
4093
4114
4119
4136
4144
4149
4180
4209
4258
4263
4319
4346
4428
4452
4457
4487
4499
4532
4537
4620
4635
4689
4710
4724
4788
4793
4896
4918
4927
4933
4970
5050
5059
5120
5125
5181
5198
5199
5208
5230
5284
5293
5309
5313
5332
5342
5348
5366
5389
5436
5454
5485
5487
5496
5534
5549
5583
5599
5610
5614
5672
5697
5700
5706
5722
5735
5757
5779
5780
5811
5820
5899
5909
5941
5974
6026
6056
6071
6080
6086
6092
6093
6127
6171
6175
6256
6358
6359
6379
6409
6415
6422
6429
6456
6480
6489
6497
6560
6587
6591
6594
6595
6614
6651
6680
6718
6723
6727
6751
6759
6764
6777
6847
6851
6852
6867
6898
6964
6992
7053
7188
7208
7223
7233
7320
7339
7353
7363
7398
7400
7412
7484
7493
7512
7526
7573
7613
7633
7639
7643
7654
7672
7680
7708
7719
7725
7733
7734
7745
7794
7805
7824
7872
7875
7900
8021
8071
8144
8169
8181
8225
8241
8298
8343
8356
8415
8440
8447
8471
8536
8593
8615
8629
8683
8715
8724
8752
8757
8818
8837
8852
8862
8898
8900
8930
8939
8957
8962
9063
9098
9177
9191
9235
9275
9279
9320
9325
9332
9333
9345
9358
9363
9398
9411
9440
9443
9466
9486
9536
9563
9569
9596
9624
9627
9653
9708
9748
9790
9802
9804
9849
9868
9905
9929
9940
10071
10081
10105
10107
10148
10157
10198
10205
10219
10242
10259
10296
10302
10305
10306
10320
10325
10352
10425
10476
10539
10590
10597
10648
10680
10689
10762
10773
10805
10885
10891
10896
10899
10913
10957
10986
11073
11076
11098
11110
11131
11149
11191
11254
11323
11327
11347
11373
11379
11398
11399
11430
11442
11517
11554
11558
11567
11586
11589
11603
11627
11680
11705
11764
11795
11800
11838
11880
11893
11909
11945
11992
12006
12076
12095
12101
12105
12109
12126
12131
12148
12191
12217
12232
12249
12260
12336
12353
12366
12367
12377
12410
12430
12459
12461
12467
12473
12501
12663
12669
12688
12727
12790
12878
12896
12903
12909
12923
12959
12961
12970
12982
13026
13028
13063
13069
13070
13091
13097
13138
13143
13165
13168
13263
13313
13375
13386
13389
13463
13502
13512
13530
13535
13569
13580
13656
13667
13669
13671
13675
13749
13755
13788
13824
13836
13859
13868
13880
13905
13929
13981
13992
14002
14039
14104
14117
14172
14177
14201
14212
14224
14228
14281
14294
14297
14334
14444
14452
14473
14482
14538
14560
14572
14680
14684
14726
14743
14759
14762
14789
14813
14851
14961
14968
14978
14987
14990
14996
15002
15003
15013
15107
15111
15129
15137
15151
15185
15208
15231
15238
15248
15282
15285
15292
15294
15295
15312
15322
15332
15388
15431
15436
15463
15477
15519
15529
15611
15707
15715
15728
15767
15851
15874
15938
15984
15995
16087
16138
16169
16237
16347
16424
16426
16432
16433
16446
16458
16467
16470
16490
16536
16552
16565
16586
16594
16596
16598
16664
16673
16737
16740
16782
16788
16798
16846
16906
16922
16924
17004
17030
17082
17101
17109
17111
17143
17153
17194
17212
17224
17230
17257
17291
17325
17330
17337
17342
17380
17383
17425
17468
17510
17513
17519
17537
17548
17549
17557
17570
17579
17584
17621
17685
17702
17707
17719
17750
17772
17790
17828
17866
17881
17923
17924
17949
17959
17969
17972
17999
18050
18066
18083
18085
18094
18099
18156
18175
18189
18205
18223
18227
18254
18347
18393
18430
18456
18470
18482
18523
18587
18666
18678
18754
18779
18822
18826
18920
18960
19005
19048
19058
19083
19110
19117
19123
19219
19229
19291
19319
19337
19343
19377
19403
19407
19474
19475
19487
19513
19532
19625
19744
19765
19813
19815
19843
19865
19872
19874
19882
19913
19922
19940
19954
19976
20011
20030
20034
20062
20117
20125
20136
20223
20247
20289
20290
20294
20314
20317
20319
20328
20331
20360
20379
20380
20388
20392
20440
20590
20591
20600
20612
20659
20722
20809
20840
20852
20861
20890
20894
20906
20949
20951
20976
21006
21008
21050
21116
21144
21148
21161
21170
21176
21180
21187
21256
21276
21301
21400
21434
21467
21548
21554
21636
21656
21666
21679
21680
21705
21719
21776
21777
21810
21896
21898
21900
21952
21954
21955
22000
22109
22111
22127
22147
22233
22281
22437
22504
22517
22538
22634
22692
22696
22732
22787
22808
22845
22863
22894
22904
22911
23003
23054
23057
23066
23092
23109
23141
23171
23209
23242
23280
23330
23341
23389
23426
23430
23435
23439
23440
23461
23480
23483
23488
23490
23529
23604
23631
23664
23679
23682
23688
23707
23710
23718
23722
23775
23782
23818
23819
23823
23864
23865
23975
24037
24106
24135
24215
24230
24244
24276
24306
24310
24345
24366
24418
24516
24533
24540
24572
24580
24587
24592
24608
24631
24636
24637
24658
24693
24743
24750
24816
24830
24874
24891
24918
24921
24926
24938
24942
24975
25089
25110
25113
25125
25129
25225
25240
25323
25337
25368
25369
25404
25413
25435
25463
25504
25526
25567
25609
25617
25633
25659
25661
25717
25795
25796
25806
25892
25893
25932
25941
25967
25998
26030
26073
26078
26086
26091
26167
26187
26238
26240
26266
26271
26280
26323
26392
26410
26435
26455
26470
26524
26540
26555
26623
26648
26658
26694
26699
26700
26731
26748
26754
26761
26776
26777
26836
26859
26880
26889
26893
26942
26957
26958
26964
26971
26989
27018
27027
27080
27093
27145
27167
27192
27195
27207
27238
27276
27299
27300
27333
27343
27352
27393
27409
27506
27517
27520
27557
27566
27582
27612
27682
27716
27736
27740
27763
27786
27892
27899
27920
27931
27935
27980
27981
28089
28131
28225
28230
28271
28277
28364
28374
28413
28414
28420
28443
28483
28490
28495
28535
28542
28559
28564
28624
28654
28748
28774
28781
28823
28860
28932
28933
28943
28984
29038
29058
29087
29093
29099
29109
29111
29117
29213
29214
29218
29225
29231
29258
29266
29277
29285
29290
29292
29299
29301
29366
29376
29387
29415
29430
29440
29476
29555
29558
29606
29697
29729
29770
29814
29859
29959
29973
29996
30001
30007
30008
30023
30072
30100
30115
30143
30191
30196
30211
30216
30220
30242
30259
30272
30275
30295
30298
30299
30312
30331
30363
30366
30481
30483
30490
30495
30528
30558
30563
30590
30615
30653
30692
30699
30711
30728
30774
30793
30814
30832
30851
30871
30890
30912
30918
30926
30947
30948
30995
31065
31074
31075
31077
31101
31110
31113
31137
31142
31149
31175
31180
31223
31232
31241
31260
31293
31390
31439
31519
31537
31550
31561
31566
31584
31590
31602
31616
31648
31657
31701
31716
31741
31760
31767
31804
31846
31858
31865
31886
31897
31899
31904
32000
32046
32099
32100
32121
32129
32148
32155
32192
32228
32230
32232
32264
32367
32378
32419
32425
32447
32461
32464
32473
32496
32511
32517
32552
32553
32587
32633
32685
32727
32757
32784
32870
32920
32922
32948
32989
33008
33029
33047
33090
33098
33111
33121
33128
33146
33159
33205
33212
33264
33297
33300
33358
33372
33373
33426
33458
33480
33487
33489
33511
33516
33537
33557
33587
33595
33598
33616
33641
33653
33708
33819
33866
33992
33999
34032
34044
34072
34112
34158
34165
34205
34213
34217
34233
34241
34271
34291
34316
34343
34375
34380
34407
34410
34466
34470
34520
34533
34564
34573
34581
34677
34700
34715
34731
34741
34758
34773
34842
34850
34885
34919
34922
34940
34967
34992
35018
35070
35079
35107
35131
35232
35300
35317
35324
35350
35437
35462
35597
35615
35647
35649
35671
35675
35680
35694
35697
35760
35761
35790
35797
35810
35846
35869
35940
35960
35987
35996
36036
36058
36179
36185
36216
36222
36233
36258
36261
36309
36314
36321
36359
36434
36436
36449
36473
36518
36543
36565
36567
36590
36624
36656
36673
36693
36721
36762
36785
36796
36813
36841
36865
36889
36900
36919
36920
36951
36954
36985
37051
37065
37127
37157
37177
37179
37206
37227
37271
37286
37297
37332
37343
37384
37476
37504
37543
37572
37615
37619
37692
37693
37695
37708
37712
37749
37780
37832
37846
37867
37876
37920
37929
37930
37963
37973
37982
37992
38009
38028
38045
38115
38194
38213
38234
38247
38267
38272
38284
38312
38325
38350
38390
38455
38503
38547
38550
38571
38575
38583
38592
38593
38659
38670
38733
38777
38790
38837
38881
38893
38921
38933
38935
39017
39028
39093
39117
39129
39148
39149
39185
39188
39190
39214
39281
39295
39313
39319
39354
39367
39369
39378
39396
39397
39442
39448
39496
39517
39536
39644
39662
39680
39701
39702
39737
39751
39762
39792
39795
39823
39872
39898
39916
39935
39997
-1
