0
21
29
35
43
72
96
114
141
200
206
214
257
293
401
514
522
584
586
606
611
651
710
755
759
808
858
925
939
967
991
998
1007
1048
1055
1099
1125
1148
1186
1193
1216
1219
1220
1236
1279
1282
1326
1365
1368
1373
1450
1461
1526
1530
1541
1595
1659
1716
1749
1765
1775
1796
1879
1924
1955
1973
2037
2038
2122
2127
2135
2180
2188
2233
2256
2285
2307
2320
2341
2357
2363
2376
2421
2428
2484
2510
2513
2526
2538
2545
2550
2555
2560
2567
2674
2713
2724
2742
2753
2849
2901
2902
2910
2955
2963
2967
2974
2977
3032
3053
3073
3086
3088
3094
3151
3159
3161
3253
3260
3270
3362
3363
3373
3417
3445
3467
3471
3647
3660
3701
3798
3825
3830
3839
3868
3875
3884
3899
3904
3954
4007
4048
4062
4074
4105
4179
4187
4201
4214
4261
4281
4308
4313
4349
4373
4415
4427
4438
4439
4468
4482
4503
4505
4535
4547
4557
4572
4600
4624
4625
4627
4630
4634
4652
4700
4725
4752
4786
4829
4849
4867
4923
4957
4964
4989
5013
5025
5047
5053
5055
5071
5093
5126
5137
5147
5209
5239
5254
5261
5267
5272
5342
5348
5400
5441
5457
5458
5511
5517
5528
5533
5571
5619
5642
5669
5751
5765
5770
5783
5839
5879
5890
5903
5910
5911
5969
6033
6043
6052
6075
6092
6095
6099
6114
6117
6139
6144
6147
6156
6160
6190
6218
6265
6270
6274
6278
6291
6299
6307
6310
6353
6360
6433
6435
6450
6463
6480
6488
6501
6503
6526
6534
6581
6621
6634
6645
6656
6664
6673
6741
6785
6835
6853
6888
6914
6929
6964
6992
7013
7017
7027
7034
7059
7084
7114
7116
7167
7177
7189
7194
7212
7214
7231
7240
7248
7287
7313
7316
7338
7356
7392
7416
7491
7520
7565
7566
7595
7609
7621
7635
7636
7641
7653
7662
7843
7861
7868
7906
7967
8030
8078
8083
8114
8165
8183
8232
8241
8261
8265
8276
8290
8291
8302
8381
8437
8492
8494
8507
8556
8619
8654
8673
8687
8713
8761
8781
8857
8884
8932
8933
8963
8990
8998
9019
9039
9097
9132
9139
9184
9226
9237
9246
9249
9279
9309
9341
9365
9392
9414
9430
9509
9528
9531
9574
9578
9584
9616
9629
9649
9680
9682
9686
9687
9723
9825
9898
10030
10046
10073
10087
10121
10132
10162
10184
10202
10215
10267
10271
10280
10291
10311
10438
10506
10549
10728
10766
10775
10779
10788
10807
10818
10831
10847
10855
10857
10883
10935
10943
10963
10974
11027
11028
11075
11131
11143
11195
11200
11214
11250
11281
11282
11303
11321
11329
11362
11371
11417
11426
11428
11441
11442
11469
11502
11525
11545
11564
11580
11597
11637
11668
11672
11700
11730
11824
11863
11880
11897
11910
11940
11995
12034
12089
12090
12104
12106
12122
12160
12172
12189
12208
12219
12252
12284
12347
12388
12394
12407
12427
12521
12528
12615
12620
12626
12630
12634
12693
12705
12790
12793
12803
12860
12884
12886
12904
12920
12927
12944
12957
12965
12972
13028
13045
13101
13147
13150
13153
13258
13309
13355
13378
13379
13398
13475
13508
13516
13521
13547
13566
13599
13609
13617
13633
13685
13711
13730
13767
13794
13800
13806
13847
13858
13888
13986
14004
14022
14025
14030
14039
14058
14059
14061
14065
14107
14121
14156
14181
14213
14229
14236
14263
14333
14367
14371
14388
14395
14400
14417
14512
14574
14593
14620
14625
14635
14649
14692
14728
14788
14796
14818
14821
14861
14877
14905
14980
14984
15006
15099
15174
15196
15200
15206
15216
15224
15235
15246
15306
15333
15339
15365
15395
15406
15412
15451
15521
15537
15543
15549
15580
15589
15639
15692
15712
15739
15781
15837
15838
15875
15890
15902
15917
15931
15967
16053
16091
16100
16101
16170
16199
16209
16252
16283
16309
16320
16345
16358
16359
16381
16415
16424
16480
16487
16490
16513
16552
16559
16594
16600
16667
16676
16770
16772
16777
16833
16900
16918
16930
16950
16962
16977
17019
17044
17070
17223
17255
17258
17261
17271
17275
17326
17332
17343
17368
17410
17412
17432
17435
17444
17463
17495
17501
17504
17514
17532
17553
17560
17609
17616
17637
17638
17642
17649
17657
17679
17703
17706
17743
17846
17900
17961
18030
18060
18086
18163
18211
18218
18239
18281
18288
18313
18513
18550
18606
18630
18707
18708
18714
18781
18796
18818
18820
18848
18880
18886
18889
18934
18938
18958
18969
19032
19074
19076
19098
19102
19130
19205
19217
19218
19232
19235
19237
19289
19297
19326
19353
19368
19369
19370
19371
19374
19422
19473
19482
19497
19509
19517
19540
19544
19602
19671
19674
19681
19738
19762
19765
19803
19847
19851
19930
20027
20130
20141
20160
20219
20230
20267
20323
20340
20353
20411
20445
20486
20494
20509
20575
20603
20604
20634
20639
20694
20701
20711
20713
20755
20786
20814
20852
20889
20894
20927
20976
20983
21030
21060
21128
21202
21237
21249
21252
21255
21291
21340
21395
21446
21456
21473
21487
21502
21509
21517
21524
21552
21554
21694
21751
21776
21805
21824
21865
21923
21932
21939
21950
21998
22003
22013
22032
22105
22115
22202
22230
22295
22318
22412
22425
22497
22567
22570
22592
22601
22605
22607
22661
22670
22738
22741
22769
22796
22816
22841
22849
22853
22875
22895
22973
22977
23073
23075
23078
23117
23122
23142
23155
23184
23250
23264
23274
23291
23309
23346
23355
23442
23485
23488
23500
23551
23615
23616
23646
23647
23679
23689
23759
23765
23781
23796
23812
23852
23853
23868
23905
23929
23944
23987
23989
24022
24024
24028
24043
24083
24148
24149
24164
24183
24192
24199
24233
24235
24244
24309
24393
24420
24589
24621
24630
24676
24713
24815
24858
24899
24910
24933
24950
24953
24960
25009
25011
25020
25026
25094
25126
25151
25158
25206
25208
25211
25219
25265
25303
25308
25365
25373
25397
25405
25452
25476
25502
25630
25652
25656
25673
25682
25693
25790
25797
25810
25876
25888
25891
25896
25939
25948
25965
25967
25968
25971
26020
26052
26076
26087
26092
26119
26131
26165
26180
26184
26212
26230
26259
26266
26306
26356
26357
26440
26444
26496
26510
26516
26550
26578
26596
26632
26648
26723
26731
26768
26792
26823
26830
26835
26881
26914
26959
26979
26983
26989
26992
26994
27008
27011
27025
27064
27099
27160
27194
27198
27218
27253
27277
27295
27300
27372
27438
27533
27540
27545
27559
27575
27593
27617
27626
27640
27647
27684
27714
27730
27733
27761
27768
27772
27777
27785
27796
27810
27853
27867
27870
27887
27901
27936
28025
28083
28158
28238
28279
28298
28344
28423
28439
28449
28485
28494
28525
28552
28565
28567
28572
28599
28600
28618
28634
28664
28701
28775
28781
28796
28804
28832
28850
28861
28863
28889
28902
28908
28923
28933
28940
28973
28980
28985
29070
29081
29156
29175
29209
29335
29342
29367
29385
29394
29407
29411
29420
29502
29509
29515
29519
29555
29573
29586
29597
29634
29701
29801
29803
29824
29829
29850
29899
29913
29917
29922
29923
29928
29982
30042
30068
30113
30181
30220
30275
30290
30369
30402
30404
30421
30454
30463
30466
30467
30514
30547
30550
30554
30556
30589
30625
30659
30670
30679
30715
30724
30729
30742
30751
30776
30793
30808
30819
30833
30857
30894
30919
30926
30938
30956
30959
30978
30979
31000
31039
31060
31081
31085
31115
31135
31156
31182
31239
31252
31287
31319
31358
31367
31375
31381
31467
31468
31469
31500
31536
31556
31572
31586
31596
31606
31646
31659
31669
31689
31761
31827
31841
31878
31891
31899
31902
31955
31961
31982
31994
31997
32039
32044
32050
32053
32059
32094
32106
32114
32204
32232
32265
32274
32297
32300
32315
32346
32395
32408
32427
32435
32490
32502
32527
32568
32580
32660
32664
32731
32740
32745
32768
32790
32800
32893
32895
32912
32923
32943
33003
33024
33046
33053
33059
33074
33118
33147
33181
33186
33194
33298
33377
33387
33405
33430
33442
33470
33495
33530
33544
33570
33599
33638
33653
33666
33702
33703
33705
33722
33835
33881
33885
33954
33959
33993
34019
34021
34032
34067
34099
34117
34137
34164
34204
34236
34248
34269
34300
34312
34330
34337
34339
34345
34356
34358
34411
34515
34538
34546
34555
34588
34639
34647
34727
34733
34757
34770
34775
34805
34823
34833
34846
34857
34866
34957
34965
35035
35044
35096
35112
35116
35127
35130
35267
35275
35283
35292
35328
35377
35461
35475
35501
35522
35535
35583
35588
35603
35630
35662
35671
35672
35676
35685
35694
35741
35755
35766
35769
35839
35886
35970
35994
36002
36019
36036
36052
36084
36138
36216
36244
36259
36275
36281
36297
36313
36414
36442
36444
36481
36565
36618
36640
36700
36708
36805
36832
36992
37022
37066
37098
37099
37112
37122
37124
37154
37159
37226
37248
37252
37254
37261
37267
37277
37282
37299
37321
37411
37435
37483
37488
37590
37608
37629
37695
37700
37729
37743
37746
37758
37834
37846
37868
37891
37928
37956
38045
38099
38126
38128
38133
38192
38210
38231
38279
38312
38349
38354
38386
38409
38415
38436
38437
38478
38514
38523
38537
38595
38646
38654
38678
38696
38800
38805
38818
38878
38922
38925
38933
38938
38940
38952
38958
39001
39029
39031
39093
39111
39142
39152
39179
39194
39223
39238
39242
39265
39292
39319
39325
39350
39400
39431
39440
39485
39524
39540
39558
39567
39582
39590
39624
39641
39691
39697
39703
39756
39772
39837
39858
39914
39980
-1
