7
48
100
111
145
175
195
254
268
310
316
321
322
371
373
398
435
449
472
481
496
500
505
527
528
543
693
721
723
725
728
732
741
793
796
797
859
902
905
969
1035
1051
1057
1080
1085
1171
1206
1220
1221
1313
1321
1333
1342
1355
1366
1395
1398
1415
1436
1438
1456
1457
1587
1656
1685
1714
1715
1730
1770
1855
1901
1904
1906
1916
1945
1947
2058
2078
2092
2097
2159
2192
2220
2240
2258
2264
2288
2414
2430
2466
2470
2476
2488
2494
2503
2506
2531
2612
2613
2639
2652
2730
2739
2906
2969
3089
3109
3116
3132
3145
3177
3186
3282
3339
3353
3360
3383
3396
3411
3459
3475
3493
3514
3542
3555
3583
3593
3649
3664
3678
3693
3694
3696
3712
3723
3832
3889
3896
3919
3931
3951
3971
3977
3978
4006
4010
4019
4054
4055
4057
4091
4101
4105
4115
4125
4205
4221
4268
4302
4308
4371
4396
4448
4478
4484
4549
4558
4560
4568
4573
4592
4690
4722
4731
4751
4814
4823
4832
4847
4889
4895
4906
4935
4936
5018
5025
5041
5056
5144
5157
5201
5221
5325
5332
5359
5372
5373
5405
5477
5484
5488
5490
5545
5552
5628
5632
5634
5670
5716
5743
5764
5786
5788
5805
5833
5845
5847
5853
5861
5862
5883
5887
5921
5970
5988
6003
6019
6027
6045
6066
6082
6112
6137
6147
6158
6160
6162
6164
6211
6259
6289
6303
6321
6343
6359
6393
6427
6469
6525
6552
6577
6659
6665
6675
6683
6717
6725
6745
6746
6795
6899
6934
6940
6962
7057
7087
7107
7108
7125
7162
7178
7197
7231
7237
7304
7314
7315
7348
7352
7420
7449
7451
7580
7588
7600
7613
7639
7647
7693
7750
7797
7807
7866
7873
7883
7916
8003
8052
8060
8062
8084
8119
8130
8179
8234
8261
8276
8300
8312
8313
8405
8419
8538
8571
8597
8636
8682
8695
8734
8777
8802
8882
8890
8942
8996
9010
9036
9044
9077
9137
9148
9173
9196
9228
9272
9287
9322
9389
9431
9443
9449
9463
9476
9518
9523
9573
9582
9615
9630
9657
9692
9698
9751
9769
9792
9814
9842
9878
9898
9942
10115
10222
10310
10333
10341
10384
10388
10462
10484
10493
10507
10541
10607
10635
10764
10784
10806
10816
10825
10843
10881
10886
10899
10924
10932
10934
10946
10985
10986
11021
11031
11076
11086
11149
11181
11323
11326
11361
11362
11376
11402
11410
11422
11424
11434
11473
11483
11520
11537
11611
11618
11623
11624
11704
11733
11765
11777
11835
11838
11840
11864
11877
11935
11946
11973
11987
11994
12003
12020
12042
12060
12075
12116
12143
12152
12191
12204
12219
12229
12274
12299
12315
12332
12364
12382
12396
12433
12465
12523
12542
12551
12558
12559
12564
12600
12602
12611
12612
12623
12634
12657
12661
12690
12694
12716
12722
12742
12746
12750
12829
12846
12862
12876
12883
12904
12937
12965
12967
12968
12985
13001
13047
13084
13111
13269
13301
13303
13359
13365
13395
13458
13486
13520
13545
13546
13577
13580
13622
13623
13647
13653
13675
13687
13708
13714
13721
13739
13758
13789
13800
13811
13855
13864
13869
13906
13922
13970
13981
14045
14087
14127
14184
14194
14202
14226
14265
14337
14369
14377
14378
14388
14425
14501
14565
14581
14599
14627
14715
14757
14765
14822
14848
14931
14969
15011
15034
15039
15047
15085
15103
15125
15164
15181
15213
15223
15278
15290
15306
15369
15376
15400
15405
15410
15424
15452
15454
15481
15492
15584
15588
15595
15607
15608
15626
15671
15709
15715
15741
15742
15790
15812
15830
15939
15988
15993
16024
16064
16099
16151
16172
16227
16239
16241
16258
16259
16267
16301
16304
16311
16333
16425
16445
16463
16470
16471
16473
16491
16495
16500
16508
16543
16548
16554
16596
16615
16631
16632
16696
16725
16795
16951
16965
16983
17012
17040
17047
17050
17112
17138
17142
17146
17189
17211
17214
17220
17232
17264
17270
17304
17362
17365
17379
17392
17436
17449
17461
17466
17486
17517
17520
17537
17544
17550
17575
17634
17645
17678
17702
17705
17784
17800
17885
17898
17932
17964
17990
18037
18045
18054
18087
18137
18149
18164
18165
18207
18222
18226
18248
18313
18315
18323
18403
18446
18490
18515
18523
18561
18590
18744
18872
19010
19018
19046
19090
19160
19179
19197
19225
19226
19274
19278
19356
19373
19394
19395
19404
19491
19517
19552
19563
19586
19626
19654
19675
19721
19750
19762
19764
19765
19796
19838
19859
19887
19918
19930
19960
20048
20057
20062
20063
20217
20233
20295
20321
20327
20365
20367
20398
20431
20446
20449
20455
20491
20533
20536
20549
20566
20607
20613
20650
20659
20682
20687
20705
20739
20786
20819
20829
20841
20846
20923
21123
21131
21141
21187
21195
21202
21275
21276
21282
21303
21315
21379
21448
21462
21484
21490
21496
21500
21512
21517
21545
21578
21594
21623
21628
21672
21711
21719
21736
21739
21742
21752
21760
21796
21818
21823
21881
21906
21913
21921
21937
21951
21990
21997
22039
22076
22176
22177
22244
22256
22263
22269
22282
22359
22381
22384
22386
22482
22490
22528
22542
22601
22637
22648
22734
22755
22756
22778
22815
22830
22849
22850
22872
22880
22947
22961
22990
23016
23037
23046
23052
23057
23098
23128
23186
23211
23241
23345
23427
23437
23473
23480
23484
23565
23568
23591
23628
23630
23631
23638
23640
23718
23757
23809
23819
23823
23898
23931
23951
24027
24042
24044
24060
24067
24077
24085
24088
24097
24128
24134
24149
24232
24233
24248
24324
24388
24400
24426
24443
24455
24510
24534
24541
24549
24576
24583
24591
24592
24612
24613
24619
24629
24638
24700
24704
24712
24723
24734
24788
24836
24837
24847
24862
24866
24935
24975
24976
24992
24995
25009
25063
25107
25115
25131
25218
25228
25282
25292
25335
25348
25359
25476
25481
25489
25510
25511
25522
25540
25574
25586
25594
25604
25606
25619
25636
25644
25672
25679
25692
25701
25735
25747
25771
25777
25783
25860
25863
25896
25918
25929
25963
25968
25975
26005
26009
26011
26012
26023
26067
26079
26089
26111
26132
26167
26251
26330
26340
26344
26434
26464
26482
26490
26519
26549
26551
26567
26580
26591
26625
26632
26635
26640
26674
26684
26700
26721
26778
26865
26885
26916
26972
26993
27009
27025
27041
27049
27065
27068
27090
27144
27145
27155
27173
27203
27245
27300
27309
27323
27366
27394
27466
27480
27501
27506
27513
27534
27556
27566
27609
27627
27631
27661
27662
27669
27684
27698
27715
27812
27818
27854
27862
27863
27912
27921
27945
27962
28067
28082
28227
28231
28294
28318
28340
28349
28417
28430
28454
28458
28485
28581
28734
28784
28817
28826
28872
28874
28924
28931
28972
28976
28978
28983
29021
29049
29054
29070
29104
29139
29142
29250
29254
29261
29286
29305
29313
29317
29360
29378
29382
29401
29402
29404
29413
29499
29505
29508
29572
29597
29600
29616
29620
29621
29637
29744
29786
29809
29822
29869
29870
29871
29908
29987
30027
30048
30070
30076
30100
30176
30203
30230
30289
30319
30344
30396
30420
30484
30510
30515
30539
30548
30570
30644
30684
30699
30702
30738
30764
30784
30811
30890
30897
30904
30911
30916
31001
31057
31110
31131
31146
31156
31166
31178
31179
31187
31200
31201
31268
31270
31273
31364
31405
31416
31464
31479
31492
31542
31557
31601
31642
31646
31653
31672
31693
31704
31705
31734
31749
31752
31772
31812
31859
31876
31883
31890
31891
31904
31944
31992
32024
32034
32038
32042
32066
32087
32088
32090
32133
32138
32176
32267
32276
32294
32300
32336
32421
32435
32463
32476
32589
32635
32682
32700
32722
32733
32734
32752
32753
32783
32786
32795
32806
32869
32900
32921
32973
32978
32988
33017
33062
33105
33114
33135
33158
33229
33254
33274
33276
33287
33306
33317
33328
33330
33331
33349
33392
33393
33414
33477
33555
33623
33633
33692
33740
33752
33756
33766
33771
33781
33805
33836
33857
33872
33886
33895
33917
34008
34025
34036
34115
34166
34199
34228
34246
34293
34316
34324
34331
34353
34421
34440
34463
34472
34505
34512
34539
34572
34621
34652
34654
34698
34703
34704
34706
34765
34786
34789
34810
34882
34889
34899
34917
34921
34922
34934
34948
34973
34974
35002
35015
35028
35066
35069
35079
35083
35097
35133
35163
35176
35179
35181
35200
35228
35237
35242
35248
35250
35280
35326
35327
35361
35378
35398
35404
35449
35466
35513
35523
35531
35540
35599
35608
35611
35634
35696
35711
35774
35843
35845
35852
35872
35956
35969
35979
36014
36051
36052
36053
36084
36114
36134
36143
36144
36162
36167
36172
36190
36216
36228
36233
36262
36293
36337
36358
36375
36425
36458
36524
36530
36556
36603
36608
36614
36631
36641
36717
36738
36750
36758
36821
36824
36869
36907
36931
36978
36988
36996
37009
37019
37044
37047
37052
37147
37231
37234
37282
37287
37292
37299
37308
37325
37347
37370
37405
37428
37531
37547
37558
37606
37616
37627
37674
37682
37696
37709
37747
37770
37811
37836
37840
37846
37853
37941
37960
37971
37991
37994
38023
38039
38086
38098
38109
38113
38141
38169
38178
38224
38230
38281
38318
38355
38393
38405
38408
38504
38522
38530
38557
38597
38612
38681
38733
38792
38797
38832
38849
38879
38904
38969
38993
39036
39045
39063
39066
39084
39104
39105
39117
39203
39233
39303
39359
39384
39406
39489
39503
39563
39587
39606
39650
39667
39699
39711
39813
39845
39890
39897
39914
39966
39998
-1
