21
33
73
128
174
180
198
281
414
457
527
538
549
577
578
595
608
630
642
663
709
786
787
801
806
826
867
868
874
914
917
1017
1026
1060
1065
1066
1071
1149
1226
1231
1244
1270
1287
1290
1303
1306
1333
1336
1356
1382
1411
1419
1424
1427
1464
1468
1516
1527
1544
1545
1574
1577
1579
1593
1598
1626
1644
1708
1727
1755
1776
1777
1785
1788
1792
1808
1841
1872
1888
1892
1902
1928
1975
1997
1998
2040
2083
2084
2091
2147
2162
2163
2336
2363
2422
2471
2509
2515
2581
2617
2620
2664
2668
2676
2685
2688
2721
2754
2757
2804
2810
2909
2925
2956
2983
2986
2996
3156
3179
3227
3242
3261
3274
3278
3314
3375
3387
3414
3442
3452
3455
3534
3536
3537
3556
3655
3698
3700
3790
3796
3811
3838
3860
3861
3886
3894
3902
3903
3933
3961
3980
4041
4045
4051
4063
4089
4172
4203
4219
4269
4354
4374
4380
4427
4432
4457
4490
4514
4588
4604
4624
4655
4656
4681
4716
4745
4752
4838
4865
4868
4931
4965
5060
5071
5141
5180
5188
5225
5243
5267
5273
5283
5299
5319
5331
5425
5441
5452
5499
5560
5567
5603
5629
5711
5760
5784
5796
5817
5839
5877
5943
5948
5970
6008
6040
6097
6129
6135
6143
6163
6187
6215
6227
6242
6244
6274
6298
6313
6317
6329
6332
6350
6431
6468
6546
6598
6634
6662
6721
6723
6771
6784
6803
6821
6823
6827
6856
6862
6885
6892
6952
6962
6979
6988
7031
7041
7064
7072
7091
7121
7129
7149
7153
7155
7163
7201
7221
7228
7246
7306
7335
7394
7401
7412
7462
7493
7550
7581
7598
7612
7635
7649
7669
7705
7712
7787
7793
7817
7854
7868
7870
7903
7929
7984
8008
8023
8028
8053
8064
8067
8102
8114
8129
8136
8146
8192
8255
8320
8333
8374
8388
8391
8411
8452
8453
8455
8459
8465
8478
8502
8531
8554
8563
8595
8599
8610
8620
8660
8687
8702
8758
8785
8787
8800
8820
8829
8840
8871
8919
8940
8948
8955
8982
8995
8996
9001
9006
9021
9026
9031
9032
9042
9058
9100
9116
9164
9196
9221
9224
9250
9255
9266
9270
9304
9313
9346
9350
9435
9482
9501
9511
9546
9562
9593
9622
9647
9688
9707
9720
9725
9811
9821
9836
9871
9902
9908
9952
10003
10067
10090
10125
10145
10242
10248
10268
10329
10332
10395
10402
10423
10425
10429
10448
10493
10498
10532
10538
10585
10608
10647
10648
10663
10665
10677
10735
10763
10770
10799
10810
10816
10884
10899
10906
11031
11036
11062
11072
11112
11121
11136
11137
11139
11148
11149
11156
11158
11203
11208
11218
11309
11349
11470
11481
11522
11535
11579
11586
11590
11594
11643
11647
11671
11726
11798
11814
11888
11922
11994
12034
12076
12093
12102
12140
12153
12196
12308
12328
12407
12410
12415
12474
12499
12506
12515
12528
12529
12542
12550
12563
12572
12665
12705
12708
12712
12736
12756
12761
12782
12846
12847
12865
12968
12993
13020
13025
13031
13076
13079
13094
13148
13167
13170
13172
13179
13218
13235
13284
13288
13368
13389
13398
13436
13473
13475
13484
13493
13505
13520
13552
13567
13617
13634
13675
13751
13784
13824
13843
13860
13868
13895
13897
13990
14002
14015
14027
14040
14046
14062
14064
14069
14191
14196
14197
14231
14256
14258
14267
14270
14274
14303
14337
14353
14384
14463
14508
14574
14595
14639
14649
14700
14706
14719
14731
14758
14794
14829
14873
14896
14927
14928
14932
14955
15000
15038
15046
15069
15100
15125
15173
15186
15227
15262
15328
15331
15333
15346
15349
15355
15379
15400
15413
15422
15458
15465
15478
15598
15603
15662
15707
15742
15752
15765
15782
15785
15786
15812
15816
15845
15911
15950
15987
16006
16011
16025
16087
16108
16126
16138
16142
16194
16215
16229
16272
16313
16334
16341
16350
16352
16362
16367
16386
16408
16454
16460
16470
16503
16507
16532
16557
16647
16657
16670
16683
16697
16735
16767
16791
16811
16823
16907
16945
17047
17069
17098
17139
17147
17167
17183
17185
17193
17217
17270
17354
17409
17451
17469
17478
17510
17532
17565
17625
17631
17647
17648
17672
17709
17751
17754
17761
17826
17828
17907
17914
17916
17949
18008
18044
18080
18094
18112
18117
18127
18131
18141
18184
18258
18297
18409
18415
18421
18441
18480
18522
18566
18651
18653
18660
18738
18768
18794
18815
18834
18835
18837
18854
18855
18857
18869
18878
18886
18968
18996
19011
19078
19086
19110
19134
19169
19218
19227
19229
19293
19303
19345
19383
19425
19501
19502
19512
19523
19526
19557
19571
19583
19591
19645
19670
19677
19697
19702
19717
19745
19772
19818
19823
19871
19930
19980
19988
20034
20087
20089
20095
20112
20141
20148
20154
20169
20180
20215
20235
20268
20281
20306
20339
20353
20356
20363
20370
20380
20393
20432
20500
20510
20515
20522
20548
20608
20610
20646
20682
20690
20720
20806
20812
20878
20983
20998
21000
21014
21025
21066
21076
21116
21131
21191
21214
21267
21273
21276
21322
21426
21445
21491
21521
21532
21544
21589
21600
21611
21646
21657
21686
21709
21714
21719
21745
21757
21797
21873
21912
21981
22000
22011
22023
22024
22081
22142
22200
22247
22266
22286
22326
22328
22355
22361
22442
22475
22480
22508
22525
22552
22580
22622
22641
22647
22662
22685
22709
22757
22761
22786
22810
22877
23005
23007
23012
23034
23054
23061
23096
23102
23115
23124
23139
23158
23165
23169
23210
23231
23239
23245
23293
23298
23347
23361
23375
23446
23472
23620
23662
23703
23721
23732
23743
23787
23842
23882
23883
23910
23930
23936
23960
23961
24050
24128
24146
24156
24169
24171
24304
24347
24360
24374
24441
24507
24557
24568
24586
24590
24623
24639
24677
24682
24699
24703
24708
24728
24733
24735
24740
24773
24778
24781
24820
24854
24856
24882
24899
24962
24982
24987
24990
25005
25015
25017
25081
25085
25152
25197
25200
25208
25228
25269
25317
25320
25326
25328
25374
25385
25415
25439
25447
25448
25485
25489
25533
25552
25619
25627
25657
25687
25689
25719
25721
25740
25768
25809
25846
25880
25888
25917
25963
26062
26082
26083
26087
26109
26154
26162
26169
26188
26189
26191
26228
26242
26297
26339
26360
26369
26383
26399
26411
26441
26469
26472
26474
26512
26521
26555
26564
26592
26598
26614
26672
26699
26739
26761
26792
26798
26812
26828
26832
26842
26843
26851
26898
26966
27006
27010
27050
27057
27073
27100
27161
27173
27177
27219
27241
27249
27250
27274
27319
27335
27375
27385
27400
27407
27428
27433
27594
27602
27643
27659
27683
27707
27709
27757
27759
27796
27868
27905
27973
27978
27980
28038
28042
28046
28061
28141
28257
28274
28275
28313
28336
28353
28415
28444
28459
28469
28487
28514
28537
28546
28564
28575
28643
28645
28659
28673
28677
28692
28712
28722
28773
28778
28792
28868
28914
28947
28954
28972
29007
29012
29015
29151
29159
29164
29169
29182
29259
29268
29274
29291
29311
29331
29353
29359
29380
29444
29460
29486
29500
29542
29546
29558
29628
29631
29637
29638
29654
29660
29672
29677
29706
29731
29821
29846
29886
29939
29949
29978
30010
30032
30038
30071
30099
30177
30227
30229
30284
30307
30318
30337
30347
30350
30373
30374
30386
30404
30449
30469
30483
30507
30615
30619
30628
30648
30689
30695
30710
30717
30724
30747
30783
30870
30878
30912
30950
30985
31013
31020
31033
31036
31074
31080
31083
31087
31093
31104
31168
31213
31286
31297
31305
31312
31314
31322
31350
31362
31383
31437
31451
31483
31485
31487
31549
31570
31579
31607
31628
31675
31721
31745
31747
31772
31775
31824
31868
31891
31952
31960
32009
32045
32085
32095
32121
32143
32261
32283
32287
32321
32325
32350
32374
32379
32403
32424
32439
32482
32530
32540
32543
32574
32575
32592
32598
32608
32669
32677
32706
32709
32720
32764
32765
32795
32799
32872
32922
32974
33015
33028
33041
33064
33104
33124
33157
33163
33167
33175
33295
33324
33346
33356
33407
33410
33514
33539
33617
33658
33746
33762
33797
33807
33821
33822
33841
33907
33963
34056
34079
34080
34083
34124
34159
34184
34250
34259
34267
34273
34288
34292
34307
34342
34356
34401
34502
34511
34518
34522
34535
34566
34590
34619
34628
34677
34702
34709
34730
34778
34782
34840
34882
34897
34930
34935
34960
34979
34989
35007
35009
35017
35019
35026
35029
35056
35165
35180
35191
35203
35205
35234
35253
35407
35434
35450
35467
35503
35510
35537
35555
35569
35574
35583
35617
35631
35639
35651
35694
35763
35788
35791
35832
35855
35867
35872
35891
35998
36112
36125
36131
36132
36169
36203
36310
36313
36359
36392
36458
36497
36514
36516
36532
36593
36596
36608
36633
36696
36722
36818
36825
36839
36847
36893
36912
36921
36925
36944
36957
36968
36997
37034
37060
37065
37072
37163
37180
37187
37241
37299
37318
37327
37339
37362
37367
37375
37382
37424
37488
37497
37507
37528
37542
37552
37581
37606
37637
37689
37751
37767
37772
37775
37783
37789
37920
37966
37996
38042
38094
38128
38138
38165
38168
38199
38231
38276
38280
38288
38338
38384
38414
38434
38464
38475
38490
38492
38527
38587
38615
38720
38760
38777
38901
38924
38936
38984
39061
39069
39128
39143
39144
39180
39212
39232
39281
39291
39306
39308
39333
39348
39406
39472
39508
39546
39585
39603
39663
39669
39697
39771
39800
39812
39857
39858
39863
39865
39883
39888
39891
39894
-1
