19
89
110
135
163
236
270
305
370
424
425
499
540
568
614
675
712
742
793
799
813
871
892
896
902
981
1011
1014
1019
1028
1032
1063
1129
1132
1147
1174
1181
1184
1222
1286
1316
1337
1367
1384
1390
1458
1469
1490
1499
1508
1512
1513
1593
1594
1620
1716
1726
1734
1736
1757
1800
1884
1928
1965
1979
1984
2031
2055
2079
2089
2106
2165
2173
2185
2195
2202
2206
2247
2274
2336
2401
2473
2526
2553
2589
2641
2698
2716
2724
2759
2762
2863
2870
2890
2905
2914
2930
2957
3004
3012
3020
3048
3068
3088
3089
3093
3099
3124
3125
3163
3167
3188
3236
3237
3245
3267
3274
3337
3350
3391
3483
3506
3527
3530
3531
3553
3556
3573
3582
3596
3655
3701
3753
3779
3796
3800
3806
3818
3847
3888
3902
3937
3961
3979
3986
3996
4078
4137
4171
4207
4214
4221
4311
4316
4318
4326
4343
4357
4365
4407
4482
4486
4491
4505
4516
4518
4544
4579
4629
4660
4669
4697
4738
4759
4817
4818
4898
4935
4949
4964
5076
5127
5138
5163
5166
5173
5221
5231
5260
5282
5295
5300
5344
5368
5398
5401
5503
5520
5537
5547
5580
5608
5610
5735
5795
5838
5848
5931
5943
5972
5983
6001
6047
6067
6093
6107
6126
6154
6160
6169
6203
6220
6248
6257
6334
6390
6469
6555
6583
6592
6622
6627
6647
6662
6664
6667
6671
6704
6771
6787
6815
6836
6856
6864
6875
6907
6927
6942
6958
6997
7033
7084
7126
7161
7167
7213
7242
7280
7323
7328
7353
7405
7411
7452
7475
7500
7538
7557
7588
7637
7643
7690
7709
7710
7728
7760
7830
7834
7863
7894
7923
7924
7949
7961
7962
7974
7977
8003
8025
8081
8095
8097
8117
8118
8157
8165
8185
8196
8210
8216
8225
8293
8352
8355
8357
8391
8426
8431
8494
8496
8517
8574
8581
8601
8620
8632
8649
8704
8706
8779
8824
8856
8921
8997
9035
9037
9131
9148
9169
9190
9267
9283
9298
9308
9311
9353
9360
9407
9450
9469
9472
9475
9525
9537
9541
9584
9621
9668
9687
9697
9698
9715
9794
9851
9861
9883
9903
9904
9914
9955
9961
9989
10012
10039
10044
10053
10058
10060
10075
10122
10157
10168
10205
10218
10256
10312
10337
10363
10373
10379
10411
10435
10439
10447
10506
10578
10598
10600
10617
10635
10641
10688
10726
10728
10788
10804
10853
10860
10862
10882
10890
10937
10964
10987
11006
11007
11016
11022
11037
11039
11099
11126
11136
11155
11204
11249
11269
11271
11344
11345
11397
11502
11504
11520
11526
11528
11531
11536
11557
11615
11627
11636
11659
11668
11744
11759
11768
11781
11796
11801
11817
11853
11868
11885
11888
12009
12014
12041
12061
12085
12086
12101
12105
12120
12145
12150
12154
12163
12209
12214
12218
12238
12297
12302
12323
12341
12384
12431
12437
12527
12579
12589
12623
12635
12637
12745
12829
12842
12868
12889
12900
12996
13000
13032
13070
13092
13111
13141
13158
13162
13167
13209
13230
13283
13333
13371
13373
13377
13391
13432
13433
13502
13509
13610
13645
13647
13666
13683
13684
13694
13736
13743
13750
13751
13766
13774
13777
13790
13819
13820
13849
13874
14000
14020
14043
14094
14137
14147
14159
14161
14208
14231
14260
14274
14282
14294
14301
14313
14318
14332
14353
14373
14398
14420
14426
14497
14561
14586
14626
14628
14639
14673
14685
14757
14759
14762
14772
14818
14863
14876
14880
14923
14958
14979
14981
15019
15030
15034
15120
15204
15208
15213
15224
15234
15263
15267
15341
15362
15371
15398
15444
15476
15514
15536
15544
15599
15601
15602
15619
15636
15644
15669
15684
15745
15852
15855
15944
15972
16011
16028
16043
16059
16087
16092
16101
16116
16140
16163
16164
16200
16232
16268
16280
16293
16358
16366
16373
16374
16408
16435
16442
16453
16535
16561
16575
16585
16603
16614
16622
16623
16637
16673
16764
16783
16815
16832
16849
16865
16961
16987
17026
17041
17099
17163
17175
17177
17196
17233
17250
17273
17285
17362
17414
17416
17429
17469
17498
17509
17514
17594
17684
17770
17780
17821
17853
17916
17948
17959
17970
17980
18048
18052
18080
18088
18135
18136
18158
18176
18205
18218
18219
18230
18266
18268
18276
18306
18348
18403
18404
18407
18428
18434
18492
18526
18543
18559
18589
18591
18601
18616
18638
18709
18710
18760
18766
18774
18776
18806
18819
18829
18835
18876
18902
18914
19015
19088
19092
19116
19128
19140
19161
19170
19213
19237
19289
19344
19346
19347
19361
19365
19387
19395
19439
19480
19484
19501
19513
19542
19547
19563
19584
19588
19594
19596
19606
19629
19655
19656
19665
19705
19732
19751
19783
19832
19836
19862
19880
19883
19888
19891
19917
19947
19968
19969
20029
20031
20038
20040
20057
20071
20077
20095
20112
20119
20169
20178
20237
20238
20261
20309
20326
20346
20360
20424
20425
20448
20574
20585
20636
20640
20644
20702
20752
20800
20816
20818
20922
20927
20933
20946
20948
20970
20972
20986
21090
21129
21171
21179
21221
21222
21291
21330
21350
21358
21373
21400
21411
21435
21436
21456
21457
21490
21499
21526
21556
21582
21633
21647
21698
21708
21721
21728
21741
21783
21786
21814
21828
21859
21865
21866
21906
21961
21996
22000
22001
22033
22038
22043
22133
22145
22234
22321
22324
22351
22361
22381
22388
22419
22441
22447
22461
22483
22600
22648
22710
22720
22724
22732
22793
22813
22845
22876
22899
22932
22938
22976
23008
23066
23079
23121
23133
23149
23187
23263
23273
23276
23282
23318
23319
23322
23334
23348
23368
23395
23412
23417
23422
23482
23484
23561
23564
23586
23660
23671
23676
23700
23709
23739
23789
23862
23871
23893
23911
23931
23949
23980
24026
24069
24129
24144
24225
24254
24286
24311
24328
24387
24390
24449
24452
24487
24545
24570
24574
24576
24595
24598
24639
24643
24715
24732
24755
24777
24797
24880
24881
24890
24996
25003
25005
25076
25132
25142
25181
25221
25249
25283
25324
25329
25350
25356
25377
25401
25405
25433
25443
25463
25473
25502
25570
25582
25583
25586
25597
25632
25679
25681
25751
25807
25835
25859
25860
25886
25897
25901
25933
25971
25980
26137
26152
26207
26211
26213
26240
26248
26252
26364
26367
26399
26423
26436
26463
26487
26506
26522
26590
26688
26717
26741
26775
26793
26797
26815
26816
26860
26894
26895
26970
26979
26997
27011
27083
27089
27101
27106
27114
27124
27134
27139
27199
27214
27274
27292
27299
27363
27382
27406
27412
27427
27466
27470
27483
27534
27537
27554
27596
27597
27611
27727
27814
27843
27844
27895
27979
27980
27987
28001
28031
28040
28075
28163
28170
28205
28230
28269
28277
28285
28296
28306
28318
28341
28345
28367
28383
28388
28399
28431
28447
28459
28464
28491
28535
28554
28593
28619
28637
28668
28674
28683
28718
28800
28801
28836
28850
28882
28891
28909
28932
28947
28961
29063
29067
29068
29117
29149
29178
29194
29302
29355
29360
29460
29489
29522
29547
29589
29616
29620
29660
29750
29776
29796
29808
29812
29842
29843
29860
29884
29903
29906
29907
29925
29950
29973
30076
30134
30138
30158
30168
30204
30231
30237
30258
30269
30297
30308
30362
30403
30424
30439
30504
30589
30624
30671
30677
30747
30750
30800
30823
30828
30869
30942
31001
31030
31033
31035
31065
31071
31148
31154
31182
31195
31197
31206
31217
31319
31337
31357
31371
31376
31390
31392
31400
31431
31451
31498
31527
31589
31604
31614
31652
31674
31743
31777
31794
31802
31832
31835
31940
32066
32070
32080
32096
32121
32127
32133
32135
32137
32168
32180
32181
32238
32241
32242
32282
32363
32381
32383
32392
32395
32401
32413
32426
32457
32462
32488
32511
32545
32648
32649
32655
32707
32730
32736
32816
32924
32947
32972
33024
33048
33093
33101
33104
33153
33155
33198
33208
33230
33237
33251
33252
33253
33304
33323
33346
33435
33451
33454
33457
33513
33516
33522
33543
33571
33572
33644
33650
33661
33723
33793
33841
33886
33887
33932
33971
33999
34003
34006
34011
34045
34074
34084
34085
34092
34178
34243
34317
34335
34359
34401
34437
34462
34544
34565
34607
34655
34693
34731
34766
34810
34907
34939
34957
34966
35010
35021
35028
35104
35115
35153
35167
35207
35225
35288
35301
35373
35395
35415
35433
35463
35500
35525
35562
35572
35643
35678
35740
35764
35768
35787
35801
35804
35808
35813
35815
35831
35850
35876
35952
35957
35970
35990
35991
36002
36037
36052
36053
36091
36107
36152
36192
36262
36303
36324
36349
36355
36376
36407
36453
36488
36524
36542
36572
36602
36621
36674
36680
36686
36690
36718
36729
36734
36779
36811
36908
36932
36949
37011
37013
37030
37035
37038
37046
37137
37174
37213
37221
37230
37237
37304
37357
37362
37365
37391
37459
37503
37516
37523
37550
37569
37597
37658
37708
37713
37731
37747
37751
37760
37768
37834
37874
37904
37943
37949
37962
37978
37996
38065
38094
38134
38136
38146
38201
38205
38240
38335
38370
38410
38475
38490
38529
38557
38568
38571
38588
38593
38631
38673
38696
38702
38718
38741
38746
38786
38797
38807
38847
38849
38851
38909
38914
38928
38957
38991
38998
39011
39036
39045
39048
39054
39058
39097
39110
39117
39120
39166
39192
39197
39199
39218
39262
39306
39322
39324
39346
39393
39429
39434
39435
39462
39517
39520
39532
39576
39583
39620
39623
39666
39685
39713
39717
39731
39757
39758
39764
39780
39816
39843
39848
39860
39902
39921
-1
