37
84
86
102
127
178
197
229
263
287
288
296
324
336
339
371
388
432
441
484
486
532
564
615
642
694
695
757
766
783
785
826
836
883
885
892
996
1013
1014
1023
1031
1109
1188
1226
1249
1272
1279
1298
1302
1438
1478
1485
1512
1528
1550
1561
1573
1632
1674
1689
1732
1748
1757
1774
1775
1786
1790
1795
1803
1855
1873
1894
1920
1922
1929
1944
1989
1992
2006
2020
2102
2145
2156
2195
2200
2214
2237
2257
2260
2270
2296
2309
2331
2341
2383
2401
2424
2445
2520
2593
2644
2649
2656
2665
2698
2704
2720
2748
2759
2764
2793
2818
2832
2867
2882
2908
2911
2957
2978
3001
3005
3044
3048
3063
3064
3093
3107
3200
3212
3223
3334
3345
3446
3472
3497
3529
3548
3550
3564
3601
3641
3657
3677
3699
3705
3725
3759
3776
3782
3805
3835
3860
3881
3917
3937
3944
3960
3963
4004
4029
4140
4168
4214
4235
4279
4281
4327
4328
4371
4408
4422
4471
4507
4509
4517
4541
4556
4557
4662
4663
4678
4687
4743
4746
4761
4767
4776
4783
4786
4854
4872
4879
4882
4906
4963
4967
4986
5004
5016
5027
5057
5173
5180
5203
5222
5230
5295
5312
5385
5399
5428
5436
5462
5469
5492
5521
5582
5584
5598
5614
5635
5686
5736
5745
5771
5787
5801
5808
5815
5833
5836
5866
5887
5989
6054
6076
6124
6168
6297
6313
6317
6323
6353
6361
6372
6435
6460
6482
6492
6512
6552
6566
6628
6649
6676
6701
6771
6788
6789
6798
6801
6816
6822
6840
6841
6850
6851
6852
6903
6927
6948
6991
7005
7012
7022
7034
7119
7197
7215
7314
7332
7389
7477
7504
7526
7537
7574
7599
7617
7638
7698
7709
7745
7747
7807
7814
7821
7858
7873
7943
7951
7960
7961
8024
8056
8076
8164
8191
8201
8212
8257
8290
8371
8373
8374
8384
8470
8498
8517
8575
8586
8588
8611
8613
8618
8653
8657
8782
8812
8816
8827
8855
8871
8904
8909
8962
8988
9022
9069
9078
9126
9144
9145
9160
9164
9184
9247
9462
9528
9572
9577
9588
9596
9632
9697
9708
9751
9756
9772
9821
9900
9901
9904
9920
9923
9933
9962
9994
9999
10009
10024
10037
10071
10101
10141
10142
10184
10270
10280
10294
10295
10298
10324
10331
10339
10367
10382
10393
10402
10404
10410
10419
10439
10453
10462
10463
10478
10484
10609
10645
10736
10798
10810
10819
10867
10902
10963
11000
11136
11137
11158
11255
11261
11372
11379
11400
11425
11454
11507
11525
11571
11579
11622
11678
11766
11808
11813
11833
11841
11894
11912
11915
11931
11960
11981
12005
12033
12039
12065
12078
12134
12205
12242
12267
12298
12324
12348
12394
12405
12468
12560
12597
12607
12684
12693
12709
12710
12756
12775
12797
12849
12850
12854
12860
12973
12998
13033
13045
13065
13103
13117
13125
13127
13132
13225
13246
13282
13284
13291
13338
13349
13353
13356
13483
13505
13508
13517
13533
13557
13561
13612
13636
13685
13687
13730
13756
13792
13821
13831
13933
14012
14040
14070
14072
14087
14120
14122
14159
14208
14316
14332
14360
14390
14415
14430
14438
14448
14470
14480
14495
14532
14554
14587
14591
14592
14638
14649
14759
14796
14808
14824
14849
14888
14910
14994
15018
15030
15039
15072
15112
15138
15174
15202
15220
15240
15268
15274
15287
15288
15352
15366
15385
15392
15413
15451
15453
15459
15494
15514
15530
15554
15661
15688
15690
15702
15752
15764
15777
15783
15804
15823
15857
15901
15928
15929
15978
15994
16058
16069
16078
16082
16098
16099
16137
16185
16213
16221
16258
16271
16277
16298
16335
16354
16381
16427
16451
16467
16473
16496
16507
16526
16542
16568
16588
16759
16760
16780
16798
16827
16852
16860
16885
16899
16914
17004
17022
17025
17103
17110
17130
17147
17168
17225
17256
17295
17301
17335
17416
17447
17455
17503
17504
17540
17551
17560
17567
17622
17623
17674
17696
17701
17702
17721
17737
17744
17754
17839
17841
17842
17860
17881
17889
17913
17945
18009
18037
18053
18056
18080
18092
18137
18153
18184
18190
18197
18212
18224
18268
18301
18316
18391
18396
18413
18436
18462
18487
18489
18507
18517
18564
18614
18628
18648
18662
18680
18701
18725
18728
18737
18750
18824
18847
18855
18859
18874
18908
18917
18934
18935
18956
18973
18987
18996
19001
19005
19068
19103
19108
19125
19130
19131
19168
19179
19204
19209
19217
19272
19273
19281
19305
19330
19374
19430
19442
19454
19460
19502
19510
19566
19611
19623
19629
19844
19851
19942
19949
19970
19984
20074
20076
20093
20099
20113
20116
20139
20181
20209
20234
20259
20295
20317
20344
20403
20515
20543
20566
20639
20697
20721
20724
20744
20752
20769
20789
20894
20905
20912
20917
20935
20941
20955
20977
21008
21013
21028
21062
21065
21080
21100
21117
21214
21219
21270
21283
21291
21297
21303
21317
21318
21324
21362
21364
21382
21403
21439
21477
21483
21489
21508
21516
21557
21586
21612
21628
21638
21642
21646
21667
21668
21670
21707
21736
21760
21763
21773
21815
21839
21842
21851
21864
21869
21875
21903
21908
21929
21996
22012
22017
22019
22080
22143
22150
22153
22174
22183
22184
22210
22225
22244
22274
22280
22283
22355
22360
22363
22381
22430
22435
22478
22503
22510
22514
22534
22555
22558
22559
22593
22613
22617
22656
22697
22725
22765
22784
22799
22800
22802
22811
22816
22827
22830
22846
22847
22895
22937
22958
22994
23077
23123
23166
23179
23205
23260
23264
23266
23271
23281
23340
23387
23405
23424
23457
23459
23491
23531
23550
23558
23597
23614
23616
23714
23715
23728
23747
23771
23784
23828
23919
23921
23956
23959
23988
23996
24008
24043
24070
24124
24219
24282
24299
24301
24316
24369
24375
24419
24422
24436
24448
24499
24505
24512
24513
24592
24599
24633
24637
24664
24671
24685
24694
24748
24908
24954
24965
24977
25036
25040
25045
25075
25099
25155
25177
25187
25195
25315
25346
25373
25417
25439
25452
25482
25491
25504
25505
25522
25524
25532
25556
25566
25607
25637
25716
25798
25859
25870
25879
25897
25909
25917
25957
25961
26008
26010
26049
26098
26115
26117
26138
26186
26199
26202
26207
26226
26265
26272
26315
26337
26403
26425
26438
26534
26535
26576
26578
26583
26585
26599
26602
26640
26673
26674
26731
26752
26762
26812
26835
26963
26990
27002
27013
27063
27097
27126
27183
27198
27200
27210
27238
27276
27280
27301
27321
27341
27343
27364
27365
27390
27416
27476
27507
27588
27598
27620
27621
27638
27673
27743
27753
27797
27824
27842
27905
27917
27918
27961
27963
27964
27979
27986
27991
28048
28154
28157
28173
28186
28201
28215
28221
28238
28282
28296
28310
28327
28333
28347
28418
28460
28499
28522
28524
28539
28569
28600
28630
28661
28682
28683
28704
28710
28723
28760
28775
28817
28827
28842
28888
28907
28922
28977
28978
28984
29045
29052
29060
29171
29221
29374
29380
29463
29492
29502
29555
29572
29593
29599
29623
29634
29684
29718
29744
29841
29909
29949
29983
29997
30068
30073
30091
30103
30129
30150
30153
30155
30166
30173
30179
30186
30196
30229
30266
30329
30331
30362
30371
30403
30421
30441
30486
30496
30498
30515
30517
30554
30651
30686
30761
30768
30844
30863
30914
30962
31011
31020
31120
31129
31157
31160
31189
31204
31310
31315
31370
31416
31424
31436
31530
31538
31551
31700
31702
31703
31708
31755
31762
31771
31799
31804
31820
31821
31860
31900
31945
31946
31982
32001
32044
32057
32100
32109
32116
32261
32276
32322
32324
32329
32354
32370
32397
32399
32406
32423
32448
32449
32466
32477
32492
32497
32509
32521
32536
32555
32586
32595
32601
32605
32631
32655
32688
32698
32708
32731
32735
32760
32880
32881
32929
32969
32970
33046
33052
33054
33062
33067
33074
33117
33119
33251
33262
33357
33388
33442
33452
33482
33513
33531
33577
33607
33644
33661
33697
33714
33793
33809
33857
33882
33904
33918
33943
33992
33995
34022
34053
34065
34096
34124
34132
34139
34173
34177
34222
34226
34247
34292
34355
34368
34380
34399
34433
34440
34504
34511
34517
34555
34614
34657
34675
34688
34720
34735
34760
34801
34828
34829
34831
34840
34852
34860
34883
34888
34905
34925
35015
35029
35035
35161
35175
35214
35250
35281
35292
35316
35336
35341
35370
35373
35393
35425
35433
35437
35546
35602
35615
35628
35647
35664
35674
35693
35699
35723
35739
35774
35784
35792
35802
35835
35884
35962
35972
35989
36000
36023
36025
36026
36038
36051
36114
36115
36151
36182
36223
36294
36295
36310
36339
36367
36386
36415
36417
36474
36475
36528
36531
36532
36554
36567
36607
36634
36638
36679
36686
36701
36713
36733
36760
36765
36776
36779
36787
36815
36816
36834
36871
36915
36919
36933
36955
36981
37066
37086
37089
37115
37124
37141
37144
37185
37244
37301
37302
37410
37435
37454
37456
37490
37512
37530
37542
37552
37613
37643
37650
37669
37686
37718
37730
37732
37763
37805
37875
37910
37916
37945
37968
38001
38023
38035
38043
38091
38160
38201
38237
38243
38244
38288
38319
38353
38361
38364
38383
38412
38449
38479
38497
38500
38506
38588
38616
38648
38663
38817
38821
38845
38887
38931
38978
39045
39082
39086
39117
39146
39161
39186
39195
39220
39266
39292
39300
39310
39329
39435
39445
39471
39493
39510
39545
39572
39576
39616
39625
39646
39653
39663
39711
39764
39776
39795
39846
39859
39895
39979
39983
-1
