10
23
33
98
144
146
151
246
270
307
319
342
364
378
394
466
487
489
498
502
515
529
531
612
646
649
678
706
736
754
764
773
795
797
814
831
867
874
875
878
898
902
909
913
1045
1056
1100
1116
1126
1131
1137
1150
1230
1232
1260
1265
1267
1313
1354
1358
1392
1414
1465
1468
1495
1628
1639
1768
1771
1774
1783
1816
1830
1832
1835
1837
1920
1937
2010
2012
2024
2029
2045
2079
2094
2141
2144
2170
2172
2285
2339
2408
2415
2419
2424
2442
2459
2538
2589
2633
2649
2665
2701
2719
2742
2748
2779
2812
2879
2904
2909
2922
2949
2983
3039
3042
3115
3207
3279
3283
3298
3317
3322
3331
3361
3372
3378
3403
3408
3489
3499
3553
3585
3630
3656
3692
3709
3755
3759
3776
3803
3816
3839
3876
3885
3921
3926
3943
3945
3959
4017
4028
4060
4092
4107
4122
4177
4256
4272
4274
4281
4283
4377
4395
4397
4441
4448
4469
4531
4558
4570
4606
4701
4719
4729
4762
4772
4917
4930
4937
5063
5118
5144
5159
5162
5190
5218
5233
5248
5253
5300
5314
5316
5338
5359
5403
5424
5442
5462
5465
5476
5508
5509
5515
5527
5531
5536
5551
5597
5626
5648
5656
5665
5669
5687
5696
5698
5731
5740
5746
5796
5876
5886
5888
5920
5929
5948
5994
6040
6086
6092
6099
6101
6130
6152
6178
6213
6219
6268
6350
6373
6374
6378
6422
6433
6438
6486
6491
6538
6548
6563
6565
6605
6691
6730
6746
6772
6779
6794
6823
6914
6919
6973
6974
7022
7032
7044
7100
7118
7136
7159
7174
7193
7232
7249
7250
7321
7410
7497
7504
7531
7565
7589
7596
7620
7629
7640
7694
7752
7780
7816
7906
7908
7927
8010
8011
8016
8025
8031
8105
8128
8133
8144
8262
8291
8292
8315
8325
8330
8357
8359
8367
8378
8402
8408
8421
8523
8554
8631
8664
8682
8700
8714
8750
8764
8778
8781
8790
8820
8823
8866
8875
8891
8929
8967
8993
9059
9100
9107
9123
9160
9168
9210
9221
9269
9278
9281
9291
9338
9354
9364
9464
9498
9512
9567
9676
9684
9692
9697
9734
9741
9754
9762
9786
9801
9807
9870
9891
9908
9917
9949
9979
10027
10095
10096
10144
10180
10187
10189
10208
10236
10271
10292
10299
10301
10302
10345
10353
10358
10362
10383
10413
10495
10518
10539
10568
10625
10626
10645
10676
10707
10860
10879
10880
10884
10947
11026
11027
11042
11070
11132
11158
11161
11248
11255
11281
11321
11358
11373
11387
11402
11439
11440
11455
11470
11504
11581
11620
11623
11625
11679
11688
11693
11701
11702
11723
11758
11843
11850
11911
11983
12007
12034
12055
12058
12097
12111
12154
12173
12178
12248
12278
12279
12339
12351
12352
12394
12399
12406
12408
12446
12486
12491
12503
12554
12556
12590
12594
12601
12636
12735
12798
12812
12829
12843
12857
12894
12918
12947
12971
13048
13076
13094
13121
13157
13171
13184
13187
13275
13384
13427
13451
13454
13462
13464
13467
13474
13476
13521
13528
13614
13620
13649
13682
13687
13700
13732
13755
13764
13798
13850
13881
13921
13922
13967
13971
13980
14023
14095
14100
14158
14163
14190
14215
14321
14345
14349
14376
14414
14435
14446
14494
14575
14605
14617
14670
14698
14702
14709
14715
14754
14770
14820
14859
14871
14876
14914
14920
14929
14931
14936
14956
14973
15014
15018
15075
15153
15162
15163
15182
15190
15220
15223
15240
15366
15404
15441
15454
15465
15470
15480
15498
15554
15555
15661
15922
15971
15976
16009
16050
16058
16081
16101
16123
16136
16166
16172
16213
16247
16276
16281
16292
16333
16366
16381
16383
16408
16496
16503
16586
16599
16669
16683
16765
16771
16781
16819
16860
16864
16897
16902
16951
16970
16971
17020
17025
17121
17129
17134
17153
17195
17205
17233
17251
17370
17374
17381
17409
17414
17438
17439
17486
17488
17548
17563
17588
17615
17660
17672
17675
17680
17731
17780
17830
17840
17878
17922
17927
17933
17974
17980
18007
18056
18078
18092
18101
18145
18155
18167
18200
18227
18237
18244
18286
18316
18353
18478
18489
18496
18502
18522
18605
18621
18660
18662
18676
18687
18691
18719
18721
18738
18744
18748
18761
18762
18768
18780
18823
18829
18863
18871
18918
18922
18937
18985
19023
19070
19079
19096
19127
19145
19167
19330
19335
19336
19338
19369
19418
19420
19435
19444
19473
19479
19516
19543
19558
19603
19621
19630
19631
19661
19759
19801
19823
19833
19842
19857
19881
19933
20017
20086
20090
20135
20144
20155
20172
20239
20255
20288
20290
20292
20305
20316
20351
20371
20383
20389
20486
20534
20582
20591
20599
20626
20641
20771
20804
20862
20891
20929
20932
20955
20965
20973
21004
21024
21030
21035
21048
21119
21161
21278
21315
21320
21332
21364
21372
21424
21434
21439
21460
21476
21479
21480
21505
21524
21561
21566
21583
21628
21647
21657
21665
21718
21728
21731
21766
21799
21813
21815
21820
21836
21855
21857
21908
21923
21949
21970
21987
22031
22032
22055
22069
22081
22099
22101
22138
22166
22196
22197
22201
22213
22224
22228
22232
22233
22311
22367
22374
22389
22453
22492
22500
22545
22560
22597
22604
22621
22717
22731
22776
22823
22893
22903
22916
22953
22968
22977
22984
23017
23041
23062
23069
23086
23092
23123
23154
23156
23160
23196
23216
23249
23284
23304
23343
23350
23371
23396
23400
23413
23417
23430
23466
23474
23496
23511
23515
23556
23562
23564
23629
23690
23702
23734
23736
23793
23795
23808
23891
23924
23940
23958
23962
24013
24058
24088
24117
24145
24160
24162
24198
24226
24233
24241
24272
24323
24358
24387
24421
24424
24431
24478
24600
24615
24626
24627
24754
24812
24840
24879
24918
24930
24953
24991
25023
25061
25075
25085
25087
25138
25182
25254
25274
25318
25351
25354
25361
25417
25435
25461
25465
25498
25507
25520
25595
25597
25624
25691
25694
25720
25728
25741
25752
25846
25858
25866
25872
25882
25941
25963
25987
26007
26018
26057
26073
26078
26134
26155
26173
26208
26260
26272
26306
26334
26341
26343
26378
26381
26391
26461
26493
26548
26571
26590
26625
26666
26703
26738
26800
26801
26849
26974
27027
27050
27091
27102
27133
27168
27172
27178
27187
27200
27226
27241
27251
27265
27267
27270
27293
27331
27349
27350
27358
27372
27382
27453
27501
27557
27639
27686
27691
27712
27748
27752
27785
27787
27795
27851
27884
27898
27908
27909
27930
27936
27963
27970
28020
28025
28119
28138
28148
28172
28176
28212
28233
28236
28255
28264
28270
28279
28298
28312
28317
28320
28325
28386
28405
28441
28442
28444
28502
28524
28591
28604
28615
28653
28687
28695
28698
28803
28807
28903
28944
28976
28999
29030
29066
29104
29113
29161
29190
29192
29278
29325
29346
29348
29364
29368
29430
29475
29613
29626
29627
29653
29696
29704
29759
29760
29792
29834
29839
29889
29899
29902
29910
29916
29940
29950
29973
30031
30047
30050
30055
30059
30070
30092
30095
30111
30132
30136
30171
30180
30187
30192
30211
30219
30240
30296
30306
30313
30349
30353
30363
30385
30394
30429
30439
30471
30491
30511
30517
30524
30582
30601
30645
30653
30681
30690
30718
30723
30737
30753
30768
30775
30786
30810
30839
30847
30849
30879
30906
30907
30931
30951
30983
31020
31024
31038
31048
31101
31103
31106
31163
31195
31196
31211
31223
31237
31246
31256
31306
31308
31315
31390
31394
31403
31429
31443
31582
31629
31639
31701
31748
31795
31805
31839
31905
31935
31950
32004
32023
32063
32073
32081
32105
32132
32137
32147
32181
32247
32253
32306
32316
32331
32336
32411
32415
32428
32453
32454
32522
32546
32549
32560
32566
32568
32623
32637
32711
32724
32730
32774
32792
32796
32800
32805
32809
32826
32856
32942
32951
32964
33061
33104
33111
33117
33148
33163
33179
33209
33250
33278
33294
33298
33324
33340
33347
33356
33409
33461
33481
33523
33544
33557
33563
33584
33646
33689
33699
33753
33781
33826
33846
33859
33900
33904
33925
33936
33964
33973
33995
34002
34012
34115
34135
34140
34143
34148
34152
34168
34173
34190
34191
34193
34222
34225
34250
34270
34281
34300
34318
34320
34354
34400
34421
34501
34510
34526
34537
34643
34664
34701
34712
34715
34762
34805
34858
34861
34903
34941
35004
35037
35069
35098
35134
35153
35205
35206
35258
35277
35353
35366
35373
35378
35383
35386
35395
35532
35539
35544
35578
35590
35592
35596
35610
35621
35633
35645
35651
35752
35785
35796
35806
35858
35986
36003
36007
36012
36095
36099
36129
36147
36155
36234
36288
36301
36318
36398
36404
36458
36459
36482
36494
36508
36524
36571
36578
36601
36643
36685
36721
36757
36760
36771
36810
36831
36874
36912
36940
36992
37035
37072
37080
37098
37105
37167
37188
37352
37354
37357
37375
37439
37463
37500
37515
37525
37535
37573
37580
37583
37590
37627
37659
37677
37694
37717
37744
37781
37814
37815
37885
37899
37912
38064
38086
38120
38130
38193
38206
38217
38257
38398
38443
38445
38488
38516
38539
38547
38565
38589
38594
38631
38663
38675
38703
38794
38822
38874
38884
38896
38907
38932
38973
38982
38995
39014
39029
39040
39055
39107
39114
39122
39151
39159
39162
39186
39195
39247
39269
39306
39327
39350
39353
39355
39396
39406
39425
39438
39532
39599
39601
39602
39625
39654
39664
39676
39687
39694
39710
39759
39775
39795
39811
39844
39856
39920
39921
39943
39955
39978
39988
-1
