41
78
107
126
153
181
285
298
338
343
407
415
488
559
649
687
743
776
778
796
800
802
808
821
827
828
923
932
944
963
964
974
986
1005
1076
1077
1084
1120
1147
1166
1176
1179
1194
1213
1227
1255
1258
1275
1328
1380
1394
1456
1488
1598
1676
1701
1714
1717
1738
1772
1776
1805
1812
1819
1838
1841
1878
1948
1984
1987
2069
2125
2207
2220
2233
2235
2267
2322
2331
2372
2407
2419
2430
2510
2553
2571
2629
2662
2782
2787
2796
2823
2859
2860
2865
2918
2920
2977
3042
3051
3114
3132
3221
3225
3234
3251
3277
3330
3341
3347
3361
3383
3391
3403
3431
3475
3480
3483
3488
3552
3577
3578
3615
3624
3674
3681
3701
3704
3744
3756
3780
3784
3818
3827
3837
3911
3913
3958
3961
3968
4002
4020
4028
4032
4103
4117
4150
4171
4176
4218
4235
4239
4261
4290
4322
4354
4381
4481
4554
4587
4594
4624
4628
4640
4659
4661
4745
4748
4786
4791
4819
4852
4923
4928
4936
4983
5048
5086
5107
5130
5158
5160
5163
5167
5177
5244
5273
5338
5343
5393
5399
5408
5423
5448
5505
5543
5586
5599
5660
5697
5717
5725
5728
5753
5776
5800
5806
5824
5846
5869
5875
5954
5976
5982
5995
5996
6043
6058
6090
6096
6099
6103
6134
6162
6171
6183
6192
6216
6271
6332
6343
6348
6354
6384
6399
6428
6436
6482
6508
6585
6618
6626
6653
6656
6688
6692
6711
6726
6743
6764
6772
6804
6805
6875
6914
6921
6935
6948
6977
6989
7016
7199
7204
7219
7224
7237
7317
7369
7414
7432
7445
7457
7487
7519
7525
7617
7643
7654
7753
7782
7798
7818
7874
7881
7897
7902
7910
7942
7951
7968
8014
8040
8059
8076
8077
8097
8145
8175
8183
8190
8261
8265
8310
8317
8383
8397
8434
8457
8460
8484
8489
8521
8527
8539
8565
8593
8627
8661
8680
8769
8777
8789
8801
8808
8811
8823
8852
8876
8897
8920
8931
8939
8942
9000
9011
9035
9070
9071
9118
9119
9129
9148
9199
9228
9248
9251
9253
9327
9361
9369
9397
9407
9465
9469
9494
9575
9652
9657
9712
9759
9796
9808
9818
9833
9861
9892
9912
9941
9989
10008
10024
10027
10114
10116
10196
10218
10253
10278
10300
10306
10346
10359
10372
10386
10419
10474
10516
10540
10551
10609
10726
10734
10752
10791
10793
10822
10860
10868
10896
10909
10923
10963
10976
10979
10984
11006
11013
11037
11068
11121
11154
11155
11158
11187
11281
11306
11307
11316
11333
11388
11417
11427
11430
11515
11555
11586
11681
11796
11806
11837
11843
11898
11921
11937
11961
11965
11966
11998
12026
12055
12056
12101
12135
12137
12216
12248
12264
12405
12427
12433
12437
12448
12470
12474
12518
12551
12557
12661
12690
12705
12725
12748
12766
12822
12835
12871
12892
12952
12956
12977
12993
13030
13060
13131
13165
13170
13178
13206
13220
13279
13299
13312
13334
13376
13384
13394
13399
13448
13450
13453
13483
13487
13517
13528
13536
13585
13656
13661
13664
13672
13706
13737
13758
13803
13809
13820
13841
13849
13875
13898
13918
13988
14030
14032
14033
14090
14122
14126
14131
14149
14163
14196
14198
14205
14218
14241
14258
14330
14344
14364
14370
14383
14389
14415
14439
14510
14524
14529
14591
14599
14607
14617
14626
14627
14647
14660
14664
14684
14709
14749
14754
14761
14779
14784
14843
14910
14940
14944
14961
14965
14972
14982
14983
14991
15008
15019
15036
15046
15052
15095
15139
15146
15148
15199
15221
15259
15313
15339
15378
15395
15400
15402
15443
15455
15456
15596
15604
15672
15727
15754
15758
15791
15797
15821
15848
15876
15905
15947
15991
15998
16014
16028
16042
16109
16168
16170
16189
16222
16228
16233
16289
16300
16347
16358
16399
16448
16494
16498
16504
16528
16578
16605
16624
16637
16642
16649
16663
16668
16681
16695
16709
16764
16853
16872
16874
16899
16914
16966
16967
16979
17034
17088
17182
17186
17212
17248
17261
17267
17291
17296
17309
17323
17325
17365
17435
17475
17487
17568
17620
17638
17658
17672
17686
17687
17715
17790
17840
17874
17920
17929
17950
17974
17999
18013
18017
18088
18090
18092
18141
18179
18191
18215
18220
18226
18242
18271
18281
18283
18285
18309
18365
18372
18405
18462
18508
18512
18595
18621
18635
18652
18653
18666
18680
18692
18709
18737
18759
18763
18800
18801
18834
18862
18895
18911
18921
18942
18983
19012
19027
19040
19043
19073
19082
19137
19180
19196
19203
19231
19330
19352
19364
19395
19474
19484
19492
19505
19522
19559
19565
19575
19582
19603
19610
19623
19637
19644
19722
19798
19860
20130
20165
20166
20209
20229
20244
20417
20442
20445
20483
20511
20521
20525
20532
20533
20580
20584
20610
20661
20664
20729
20767
20793
20818
20823
20825
20854
20940
21025
21097
21154
21165
21195
21196
21214
21233
21259
21324
21342
21354
21376
21518
21542
21565
21583
21607
21610
21612
21617
21649
21650
21683
21700
21734
21735
21737
21771
21829
21911
21931
21932
21961
22013
22031
22056
22060
22068
22076
22079
22090
22123
22124
22127
22132
22229
22238
22241
22378
22452
22489
22497
22519
22600
22611
22635
22659
22661
22675
22696
22705
22713
22722
22725
22772
22781
22785
22857
22868
22873
22888
22896
22928
22933
22958
22983
23006
23007
23010
23052
23085
23094
23170
23246
23248
23277
23355
23374
23385
23458
23492
23544
23555
23581
23590
23601
23605
23622
23640
23642
23643
23660
23682
23688
23738
23747
23832
23837
23898
23915
23924
23939
23988
23993
24027
24035
24058
24088
24089
24090
24091
24104
24117
24137
24148
24168
24182
24190
24191
24193
24249
24252
24312
24401
24409
24431
24485
24501
24574
24578
24617
24625
24649
24651
24690
24753
24764
24767
24771
24774
24781
24794
24806
24819
24867
24909
24943
24974
25010
25013
25029
25058
25097
25125
25141
25142
25176
25199
25296
25311
25315
25342
25408
25437
25465
25561
25575
25608
25612
25649
25690
25712
25741
25804
25807
25816
25829
25842
25864
25866
25894
25963
25986
25988
26013
26029
26037
26043
26053
26072
26134
26159
26184
26188
26196
26279
26417
26419
26433
26445
26450
26457
26462
26492
26496
26509
26532
26545
26595
26640
26677
26680
26697
26775
26849
26853
26886
26890
26892
27021
27081
27133
27138
27140
27198
27223
27241
27265
27277
27304
27340
27364
27370
27380
27381
27395
27409
27437
27448
27465
27536
27574
27588
27621
27646
27673
27707
27724
27743
27748
27761
27787
27795
27843
27847
27850
27853
27917
27985
27989
28013
28015
28024
28036
28055
28067
28249
28257
28323
28344
28368
28387
28407
28429
28440
28466
28483
28557
28570
28576
28628
28660
28669
28728
28734
28801
28810
28811
28815
28818
28819
28863
28865
28867
28911
28925
28930
28934
28961
28969
29013
29027
29103
29124
29130
29174
29175
29211
29248
29368
29378
29452
29456
29465
29497
29563
29571
29595
29660
29674
29721
29722
29745
29748
29758
29812
29841
29856
29859
29893
29894
29896
29897
29919
29964
29986
29998
30000
30008
30009
30017
30021
30115
30127
30135
30143
30230
30293
30297
30306
30324
30399
30419
30465
30472
30489
30492
30523
30542
30546
30552
30584
30619
30691
30703
30728
30729
30772
30851
30980
30991
30993
31017
31024
31029
31032
31079
31101
31107
31157
31174
31198
31199
31223
31237
31249
31269
31288
31294
31296
31339
31343
31385
31408
31441
31490
31579
31602
31610
31612
31653
31698
31727
31802
31814
31842
31966
31988
31993
32015
32024
32027
32029
32149
32153
32154
32155
32237
32239
32267
32297
32322
32336
32377
32389
32441
32469
32470
32496
32550
32590
32616
32617
32690
32710
32761
32765
32767
32778
32806
32859
32940
32946
32952
32960
32965
32970
32974
33012
33022
33054
33081
33088
33107
33192
33238
33244
33371
33379
33384
33407
33418
33431
33463
33475
33476
33643
33663
33667
33689
33732
33757
33782
33789
33814
33834
33846
33859
33870
33966
33989
33995
34003
34005
34050
34077
34081
34118
34144
34149
34173
34200
34201
34226
34241
34258
34269
34281
34325
34346
34375
34422
34436
34438
34465
34467
34487
34691
34697
34716
34818
34870
34898
34913
34924
34956
34971
35021
35044
35059
35060
35083
35153
35190
35196
35212
35226
35275
35299
35315
35320
35323
35332
35387
35388
35398
35400
35402
35419
35434
35439
35485
35498
35499
35503
35526
35529
35640
35654
35729
35742
35787
35829
35861
35864
35867
35900
35917
35954
35957
35964
35978
35980
35989
36001
36039
36052
36053
36071
36097
36129
36158
36198
36203
36213
36218
36289
36315
36326
36330
36343
36431
36479
36601
36631
36660
36663
36746
36808
36823
36828
36841
36909
36939
36970
36974
36976
37011
37027
37045
37075
37098
37102
37114
37122
37166
37178
37257
37272
37350
37371
37373
37409
37428
37501
37510
37523
37538
37545
37553
37573
37582
37604
37699
37712
37720
37724
37738
37831
37841
37850
37881
37902
37962
37977
37999
38008
38016
38074
38111
38117
38137
38140
38198
38271
38285
38314
38338
38374
38412
38419
38435
38501
38522
38536
38561
38614
38642
38669
38694
38707
38710
38715
38756
38859
38877
38917
38918
38928
38930
38939
38940
38963
38965
38983
38994
39023
39052
39066
39089
39104
39109
39130
39194
39216
39226
39267
39289
39310
39402
39451
39523
39559
39613
39616
39627
39644
39660
39713
39715
39718
39765
39769
39781
39787
39822
39834
39843
39867
39906
39930
39957
-1
