83
90
101
135
156
177
206
221
226
238
269
271
306
310
311
320
369
423
458
492
514
534
558
581
599
674
711
723
770
773
818
858
913
986
991
1040
1092
1116
1119
1120
1133
1135
1143
1172
1194
1205
1220
1233
1242
1283
1347
1357
1360
1410
1484
1486
1507
1526
1565
1581
1596
1606
1630
1637
1640
1677
1683
1697
1702
1725
1726
1755
1800
1870
1885
1915
1934
1945
1953
2002
2008
2013
2096
2114
2150
2188
2240
2279
2315
2330
2396
2406
2475
2476
2494
2511
2536
2597
2608
2629
2634
2648
2666
2701
2709
2711
2718
2759
2767
2799
2804
2830
2868
2925
3015
3049
3106
3151
3178
3204
3237
3246
3268
3281
3294
3307
3361
3400
3423
3447
3451
3458
3468
3492
3561
3591
3658
3673
3677
3709
3727
3736
3744
3762
3817
3837
3884
3893
3919
3927
3976
4005
4020
4084
4117
4164
4217
4271
4293
4331
4358
4415
4445
4461
4519
4540
4543
4593
4614
4627
4632
4715
4729
4734
4737
4752
4819
4825
4886
4888
4902
4914
4940
4964
4968
4970
4988
4992
5011
5062
5102
5111
5160
5239
5250
5262
5300
5305
5339
5387
5398
5399
5432
5437
5514
5531
5563
5639
5699
5764
5838
5852
5875
5928
5947
5956
5965
5992
5998
6004
6007
6052
6080
6155
6164
6215
6223
6232
6236
6257
6272
6277
6292
6308
6320
6341
6353
6364
6410
6419
6423
6446
6512
6540
6587
6629
6631
6672
6676
6738
6821
6864
6882
6897
6902
6925
6946
6955
6959
6981
7014
7030
7071
7132
7230
7276
7292
7294
7306
7319
7358
7372
7427
7479
7500
7501
7503
7516
7533
7549
7554
7583
7599
7692
7723
7724
7728
7734
7738
7759
7812
7848
7850
7851
7868
7906
7929
7959
7985
8086
8175
8186
8198
8235
8293
8295
8318
8334
8380
8387
8422
8440
8446
8453
8483
8569
8663
8675
8691
8713
8730
8788
8893
8905
8918
9027
9096
9126
9155
9162
9192
9205
9216
9229
9236
9248
9254
9356
9363
9423
9439
9508
9509
9512
9515
9521
9530
9540
9575
9585
9680
9687
9690
9710
9794
9827
9940
9986
9989
10035
10103
10128
10142
10152
10161
10192
10224
10256
10274
10284
10303
10315
10383
10411
10535
10572
10632
10716
10747
10765
10794
10804
10823
10847
10916
10941
10970
10999
11000
11007
11018
11020
11029
11075
11081
11088
11100
11206
11246
11247
11248
11259
11273
11283
11298
11355
11357
11426
11435
11455
11460
11463
11478
11493
11494
11510
11551
11583
11620
11642
11688
11691
11715
11733
11763
11765
11767
11790
11799
11803
11845
11859
11881
11931
11994
11998
12018
12023
12030
12031
12034
12045
12058
12091
12155
12159
12180
12187
12201
12213
12275
12284
12354
12360
12371
12444
12456
12491
12498
12519
12567
12568
12584
12619
12687
12690
12709
12714
12768
12787
12796
12814
12925
12933
12942
12967
12982
13062
13065
13114
13124
13185
13195
13253
13277
13308
13335
13365
13408
13432
13455
13477
13526
13593
13621
13632
13667
13726
13757
13781
13811
13817
13883
13897
13901
13945
13973
14004
14005
14033
14039
14046
14049
14055
14068
14079
14082
14086
14101
14104
14107
14120
14124
14144
14146
14211
14232
14287
14310
14315
14332
14336
14340
14393
14417
14428
14559
14560
14576
14590
14594
14609
14678
14723
14748
14754
14770
14782
14791
14827
14862
14875
14924
14945
14956
15022
15026
15030
15090
15092
15172
15220
15223
15239
15266
15295
15302
15313
15314
15339
15407
15445
15453
15495
15527
15593
15600
15602
15677
15722
15730
15760
15761
15765
15780
15865
15878
15905
15908
15926
15931
15949
15954
15963
15989
16024
16052
16063
16064
16123
16144
16199
16203
16212
16216
16225
16227
16238
16245
16253
16270
16333
16429
16477
16499
16546
16547
16554
16560
16573
16583
16635
16669
16672
16675
16679
16687
16707
16811
16821
16832
16853
16861
16873
16875
16899
16901
16904
16982
16983
16998
17075
17091
17127
17141
17173
17216
17237
17252
17256
17281
17457
17459
17507
17514
17516
17517
17529
17545
17558
17566
17580
17581
17587
17598
17628
17672
17674
17676
17681
17687
17744
17751
17761
17775
17798
17820
17830
17850
17878
17904
17919
17936
17943
17963
17978
17981
17990
17997
18016
18085
18097
18098
18116
18141
18209
18271
18284
18313
18315
18374
18396
18411
18456
18489
18503
18504
18517
18529
18567
18585
18586
18630
18645
18664
18712
18737
18749
18790
18809
18862
18906
18908
18909
18910
18914
18927
18946
18980
18983
18994
19026
19063
19072
19074
19075
19077
19125
19146
19165
19175
19232
19247
19257
19287
19299
19304
19324
19344
19384
19426
19487
19524
19585
19589
19590
19594
19682
19690
19715
19773
19781
19810
19834
19844
19857
19858
19865
19884
19887
19913
19920
19974
20016
20026
20048
20059
20098
20103
20109
20117
20167
20181
20195
20231
20239
20300
20377
20419
20428
20443
20467
20527
20610
20618
20705
20718
20805
20823
20838
20843
21020
21058
21074
21088
21093
21111
21178
21184
21213
21234
21262
21265
21271
21293
21326
21378
21462
21491
21526
21546
21593
21631
21651
21674
21719
21722
21789
21792
21802
21812
21817
21821
21863
21865
21933
22025
22030
22069
22117
22126
22263
22281
22282
22334
22340
22368
22393
22423
22430
22529
22587
22604
22618
22633
22649
22691
22694
22708
22729
22750
22755
22764
22766
22784
22803
22846
22848
22868
22924
23040
23046
23051
23062
23092
23120
23130
23228
23327
23419
23484
23584
23586
23611
23616
23624
23642
23694
23701
23776
23813
23840
23858
23877
23935
23954
23978
24006
24057
24079
24097
24125
24138
24184
24220
24222
24231
24253
24275
24306
24318
24370
24389
24494
24528
24534
24563
24564
24681
24732
24736
24744
24747
24817
24818
24821
24841
24884
24916
24966
25007
25009
25082
25112
25157
25188
25190
25221
25229
25262
25270
25337
25352
25357
25402
25427
25438
25450
25456
25503
25512
25536
25558
25589
25663
25703
25726
25794
25850
25867
25909
25975
26001
26012
26032
26047
26118
26129
26132
26198
26210
26236
26324
26363
26384
26398
26411
26454
26464
26515
26544
26548
26615
26704
26722
26774
26780
26794
26816
26819
26860
26885
26907
26922
26931
26952
26953
26989
27048
27096
27112
27113
27116
27140
27163
27177
27184
27189
27197
27208
27243
27251
27285
27313
27334
27513
27517
27518
27556
27571
27574
27597
27643
27694
27759
27887
27936
27938
27946
27961
28017
28026
28037
28039
28057
28062
28067
28074
28168
28210
28220
28238
28255
28306
28312
28320
28326
28345
28387
28444
28553
28616
28662
28668
28671
28711
28722
28726
28734
28746
28748
28757
28762
28767
28795
28799
28803
28825
28828
28858
28956
28964
28968
28987
28993
29094
29160
29164
29226
29230
29232
29258
29270
29322
29323
29336
29338
29343
29464
29491
29560
29594
29613
29626
29632
29636
29648
29657
29741
29744
29755
29791
29806
29813
29816
29818
29829
29844
29845
29864
29876
29891
29896
29952
29974
30029
30050
30059
30065
30114
30122
30145
30214
30223
30224
30274
30278
30283
30326
30351
30359
30372
30411
30442
30491
30523
30545
30583
30588
30651
30678
30710
30712
30713
30715
30754
30796
30820
30832
30850
30854
30891
30926
30966
30982
30983
30992
31027
31063
31085
31135
31137
31170
31180
31196
31205
31281
31287
31363
31364
31394
31400
31406
31424
31506
31592
31601
31614
31630
31680
31718
31763
31783
31802
31805
31813
31880
31883
31889
31894
31897
31898
31918
31987
31989
32017
32064
32065
32081
32087
32110
32117
32149
32168
32176
32178
32189
32193
32242
32248
32272
32283
32292
32361
32362
32374
32397
32401
32410
32431
32448
32449
32457
32460
32524
32540
32585
32591
32676
32716
32770
32793
32858
32905
32915
32921
32967
32968
33011
33015
33017
33050
33063
33064
33089
33115
33128
33169
33195
33248
33265
33279
33335
33352
33361
33443
33454
33485
33542
33569
33576
33588
33594
33619
33625
33636
33637
33644
33646
33696
33732
33741
33816
33817
33830
33909
33932
33965
34017
34045
34064
34081
34090
34099
34212
34242
34259
34302
34313
34358
34363
34377
34395
34439
34456
34472
34496
34534
34544
34559
34583
34650
34663
34797
34813
34831
34851
34907
34919
34949
34957
34966
34976
35013
35033
35056
35133
35147
35214
35216
35218
35261
35353
35371
35372
35377
35432
35433
35458
35552
35613
35619
35620
35626
35633
35652
35705
35797
35822
35841
35916
35931
35932
35952
35955
35964
35989
36005
36091
36101
36149
36198
36237
36303
36369
36379
36400
36405
36417
36433
36448
36453
36459
36468
36483
36563
36569
36590
36603
36627
36651
36751
36781
36784
36794
36803
36847
36862
36891
36901
36937
36945
36999
37024
37118
37150
37162
37171
37175
37230
37235
37250
37271
37289
37304
37318
37326
37393
37447
37471
37487
37510
37541
37561
37579
37591
37597
37603
37610
37680
37698
37704
37710
37719
37731
37744
37749
37771
37793
37810
37823
37872
37896
37920
37940
37958
38020
38047
38095
38113
38120
38138
38223
38226
38315
38344
38366
38485
38500
38539
38567
38611
38618
38619
38686
38691
38705
38716
38771
38795
38804
38847
38904
38913
38926
38928
38955
38974
39075
39097
39098
39190
39208
39223
39249
39265
39277
39301
39446
39502
39538
39557
39561
39571
39586
39588
39595
39605
39636
39638
39643
39666
39671
39673
39685
39705
39715
39721
39727
39729
39761
39777
39802
39822
39861
39931
39950
39968
39982
39998
-1
