18
32
83
134
151
176
192
194
281
294
410
416
440
441
528
564
570
576
590
712
736
747
786
842
932
937
948
951
991
1020
1055
1061
1077
1085
1127
1159
1183
1256
1260
1261
1291
1310
1351
1353
1369
1379
1385
1475
1483
1524
1528
1540
1562
1651
1710
1774
1802
1809
1832
1865
1899
1909
1921
1933
1936
1989
2035
2072
2079
2148
2155
2174
2215
2219
2253
2269
2275
2290
2339
2411
2452
2464
2511
2538
2587
2656
2662
2686
2691
2710
2724
2762
2793
2806
2824
2850
2855
2911
2913
3034
3042
3072
3102
3133
3173
3175
3177
3181
3196
3211
3238
3289
3326
3343
3345
3348
3384
3398
3408
3424
3426
3474
3528
3532
3587
3618
3624
3649
3650
3753
3764
3768
3791
3809
3875
3900
3936
3959
3973
3982
4003
4010
4015
4029
4034
4050
4063
4090
4111
4215
4225
4233
4272
4355
4356
4422
4446
4455
4464
4495
4502
4525
4529
4535
4559
4636
4655
4674
4691
4703
4704
4708
4716
4718
4752
4760
4779
4795
4803
4804
4858
4879
4882
4884
4942
5032
5037
5061
5067
5090
5145
5164
5184
5200
5218
5241
5261
5272
5274
5351
5435
5438
5458
5525
5530
5533
5569
5570
5596
5622
5637
5654
5661
5665
5715
5797
5840
5881
5883
5884
5922
5990
5991
5995
6047
6063
6075
6089
6121
6152
6179
6205
6212
6219
6229
6308
6321
6345
6374
6418
6433
6449
6450
6453
6485
6486
6512
6609
6700
6715
6732
6803
6835
6848
6871
6883
6904
6915
6921
6928
6930
6956
6986
7124
7151
7159
7192
7200
7293
7330
7332
7377
7385
7405
7449
7466
7475
7483
7531
7533
7535
7603
7616
7624
7625
7679
7684
7713
7716
7783
7796
7841
7849
7871
7880
7890
7893
7906
7978
7998
8021
8055
8064
8143
8236
8263
8268
8278
8384
8478
8482
8501
8527
8541
8555
8557
8563
8598
8649
8694
8772
8841
8866
8911
8953
8964
8969
8982
9063
9073
9082
9123
9126
9165
9174
9184
9185
9206
9302
9321
9372
9395
9405
9429
9445
9501
9555
9556
9607
9655
9699
9702
9742
9747
9768
9771
9774
9793
9851
9870
9873
9888
9974
9986
9987
9988
9996
10018
10059
10098
10135
10156
10158
10224
10229
10251
10270
10281
10326
10353
10356
10375
10394
10473
10483
10515
10521
10560
10577
10586
10633
10653
10669
10685
10688
10696
10697
10751
10831
10867
10875
10938
10954
10962
10967
10985
11003
11044
11082
11147
11162
11210
11221
11278
11351
11380
11427
11512
11562
11568
11578
11579
11601
11620
11632
11652
11661
11685
11720
11739
11760
11785
11808
11832
11859
11956
11973
11980
12014
12020
12041
12062
12066
12076
12097
12104
12114
12120
12131
12155
12235
12237
12302
12384
12454
12462
12464
12480
12487
12497
12551
12613
12678
12727
12757
12781
12792
12793
12804
12827
12828
12837
12874
12895
12898
12906
12953
12990
13013
13047
13070
13079
13123
13168
13169
13170
13180
13251
13254
13316
13362
13377
13387
13397
13412
13505
13533
13587
13590
13621
13628
13634
13669
13759
13791
13819
13839
13866
13881
13900
13919
13922
13935
13987
13996
14000
14011
14080
14125
14133
14203
14246
14267
14269
14305
14326
14346
14348
14410
14469
14549
14571
14589
14594
14599
14653
14667
14718
14724
14755
14766
14773
14836
14862
14875
14907
14918
14945
14959
14988
15035
15047
15085
15126
15128
15135
15154
15165
15184
15207
15220
15259
15293
15321
15382
15387
15393
15452
15485
15487
15597
15642
15646
15668
15704
15722
15723
15812
15829
15849
15898
15906
15912
15943
16005
16018
16025
16046
16092
16108
16109
16131
16134
16150
16151
16226
16245
16281
16296
16335
16351
16437
16477
16500
16516
16523
16552
16570
16592
16596
16606
16631
16648
16659
16723
16743
16775
16780
16791
16818
16819
16836
16842
16855
16874
16895
16999
17007
17022
17137
17171
17204
17224
17248
17271
17277
17278
17337
17367
17373
17382
17476
17489
17574
17589
17636
17643
17644
17660
17711
17739
17770
17845
17864
17909
17922
17926
17933
17934
17955
18008
18025
18031
18039
18072
18086
18112
18162
18200
18229
18232
18239
18244
18265
18291
18309
18312
18325
18345
18379
18391
18402
18438
18467
18482
18488
18505
18517
18527
18528
18534
18545
18639
18657
18659
18661
18675
18682
18692
18698
18711
18721
18753
18786
18804
18805
18820
18826
18833
18967
18980
18984
18988
19020
19036
19037
19108
19123
19169
19170
19248
19252
19267
19378
19415
19451
19505
19509
19514
19532
19539
19553
19621
19627
19628
19640
19645
19652
19723
19742
19755
19769
19823
19842
19844
19876
19935
19967
20032
20059
20083
20121
20176
20185
20201
20237
20257
20275
20285
20307
20311
20348
20438
20440
20449
20465
20580
20605
20647
20669
20670
20677
20686
20691
20698
20748
20773
20794
20824
20836
20849
20874
20912
20953
20970
20988
20991
21001
21007
21077
21082
21086
21089
21097
21099
21108
21126
21185
21253
21261
21262
21272
21284
21313
21333
21367
21370
21374
21378
21392
21406
21414
21432
21450
21503
21520
21548
21565
21584
21620
21658
21661
21665
21667
21670
21707
21724
21728
21744
21754
21756
21777
21778
21780
21807
21813
21877
21972
21980
21985
21998
22020
22034
22055
22073
22079
22110
22146
22160
22186
22199
22204
22222
22241
22329
22335
22365
22395
22401
22406
22533
22534
22546
22556
22590
22630
22641
22690
22783
22821
22863
22865
22870
22880
22885
22912
22944
22982
23014
23034
23056
23070
23141
23184
23185
23197
23225
23226
23277
23291
23299
23320
23352
23356
23384
23389
23416
23433
23480
23489
23504
23536
23539
23543
23560
23605
23646
23665
23703
23710
23767
23829
23830
23844
23903
23940
23954
23969
23977
24006
24007
24012
24016
24030
24032
24045
24072
24100
24108
24110
24126
24132
24342
24347
24351
24361
24401
24461
24481
24544
24559
24565
24593
24604
24643
24668
24685
24765
24779
24800
24804
24838
24846
24882
24942
24943
24958
24998
25025
25037
25044
25054
25068
25098
25111
25114
25142
25228
25230
25232
25247
25261
25326
25377
25380
25434
25447
25501
25540
25556
25612
25639
25647
25660
25668
25676
25700
25718
25735
25764
25798
25806
25809
25834
25862
25885
25918
25937
25940
25961
25967
25973
25982
26040
26070
26094
26102
26114
26162
26241
26243
26256
26270
26344
26347
26401
26406
26439
26440
26461
26465
26481
26502
26504
26598
26630
26675
26724
26739
26766
26832
26873
26893
26913
26979
27015
27036
27043
27095
27120
27122
27127
27139
27184
27185
27197
27204
27237
27250
27264
27319
27325
27341
27358
27385
27408
27446
27447
27459
27460
27498
27504
27518
27527
27529
27566
27621
27637
27662
27668
27727
27740
27788
27799
27850
27867
27880
27883
27886
27893
27947
27976
27985
28029
28054
28088
28103
28186
28194
28206
28212
28224
28252
28332
28394
28397
28421
28450
28459
28518
28531
28541
28555
28562
28570
28571
28593
28651
28727
28761
28798
28851
28894
28919
29013
29021
29025
29029
29038
29059
29085
29102
29162
29167
29178
29191
29248
29274
29294
29325
29359
29365
29405
29442
29455
29503
29529
29558
29638
29643
29652
29795
29878
29882
29916
29917
29941
29955
29965
29981
29989
29994
29995
30028
30048
30049
30062
30156
30172
30175
30325
30345
30351
30415
30546
30579
30581
30590
30614
30620
30636
30645
30649
30763
30787
30875
30912
30926
30934
30957
31013
31048
31055
31087
31140
31156
31164
31172
31177
31192
31199
31272
31302
31312
31377
31444
31469
31485
31514
31620
31656
31669
31703
31727
31760
31762
31822
31867
31875
31901
31920
31962
32001
32011
32034
32058
32065
32076
32082
32105
32134
32145
32161
32289
32299
32325
32338
32346
32353
32540
32603
32608
32628
32641
32647
32664
32685
32688
32706
32771
32778
32802
32856
32871
32877
32928
32933
32936
32981
33001
33003
33017
33018
33102
33120
33131
33137
33161
33169
33195
33197
33226
33268
33297
33309
33350
33354
33373
33395
33487
33529
33546
33600
33608
33647
33773
33792
33857
33913
33940
33949
33950
33956
33972
34017
34029
34051
34057
34062
34066
34075
34077
34110
34114
34159
34160
34163
34196
34231
34250
34335
34404
34421
34467
34473
34476
34525
34578
34598
34600
34614
34628
34644
34670
34699
34718
34736
34738
34821
34829
34836
34851
34886
34925
34930
34982
34985
34996
35017
35025
35145
35176
35180
35211
35224
35230
35269
35270
35293
35314
35362
35372
35399
35436
35442
35449
35458
35486
35509
35526
35528
35537
35545
35582
35650
35693
35695
35720
35738
35742
35776
35823
35833
35842
35889
35936
35949
35987
36007
36061
36104
36165
36288
36307
36311
36312
36323
36342
36414
36415
36497
36533
36538
36555
36596
36615
36617
36642
36664
36688
36780
36802
36826
36899
36954
36987
37009
37058
37189
37246
37262
37285
37286
37289
37292
37327
37424
37425
37429
37436
37492
37527
37535
37606
37624
37673
37678
37715
37763
37779
37815
37845
37877
37952
37970
38001
38034
38049
38069
38095
38111
38139
38173
38194
38284
38290
38335
38349
38396
38419
38445
38509
38533
38613
38645
38657
38691
38712
38736
38782
38786
38788
38844
38859
38862
38886
38889
38905
38909
38950
38974
38977
39012
39056
39057
39090
39106
39113
39133
39144
39188
39210
39211
39244
39298
39337
39339
39397
39415
39425
39443
39620
39718
39729
39732
39737
39746
39748
39763
39790
39830
39836
39855
39863
39870
39874
39892
39931
39932
39997
-1
