29
52
60
160
209
211
234
263
268
293
339
387
423
451
570
584
645
688
703
720
730
734
778
779
843
863
894
907
987
988
1067
1070
1090
1095
1100
1106
1156
1228
1251
1308
1412
1414
1420
1455
1467
1527
1528
1588
1621
1641
1750
1772
1823
1828
1848
1860
1863
1918
1950
1959
1964
1996
2021
2032
2042
2066
2109
2118
2178
2190
2202
2227
2228
2229
2244
2256
2415
2478
2486
2492
2564
2576
2586
2600
2616
2654
2682
2694
2695
2807
2811
2831
2834
2903
2923
2937
2958
3046
3047
3048
3081
3115
3134
3138
3140
3143
3167
3178
3200
3235
3289
3297
3324
3339
3348
3385
3387
3410
3465
3490
3514
3552
3554
3555
3563
3566
3593
3597
3649
3678
3687
3702
3719
3759
3772
3801
3802
3846
3847
3854
3890
3907
3911
3916
4038
4051
4058
4059
4063
4120
4127
4157
4181
4218
4222
4242
4260
4276
4314
4365
4373
4393
4409
4492
4514
4542
4545
4569
4643
4646
4649
4657
4672
4706
4711
4756
4759
4773
4784
4862
4870
4877
4918
4946
4950
4974
5038
5070
5090
5106
5140
5153
5203
5205
5231
5233
5337
5364
5373
5383
5405
5410
5414
5430
5452
5453
5459
5481
5517
5536
5545
5549
5666
5685
5773
5818
5822
5902
5943
5987
6021
6034
6063
6083
6088
6090
6101
6115
6151
6201
6236
6256
6307
6320
6328
6348
6357
6374
6418
6454
6455
6457
6458
6511
6521
6526
6530
6554
6565
6629
6644
6653
6662
6683
6693
6740
6780
6782
6784
6808
6809
6823
6856
6933
6936
6937
6975
6995
7001
7008
7030
7050
7058
7063
7111
7115
7126
7181
7207
7253
7277
7292
7319
7323
7372
7403
7424
7440
7443
7454
7459
7570
7577
7616
7618
7621
7661
7680
7698
7703
7704
7758
7759
7762
7815
7832
7843
7897
7921
7958
8018
8019
8020
8084
8088
8102
8106
8169
8208
8294
8361
8372
8387
8398
8435
8445
8455
8475
8539
8567
8576
8583
8587
8659
8679
8699
8703
8713
8789
8817
8867
8926
8952
8959
9024
9038
9054
9063
9081
9137
9138
9141
9187
9257
9285
9290
9309
9317
9355
9420
9429
9430
9462
9469
9499
9512
9518
9578
9592
9682
9713
9733
9751
9768
9771
9785
9872
9888
9960
9984
10005
10031
10034
10040
10042
10046
10051
10064
10069
10077
10093
10155
10160
10175
10177
10233
10244
10250
10278
10341
10388
10435
10445
10448
10487
10501
10517
10579
10630
10647
10694
10697
10706
10746
10758
10770
10840
10923
10938
10940
10965
10982
11022
11039
11049
11056
11070
11089
11107
11125
11127
11129
11166
11188
11208
11279
11334
11396
11400
11406
11407
11408
11413
11419
11428
11445
11518
11555
11556
11565
11571
11583
11605
11647
11664
11667
11689
11713
11725
11743
11746
11758
11798
11808
11846
11879
11920
11950
11971
11972
12004
12007
12028
12133
12184
12224
12277
12289
12308
12315
12319
12391
12434
12469
12474
12518
12520
12533
12558
12562
12652
12678
12698
12701
12716
12739
12749
12755
12766
12806
12810
12830
12856
12866
12880
12891
12897
12916
12921
12930
12941
12966
12997
13099
13110
13112
13126
13153
13171
13180
13189
13191
13198
13215
13229
13239
13274
13311
13357
13387
13419
13420
13457
13496
13503
13557
13564
13621
13663
13664
13733
13751
13755
13810
13813
13836
13837
13867
13915
13933
13946
13952
14068
14099
14108
14125
14161
14169
14204
14219
14379
14385
14405
14431
14453
14463
14466
14526
14547
14578
14609
14614
14620
14629
14631
14661
14706
14724
14810
14900
14920
14922
14937
14945
14970
15038
15040
15045
15047
15053
15071
15076
15082
15122
15123
15165
15246
15314
15344
15347
15352
15359
15383
15390
15448
15463
15502
15514
15542
15565
15616
15645
15649
15693
15704
15718
15761
15844
15894
15898
15900
15903
15958
15959
16017
16060
16113
16141
16142
16146
16187
16190
16254
16386
16449
16500
16538
16574
16596
16604
16677
16692
16705
16801
16822
16877
16908
16943
16977
16980
17059
17105
17125
17130
17176
17185
17220
17276
17351
17369
17384
17403
17425
17454
17456
17497
17527
17579
17587
17590
17631
17637
17688
17695
17721
17781
17826
17827
17828
17870
17902
17905
17912
17930
17932
17971
18023
18034
18042
18052
18061
18078
18119
18126
18159
18202
18209
18210
18234
18247
18297
18311
18339
18342
18346
18367
18441
18490
18563
18573
18598
18651
18685
18686
18731
18797
18810
18871
18940
18978
18993
19026
19157
19181
19191
19224
19229
19275
19312
19313
19327
19344
19349
19352
19381
19417
19444
19551
19566
19611
19661
19711
19713
19733
19735
19736
19737
19763
19776
19797
19841
19850
19902
19917
19928
19940
19980
19991
20038
20041
20044
20083
20086
20127
20178
20257
20258
20290
20308
20325
20353
20360
20361
20384
20401
20437
20480
20504
20633
20640
20651
20682
20697
20732
20781
20818
20863
20887
20924
20930
20955
20967
20979
21055
21100
21150
21210
21218
21255
21271
21304
21315
21333
21339
21346
21359
21388
21389
21415
21442
21446
21471
21477
21483
21489
21492
21535
21549
21579
21601
21631
21695
21714
21736
21741
21811
21832
21910
21932
21942
21947
21965
22001
22004
22011
22046
22107
22166
22212
22219
22226
22244
22324
22337
22352
22373
22391
22412
22427
22453
22594
22616
22628
22642
22690
22692
22745
22749
22752
22794
22806
22843
22847
22869
22979
22981
22991
23140
23248
23252
23272
23279
23280
23334
23370
23380
23413
23441
23443
23464
23470
23475
23509
23574
23641
23666
23676
23717
23768
23777
23797
23852
23877
23912
23941
23973
23986
23998
24030
24063
24075
24120
24142
24186
24229
24248
24254
24282
24284
24305
24315
24364
24376
24380
24389
24391
24431
24451
24476
24482
24500
24588
24598
24600
24621
24623
24626
24647
24654
24698
24715
24772
24820
24834
24843
24851
24852
24857
24862
24918
24944
24955
24957
24977
24996
25003
25006
25012
25029
25077
25083
25094
25111
25120
25137
25169
25205
25230
25262
25288
25321
25348
25378
25385
25398
25400
25414
25425
25436
25458
25461
25483
25501
25511
25527
25557
25581
25609
25664
25719
25737
25741
25754
25760
25802
25824
25831
25848
25871
25897
25937
26011
26037
26060
26072
26082
26106
26130
26131
26134
26135
26138
26149
26164
26186
26202
26242
26255
26327
26333
26352
26355
26356
26414
26422
26436
26451
26484
26492
26522
26535
26608
26644
26692
26739
26781
26788
26792
26797
26805
26822
26831
26858
26873
26880
26929
26971
27044
27058
27105
27123
27132
27151
27162
27186
27280
27296
27312
27322
27387
27458
27483
27491
27537
27557
27603
27636
27676
27726
27742
27800
27891
27992
28030
28032
28044
28046
28093
28105
28123
28130
28137
28159
28165
28210
28225
28248
28289
28368
28377
28387
28407
28412
28415
28441
28465
28504
28529
28542
28591
28596
28663
28743
28748
28789
28809
28811
28828
28860
28944
28963
29047
29048
29049
29055
29073
29108
29110
29195
29217
29227
29246
29363
29368
29375
29383
29393
29484
29499
29522
29534
29552
29575
29624
29684
29697
29707
29714
29720
29734
29774
29780
29815
29856
29884
29915
29951
30029
30044
30072
30114
30133
30230
30239
30260
30278
30327
30333
30337
30355
30448
30482
30490
30519
30527
30530
30545
30561
30568
30601
30612
30640
30674
30734
30757
30766
30854
30869
30880
30898
30903
30913
30929
30940
30997
31051
31056
31160
31163
31187
31202
31212
31247
31303
31313
31339
31347
31388
31410
31421
31427
31438
31480
31521
31581
31604
31614
31619
31664
31719
31786
31799
31857
31911
31952
31961
31976
31999
32012
32015
32040
32045
32083
32118
32180
32203
32212
32244
32273
32286
32290
32309
32313
32315
32316
32337
32364
32420
32421
32446
32496
32532
32553
32584
32589
32625
32633
32660
32725
32815
32844
32907
32953
33029
33095
33099
33100
33127
33160
33198
33200
33215
33256
33263
33272
33308
33382
33390
33403
33472
33475
33508
33511
33536
33558
33572
33579
33613
33668
33693
33703
33755
33766
33809
33810
33823
33871
33901
33922
33966
33979
34076
34146
34148
34157
34169
34178
34217
34229
34266
34267
34303
34312
34327
34339
34347
34364
34373
34399
34484
34509
34519
34558
34564
34605
34644
34658
34701
34708
34737
34744
34764
34838
34839
34859
34902
34975
34992
34996
35079
35108
35133
35175
35190
35240
35247
35249
35278
35284
35288
35306
35377
35392
35443
35452
35471
35499
35510
35514
35521
35527
35553
35576
35593
35669
35686
35715
35722
35770
35789
35792
35812
35816
35849
35850
35859
35865
35873
35882
35969
36026
36028
36031
36034
36045
36087
36150
36174
36190
36191
36206
36223
36224
36236
36242
36275
36287
36304
36339
36346
36366
36400
36458
36465
36468
36485
36500
36522
36528
36552
36561
36595
36612
36626
36642
36653
36679
36682
36701
36704
36739
36763
36801
36822
36837
36917
36949
36956
36967
37003
37112
37123
37153
37156
37178
37196
37242
37245
37248
37306
37411
37526
37536
37610
37631
37632
37652
37687
37695
37724
37784
37788
37848
37869
37870
37925
37939
37963
38046
38064
38099
38119
38122
38194
38212
38230
38247
38320
38326
38359
38442
38477
38482
38492
38499
38500
38693
38719
38734
38735
38741
38768
38794
38795
38805
38840
38867
38914
38961
38989
39004
39059
39087
39104
39122
39124
39129
39145
39156
39203
39227
39310
39353
39391
39607
39623
39668
39692
39793
39795
39808
39814
39819
39836
39867
39885
39914
39939
39946
39975
-1
