13
18
20
25
37
65
76
77
93
114
136
220
226
232
235
248
293
346
364
381
395
459
460
471
472
481
515
523
545
592
596
610
614
616
657
681
687
693
713
741
788
822
876
894
927
986
1022
1039
1048
1079
1105
1158
1197
1217
1223
1324
1337
1410
1502
1516
1579
1615
1634
1694
1698
1728
1740
1778
1803
1832
1834
1835
1906
1927
1970
1977
2014
2018
2061
2064
2089
2094
2143
2158
2171
2199
2215
2253
2289
2301
2325
2360
2497
2546
2579
2637
2639
2649
2664
2710
2725
2747
2790
2802
2884
2922
2925
2981
2996
3005
3033
3057
3085
3092
3096
3098
3099
3102
3107
3229
3237
3311
3330
3343
3364
3375
3376
3416
3437
3441
3491
3519
3521
3527
3529
3530
3534
3546
3600
3656
3658
3691
3734
3795
3802
3814
3855
3863
3897
3929
3952
3977
3990
3992
4006
4020
4140
4191
4246
4257
4288
4307
4311
4316
4330
4339
4520
4526
4555
4564
4582
4628
4657
4666
4667
4668
4669
4747
4787
4800
4803
4813
4817
4818
4862
4880
4918
4932
4942
4974
4988
4990
5007
5052
5087
5118
5184
5188
5197
5259
5334
5338
5346
5365
5398
5401
5404
5457
5470
5511
5524
5544
5577
5595
5604
5676
5677
5739
5753
5765
5802
5818
5894
5909
5914
5972
6013
6030
6067
6106
6131
6134
6162
6190
6217
6240
6315
6338
6395
6426
6461
6473
6492
6496
6525
6536
6555
6560
6576
6590
6591
6633
6686
6707
6787
6815
6820
6870
6895
6914
6989
7021
7121
7156
7164
7168
7195
7228
7236
7329
7331
7383
7402
7446
7450
7457
7463
7473
7475
7483
7536
7548
7566
7569
7595
7612
7648
7649
7671
7679
7698
7701
7727
7731
7761
7773
7782
7802
7813
7816
7837
7890
7899
7901
7905
7908
7913
7914
7925
7928
7935
7997
8001
8015
8030
8036
8041
8053
8059
8088
8113
8135
8155
8173
8190
8210
8246
8386
8436
8450
8467
8514
8517
8529
8537
8552
8555
8666
8680
8685
8696
8705
8712
8763
8794
8861
8895
8910
8933
8969
9019
9032
9112
9113
9159
9206
9233
9234
9237
9255
9310
9314
9337
9366
9385
9392
9537
9567
9578
9581
9614
9664
9686
9703
9704
9749
9760
9778
9819
9822
9842
9843
9858
9866
9867
9881
9888
9975
9983
10009
10034
10073
10085
10215
10223
10231
10239
10311
10353
10357
10358
10360
10413
10425
10451
10460
10477
10520
10536
10559
10613
10629
10643
10650
10675
10699
10722
10773
10775
10799
10812
10833
10839
10855
10877
10919
10946
10957
10971
10997
11018
11042
11083
11085
11095
11123
11176
11182
11195
11209
11218
11228
11248
11252
11253
11321
11336
11378
11385
11389
11402
11410
11418
11464
11473
11475
11479
11501
11523
11582
11588
11634
11637
11652
11658
11682
11688
11709
11719
11726
11754
11755
11779
11781
11897
11923
11966
11995
12019
12033
12047
12118
12132
12145
12168
12201
12224
12225
12245
12307
12336
12377
12386
12411
12419
12447
12484
12498
12555
12564
12584
12606
12636
12800
12830
12843
12849
12854
12858
12865
12866
12908
12931
12946
13019
13024
13062
13121
13124
13128
13246
13271
13296
13365
13372
13382
13386
13399
13454
13468
13486
13567
13619
13655
13681
13688
13738
13768
13792
13853
13878
13966
13968
13976
14049
14060
14070
14081
14088
14102
14141
14167
14182
14210
14212
14243
14247
14254
14269
14364
14377
14389
14430
14501
14517
14532
14533
14541
14566
14567
14572
14583
14602
14666
14680
14686
14713
14729
14733
14761
14786
14884
14937
14941
14973
15011
15012
15025
15048
15089
15129
15237
15244
15251
15263
15274
15275
15278
15309
15344
15355
15368
15397
15540
15546
15547
15558
15587
15597
15615
15629
15647
15722
15729
15735
15801
15819
15829
15855
15897
15904
15982
16023
16049
16090
16138
16214
16248
16257
16358
16375
16403
16404
16424
16519
16535
16559
16604
16615
16675
16715
16723
16770
16791
16804
16813
16816
16832
16877
16981
16999
17056
17073
17080
17130
17180
17199
17218
17314
17315
17319
17356
17524
17535
17557
17573
17604
17623
17654
17686
17712
17735
17750
17756
17784
17889
17977
17978
17993
18003
18008
18031
18054
18081
18122
18126
18146
18151
18156
18175
18205
18284
18310
18321
18349
18367
18436
18477
18481
18518
18526
18530
18543
18544
18629
18631
18655
18664
18677
18818
18836
18863
18873
18901
18940
18974
19030
19042
19105
19117
19134
19168
19173
19192
19196
19200
19246
19277
19278
19286
19294
19362
19380
19449
19450
19511
19515
19530
19554
19567
19603
19609
19684
19746
19774
19894
19900
19908
19938
19964
19969
19986
20002
20048
20079
20099
20172
20189
20223
20253
20274
20312
20316
20327
20374
20395
20498
20541
20583
20599
20648
20649
20686
20712
20748
20749
20762
20801
20814
20825
20851
20854
20857
20867
20875
20885
20898
20907
20926
20945
20986
21018
21032
21049
21067
21131
21146
21150
21176
21214
21223
21242
21276
21307
21316
21330
21334
21337
21402
21465
21468
21476
21489
21523
21568
21643
21644
21673
21682
21691
21717
21722
21841
21843
21846
21865
21881
21903
21961
21972
22003
22026
22028
22037
22126
22204
22217
22289
22327
22392
22421
22490
22497
22522
22526
22542
22562
22623
22644
22670
22677
22720
22809
22815
22831
22887
22925
22930
22953
23027
23084
23187
23195
23234
23241
23245
23285
23297
23326
23340
23383
23393
23413
23445
23459
23495
23517
23531
23543
23594
23624
23644
23690
23709
23740
23781
23790
23808
23813
23840
23880
23904
23931
23940
23947
23949
23969
23987
24005
24028
24046
24058
24083
24087
24132
24197
24198
24324
24345
24347
24376
24413
24419
24427
24441
24456
24474
24475
24484
24512
24560
24574
24597
24618
24661
24673
24675
24683
24692
24781
24787
24791
24796
24815
24866
24868
24959
25016
25052
25075
25095
25168
25179
25226
25261
25294
25371
25449
25478
25493
25495
25632
25664
25684
25716
25751
25769
25857
25910
25917
25934
25936
25963
26055
26068
26092
26115
26126
26152
26166
26180
26243
26254
26274
26373
26398
26444
26475
26526
26598
26602
26630
26673
26693
26712
26713
26719
26727
26738
26777
26794
26808
26863
26880
26959
26972
26984
27008
27094
27108
27110
27129
27226
27255
27268
27271
27299
27320
27371
27374
27378
27391
27404
27463
27474
27496
27505
27525
27609
27623
27645
27650
27658
27662
27663
27712
27726
27740
27764
27766
27819
27831
27835
27879
27892
27906
28018
28115
28118
28128
28133
28152
28174
28175
28185
28193
28233
28247
28267
28272
28274
28300
28320
28324
28371
28374
28421
28430
28452
28473
28477
28532
28535
28569
28576
28685
28711
28748
28768
28849
28862
28912
28959
28993
29012
29013
29046
29057
29096
29128
29149
29172
29175
29178
29192
29218
29235
29271
29282
29334
29353
29354
29385
29398
29417
29444
29508
29518
29525
29538
29582
29587
29610
29611
29616
29665
29687
29708
29736
29759
29812
29829
29831
29861
29872
29890
29918
29942
29948
29985
30008
30018
30033
30070
30078
30085
30106
30124
30146
30158
30185
30207
30208
30212
30249
30253
30273
30311
30312
30358
30360
30371
30393
30422
30426
30470
30484
30494
30511
30596
30601
30618
30658
30670
30687
30758
30792
30814
30825
30826
30832
30855
30875
30904
30949
30994
31000
31009
31060
31079
31118
31124
31134
31147
31155
31190
31220
31225
31239
31297
31319
31401
31439
31465
31483
31537
31541
31562
31564
31596
31690
31695
31726
31729
31738
31755
31791
31808
31916
31928
31975
31995
31998
32003
32012
32036
32048
32057
32079
32098
32103
32116
32131
32165
32195
32213
32276
32277
32342
32376
32405
32418
32487
32509
32528
32534
32610
32638
32643
32665
32669
32752
32794
32839
32889
33020
33057
33065
33097
33099
33146
33155
33176
33180
33223
33248
33264
33288
33299
33309
33328
33329
33332
33380
33397
33442
33484
33487
33496
33511
33571
33577
33649
33665
33669
33687
33705
33717
33790
33807
33809
33821
33936
33948
34018
34053
34062
34072
34095
34122
34231
34234
34238
34258
34317
34353
34380
34402
34422
34448
34503
34506
34532
34540
34561
34565
34572
34616
34637
34647
34650
34651
34714
34718
34843
34886
34894
34946
34988
35039
35043
35044
35058
35079
35080
35093
35116
35182
35186
35217
35228
35291
35318
35332
35333
35339
35355
35376
35405
35431
35437
35505
35574
35582
35595
35600
35629
35639
35704
35712
35736
35783
35811
35851
35853
35859
35902
35957
35997
36018
36032
36076
36084
36174
36218
36256
36260
36267
36276
36316
36327
36351
36359
36363
36364
36377
36381
36393
36403
36415
36443
36448
36464
36553
36612
36663
36739
36758
36776
36848
36958
36973
36988
37001
37079
37084
37116
37127
37170
37187
37201
37227
37239
37250
37286
37345
37362
37382
37384
37451
37475
37487
37533
37595
37621
37632
37661
37699
37734
37761
37788
37853
37926
37956
38007
38032
38047
38104
38152
38165
38187
38226
38245
38246
38283
38291
38305
38311
38318
38326
38402
38442
38471
38472
38493
38497
38510
38545
38570
38582
38611
38622
38638
38652
38692
38701
38728
38750
38783
38792
38795
38802
38854
38873
38875
38877
38891
38906
38907
38973
38974
39015
39064
39109
39195
39206
39212
39217
39237
39252
39289
39290
39312
39319
39348
39392
39417
39463
39482
39483
39493
39522
39552
39621
39628
39672
39678
39700
39722
39743
39764
39770
39783
39790
39842
39857
39881
39943
39955
39980
-1
