33
62
66
87
97
106
145
156
163
185
195
211
300
302
307
375
478
492
521
590
602
676
682
777
799
808
817
841
860
882
883
887
922
933
935
988
1034
1043
1045
1070
1112
1159
1184
1212
1223
1257
1336
1339
1352
1379
1400
1407
1412
1440
1465
1538
1580
1620
1627
1628
1864
1868
1872
1886
1908
1932
1952
1965
1969
1979
2000
2034
2040
2093
2096
2121
2123
2139
2153
2206
2321
2340
2343
2345
2353
2359
2366
2372
2389
2409
2412
2430
2434
2440
2464
2471
2476
2482
2503
2527
2569
2576
2634
2639
2652
2655
2663
2672
2697
2706
2713
2728
2742
2773
2878
2944
2953
2972
3102
3176
3233
3236
3280
3304
3370
3395
3401
3404
3407
3457
3530
3537
3623
3653
3657
3664
3707
3766
3782
3811
3813
3864
3893
3956
3975
3988
3989
4107
4141
4145
4155
4173
4214
4227
4237
4238
4244
4251
4303
4351
4387
4394
4403
4408
4444
4451
4453
4466
4482
4485
4491
4536
4561
4574
4608
4617
4621
4648
4668
4741
4744
4795
4843
4889
4940
4971
4980
4992
5043
5061
5072
5111
5128
5129
5137
5152
5182
5220
5341
5346
5359
5390
5404
5517
5566
5606
5650
5679
5780
5790
5809
5817
5831
5835
5872
5960
5975
6013
6034
6040
6057
6084
6157
6217
6222
6232
6243
6261
6304
6406
6429
6475
6511
6536
6581
6582
6611
6626
6630
6633
6699
6708
6712
6799
6838
6842
6870
6892
6905
7000
7069
7109
7112
7119
7141
7159
7160
7167
7215
7248
7307
7323
7344
7352
7401
7406
7421
7433
7450
7473
7485
7489
7503
7561
7658
7689
7711
7738
7749
7762
7779
7828
7879
7886
7897
7903
7980
7987
8025
8028
8029
8036
8109
8126
8158
8189
8196
8222
8282
8289
8322
8349
8350
8394
8556
8599
8633
8670
8691
8701
8726
8735
8792
8839
8881
8885
8893
8894
8917
8950
8960
8974
8975
8976
8993
8999
9091
9092
9125
9134
9148
9175
9190
9201
9233
9239
9243
9270
9308
9327
9353
9355
9357
9385
9390
9393
9399
9418
9447
9470
9539
9575
9593
9629
9631
9642
9729
9740
9750
9768
9806
9902
9932
9940
9956
9961
9990
10001
10015
10034
10100
10112
10151
10155
10166
10197
10208
10210
10223
10241
10255
10292
10315
10349
10351
10363
10369
10374
10405
10418
10516
10531
10576
10588
10626
10637
10651
10658
10687
10701
10725
10741
10762
10810
10824
10825
10837
10857
10865
10893
10897
10901
10918
10934
10975
10985
11022
11026
11090
11094
11110
11126
11135
11197
11241
11277
11283
11349
11368
11387
11458
11496
11500
11541
11546
11623
11684
11766
11771
11818
11821
11850
11853
11921
11927
11959
11977
11980
12050
12057
12059
12067
12139
12147
12160
12177
12217
12311
12348
12366
12378
12417
12429
12492
12501
12515
12525
12555
12556
12559
12568
12575
12593
12609
12627
12651
12704
12709
12721
12734
12735
12759
12772
12806
12846
12852
12854
12894
12957
12960
12964
12986
13020
13026
13036
13043
13052
13077
13091
13129
13135
13236
13278
13287
13345
13353
13357
13390
13460
13478
13605
13614
13625
13633
13640
13649
13691
13746
13780
13852
13874
13886
13892
13933
13934
13946
13975
14034
14133
14171
14201
14237
14286
14338
14345
14347
14484
14485
14515
14562
14568
14572
14575
14583
14591
14601
14614
14634
14661
14682
14726
14727
14750
14795
14813
14816
14829
14856
14861
14880
14888
14915
14925
14938
14954
14956
14979
15005
15053
15173
15186
15232
15244
15435
15463
15467
15540
15567
15589
15620
15655
15662
15663
15693
15694
15717
15739
15787
15803
15848
15853
15860
15880
15901
15944
15978
16011
16025
16031
16033
16035
16046
16048
16061
16089
16092
16107
16124
16137
16158
16187
16198
16200
16230
16241
16251
16296
16350
16352
16363
16364
16369
16371
16418
16425
16430
16512
16528
16542
16557
16601
16673
16675
16677
16712
16721
16728
16785
16812
16813
16890
16901
16923
16932
16978
17012
17051
17060
17070
17170
17201
17229
17255
17257
17298
17318
17446
17448
17451
17477
17507
17515
17524
17526
17539
17557
17574
17584
17587
17626
17660
17679
17700
17713
17736
17757
17770
17829
17848
17903
17957
17996
18046
18051
18071
18078
18144
18212
18221
18222
18265
18270
18281
18283
18300
18302
18332
18385
18386
18417
18442
18448
18454
18554
18611
18628
18650
18700
18723
18756
18791
18796
18819
18857
18863
18883
18886
18901
18906
18914
18933
18943
18946
18949
19021
19024
19091
19106
19153
19186
19188
19203
19233
19239
19279
19287
19303
19336
19381
19435
19473
19547
19550
19601
19627
19666
19682
19692
19715
19716
19753
19836
19872
19874
19903
19938
19947
19982
20016
20049
20077
20083
20084
20100
20121
20130
20134
20142
20174
20191
20197
20199
20217
20238
20259
20264
20285
20317
20321
20328
20334
20345
20353
20377
20397
20415
20436
20437
20453
20501
20502
20503
20516
20518
20572
20592
20624
20652
20692
20710
20781
20807
20809
20811
20873
20881
21009
21013
21014
21018
21020
21110
21140
21153
21188
21203
21227
21263
21311
21362
21379
21392
21447
21463
21493
21598
21602
21605
21681
21708
21715
21734
21756
21757
21764
21799
21813
21920
21950
21977
22041
22050
22081
22099
22100
22163
22207
22270
22289
22301
22317
22320
22327
22388
22403
22423
22470
22483
22492
22516
22528
22543
22545
22643
22664
22691
22699
22703
22710
22711
22715
22761
22795
22797
22844
22902
23113
23150
23156
23158
23167
23173
23175
23185
23234
23236
23250
23259
23278
23302
23306
23310
23363
23383
23422
23432
23451
23496
23528
23547
23580
23703
23721
23738
23752
23761
23770
23800
23807
23841
23859
23862
23871
23928
23948
23954
24057
24068
24111
24141
24156
24191
24194
24239
24250
24528
24566
24593
24624
24643
24659
24674
24749
24813
24840
24848
24854
24879
24883
24915
24942
24957
24987
25007
25055
25110
25117
25207
25219
25253
25273
25286
25324
25337
25339
25344
25351
25364
25366
25372
25376
25387
25420
25474
25487
25493
25506
25517
25545
25546
25583
25585
25601
25617
25678
25794
25802
25830
25838
25877
25903
25912
25977
25983
25989
26002
26017
26050
26062
26083
26121
26147
26216
26223
26233
26264
26274
26275
26281
26299
26330
26344
26372
26402
26404
26487
26504
26541
26549
26551
26590
26599
26602
26639
26714
26730
26731
26800
26815
26817
26830
26846
26877
26909
26955
26960
26961
27001
27012
27045
27063
27113
27136
27139
27148
27173
27178
27314
27375
27378
27421
27422
27433
27446
27467
27510
27550
27559
27614
27647
27680
27694
27747
27767
27821
27827
27843
27857
27868
27917
27952
27963
28039
28040
28048
28068
28069
28088
28095
28120
28126
28146
28220
28242
28250
28258
28293
28323
28384
28410
28479
28500
28544
28565
28570
28606
28623
28658
28690
28712
28748
28751
28764
28766
28799
28824
28831
28860
28866
28898
28904
28922
28979
28985
29018
29037
29052
29110
29111
29121
29161
29165
29182
29209
29218
29219
29259
29263
29272
29319
29347
29351
29352
29357
29362
29364
29371
29391
29398
29400
29426
29598
29632
29650
29690
29704
29708
29723
29735
29736
29740
29741
29780
29802
29880
29894
29907
29913
29921
29930
29954
29977
30010
30030
30040
30049
30065
30080
30101
30144
30145
30178
30212
30236
30268
30271
30273
30298
30302
30408
30525
30600
30651
30767
30783
30802
30835
30841
30845
30864
30892
30894
31010
31014
31063
31066
31086
31147
31209
31254
31305
31319
31350
31438
31502
31510
31549
31558
31578
31635
31656
31685
31695
31730
31772
31808
31931
31934
31999
32018
32047
32088
32099
32103
32106
32109
32132
32152
32192
32201
32228
32237
32295
32302
32309
32318
32341
32364
32375
32401
32442
32490
32506
32547
32558
32576
32587
32616
32629
32655
32685
32706
32720
32738
32785
32795
32810
32821
32869
32887
32945
32946
32949
32993
32998
33003
33012
33024
33041
33065
33103
33139
33150
33217
33244
33275
33288
33365
33390
33429
33442
33491
33494
33516
33536
33578
33595
33599
33632
33665
33678
33711
33732
33839
33886
33909
33960
33965
33971
33977
33989
34058
34109
34110
34162
34188
34284
34321
34327
34349
34352
34364
34382
34412
34425
34427
34432
34504
34509
34525
34527
34560
34567
34569
34570
34603
34612
34683
34767
34787
34794
34799
34800
34807
34818
34843
34851
34880
34883
34889
34920
34932
35009
35061
35130
35176
35230
35259
35280
35393
35410
35447
35501
35507
35535
35554
35560
35587
35610
35630
35652
35699
35723
35743
35788
35844
35914
35936
35965
35998
36024
36032
36046
36048
36130
36138
36164
36166
36196
36214
36222
36227
36245
36291
36310
36333
36373
36386
36405
36408
36436
36483
36491
36502
36610
36625
36683
36813
36847
36853
36909
36924
36926
36955
36964
36965
36975
36989
37006
37007
37008
37038
37043
37045
37064
37070
37168
37189
37205
37225
37257
37333
37347
37362
37408
37469
37495
37515
37567
37621
37668
37729
37754
37766
37776
37780
37861
37919
37982
37986
37988
37992
38047
38099
38138
38153
38157
38159
38196
38241
38242
38278
38308
38372
38390
38404
38452
38462
38482
38496
38525
38545
38641
38660
38663
38679
38747
38760
38764
38829
38830
38855
38856
38867
38911
38931
38952
38974
38980
39004
39018
39081
39106
39256
39337
39345
39365
39394
39395
39408
39430
39450
39459
39461
39470
39527
39546
39592
39621
39622
39650
39681
39701
39711
39723
39759
39782
39848
39849
39943
-1
