44
52
111
120
135
171
188
261
276
278
318
367
383
384
389
423
439
478
484
611
622
625
638
664
683
685
727
738
780
869
884
919
980
989
1004
1042
1112
1131
1134
1156
1172
1205
1218
1227
1236
1257
1260
1305
1308
1396
1419
1423
1452
1536
1551
1564
1598
1607
1624
1644
1674
1685
1687
1690
1698
1742
1752
1757
1813
1847
1853
1873
1876
1890
1920
1923
1932
2011
2049
2060
2074
2174
2175
2181
2242
2260
2436
2481
2494
2497
2499
2561
2563
2587
2591
2600
2613
2681
2714
2729
2740
2741
2773
2785
2788
2792
2804
2822
2826
2827
2860
2888
2907
2924
2933
2963
2972
3009
3040
3066
3067
3068
3082
3096
3123
3129
3134
3182
3197
3198
3199
3210
3220
3226
3231
3254
3267
3288
3303
3327
3411
3456
3500
3525
3557
3579
3580
3620
3622
3656
3672
3734
3766
3802
3885
3908
3911
3954
4005
4060
4068
4073
4088
4114
4116
4128
4187
4238
4261
4264
4277
4292
4302
4314
4323
4344
4351
4357
4362
4372
4377
4451
4478
4508
4524
4576
4605
4659
4782
4818
4838
4880
4914
4927
4943
4946
4955
4992
5028
5035
5043
5055
5062
5128
5132
5189
5192
5197
5222
5288
5317
5356
5374
5483
5534
5541
5543
5548
5598
5602
5607
5664
5715
5732
5738
5762
5783
5829
5836
5841
5873
5897
5999
6016
6023
6046
6076
6101
6134
6169
6242
6247
6281
6295
6304
6323
6361
6394
6521
6601
6628
6630
6651
6658
6665
6734
6756
6791
6822
6823
6842
6870
6886
6894
6906
6917
6957
6992
7019
7020
7063
7094
7118
7120
7189
7207
7245
7277
7285
7299
7303
7306
7308
7346
7356
7358
7370
7419
7440
7503
7604
7617
7629
7640
7647
7657
7709
7742
7762
7791
7829
7845
7848
7910
7928
7967
8036
8045
8075
8077
8106
8113
8135
8145
8167
8170
8177
8221
8255
8260
8317
8344
8357
8429
8437
8448
8493
8498
8515
8528
8559
8595
8598
8678
8687
8750
8788
8812
8825
8865
8913
8986
9071
9155
9193
9215
9224
9234
9248
9336
9350
9356
9357
9413
9431
9457
9587
9591
9603
9621
9643
9648
9668
9669
9748
9761
9764
9773
9791
9795
9813
9887
9900
9948
10003
10006
10009
10052
10055
10063
10096
10099
10110
10182
10213
10222
10225
10236
10280
10299
10305
10307
10322
10333
10334
10337
10366
10402
10403
10425
10486
10544
10555
10577
10614
10620
10663
10665
10677
10702
10703
10733
10734
10843
10861
10869
10870
10883
10893
10920
10926
10932
10985
10993
11117
11119
11124
11141
11170
11178
11208
11226
11227
11252
11274
11312
11401
11429
11454
11529
11551
11562
11572
11644
11695
11706
11760
11762
11772
11773
11788
11837
11907
11914
11916
11973
12018
12058
12079
12084
12089
12124
12141
12159
12184
12206
12219
12246
12264
12292
12336
12382
12383
12384
12389
12440
12553
12554
12556
12598
12644
12674
12697
12745
12785
12795
12810
12826
12843
12849
12853
12957
12959
13020
13023
13028
13059
13094
13143
13183
13236
13260
13265
13286
13290
13302
13395
13454
13505
13512
13544
13591
13617
13642
13711
13729
13738
13790
13833
13851
13862
13916
13917
13918
13948
13957
13982
14028
14045
14054
14068
14074
14077
14091
14130
14155
14215
14246
14424
14434
14512
14562
14599
14637
14652
14699
14707
14771
14773
14807
14821
14831
14842
14846
14853
14856
14864
14925
14936
14939
14946
14949
14955
14956
14960
14970
14986
15006
15014
15055
15091
15095
15107
15154
15201
15204
15219
15223
15269
15293
15346
15348
15375
15474
15478
15514
15583
15590
15591
15622
15645
15683
15705
15711
15747
15785
15810
15813
15831
15834
15853
15877
15885
15913
15993
16020
16031
16108
16148
16188
16215
16277
16314
16354
16362
16493
16509
16512
16525
16572
16574
16594
16623
16702
16730
16794
16820
16843
16858
16876
16886
16909
16936
16946
16983
17025
17047
17052
17117
17235
17304
17313
17316
17409
17447
17458
17469
17487
17489
17526
17541
17569
17581
17594
17621
17638
17644
17646
17650
17654
17664
17691
17693
17736
17889
17890
17900
17925
17935
18015
18029
18063
18065
18072
18087
18106
18129
18190
18202
18208
18232
18298
18310
18323
18329
18333
18371
18443
18502
18505
18527
18529
18552
18594
18614
18628
18655
18671
18686
18687
18722
18743
18884
18892
18893
18913
18923
18934
18992
19044
19068
19102
19220
19233
19243
19248
19257
19271
19310
19313
19322
19353
19405
19412
19416
19455
19479
19482
19511
19533
19545
19548
19552
19555
19585
19690
19755
19760
19765
19862
19899
19914
19958
19989
19999
20011
20021
20157
20168
20249
20287
20307
20387
20395
20474
20504
20526
20551
20607
20624
20631
20633
20645
20696
20726
20762
20789
20864
20898
20915
20953
20960
20970
20989
21026
21136
21145
21154
21169
21170
21189
21223
21236
21252
21296
21300
21308
21329
21352
21388
21394
21442
21446
21451
21454
21534
21545
21549
21580
21599
21605
21608
21633
21646
21719
21723
21757
21783
21811
21819
21842
21872
21897
21923
22026
22090
22100
22182
22194
22195
22205
22238
22257
22268
22269
22277
22315
22322
22325
22353
22359
22414
22458
22459
22626
22630
22635
22684
22689
22701
22705
22742
22763
22768
22784
22793
22797
22920
22926
22930
22932
22963
22988
22991
22996
23020
23072
23079
23110
23111
23115
23133
23142
23191
23203
23234
23262
23263
23293
23338
23339
23378
23394
23411
23495
23511
23523
23601
23602
23700
23719
23773
23786
23800
23801
23806
23860
23884
23964
23970
23984
23987
24006
24035
24059
24077
24129
24131
24192
24196
24201
24256
24260
24319
24333
24361
24378
24404
24414
24433
24546
24560
24582
24597
24614
24628
24680
24704
24833
24865
24877
24931
24950
24956
24989
25009
25069
25074
25080
25218
25221
25227
25286
25294
25309
25332
25347
25364
25378
25443
25446
25450
25452
25488
25549
25564
25592
25598
25616
25619
25650
25651
25685
25717
25768
25785
25806
25853
25891
25978
26022
26037
26108
26129
26143
26217
26259
26278
26288
26319
26343
26368
26377
26391
26453
26494
26518
26577
26578
26590
26591
26595
26597
26598
26637
26716
26733
26739
26775
26826
26828
26869
26877
26906
26910
26931
26932
26942
26955
26959
27027
27073
27087
27122
27141
27263
27285
27309
27327
27339
27353
27408
27415
27439
27443
27476
27486
27497
27500
27586
27596
27625
27630
27709
27720
27763
27771
27819
27887
27975
28000
28041
28057
28059
28092
28101
28110
28111
28114
28163
28181
28192
28211
28217
28225
28251
28312
28439
28469
28473
28483
28563
28592
28616
28637
28649
28676
28686
28696
28728
28737
28741
28747
28763
28793
28798
28799
28832
28835
28848
28882
28928
28954
28978
28998
29014
29025
29037
29133
29141
29159
29220
29224
29241
29290
29329
29336
29384
29395
29466
29483
29489
29512
29526
29535
29551
29554
29579
29586
29600
29612
29620
29758
29760
29762
29787
29806
29813
29819
29863
29886
29913
29916
29956
29958
29976
29988
30022
30049
30098
30117
30120
30122
30125
30140
30179
30235
30253
30262
30290
30303
30322
30328
30414
30423
30432
30433
30456
30488
30500
30522
30554
30556
30683
30725
30728
30835
30907
30915
30939
30943
31003
31004
31037
31043
31044
31089
31120
31124
31159
31189
31240
31294
31295
31320
31322
31385
31389
31424
31439
31443
31444
31461
31471
31560
31575
31607
31648
31660
31688
31747
31748
31754
31758
31771
31788
31797
31816
31830
31844
31852
31895
31918
31937
31996
32004
32038
32069
32135
32142
32167
32232
32243
32248
32317
32357
32362
32384
32421
32472
32591
32600
32601
32605
32669
32670
32675
32710
32756
32765
32766
32773
32774
32818
32870
32882
32888
32919
32974
32998
33046
33057
33092
33189
33190
33209
33215
33284
33288
33314
33324
33378
33381
33388
33391
33401
33420
33428
33447
33451
33494
33503
33507
33584
33591
33593
33594
33653
33690
33706
33721
33813
33824
33828
33830
33872
33891
33916
33928
33929
33938
33954
33979
33980
33997
34039
34097
34118
34130
34135
34186
34191
34217
34267
34312
34333
34344
34388
34394
34476
34535
34635
34665
34673
34678
34679
34692
34698
34731
34761
34765
34766
34888
34931
34934
34942
34954
35002
35006
35014
35050
35074
35262
35309
35324
35362
35379
35431
35547
35585
35593
35679
35685
35690
35735
35761
35772
35774
35777
35816
35834
35856
35898
35907
35932
35967
35982
35990
36029
36031
36049
36063
36064
36083
36094
36096
36129
36133
36147
36181
36256
36308
36333
36334
36336
36375
36385
36421
36438
36445
36453
36467
36471
36502
36506
36532
36538
36601
36684
36708
36729
36735
36760
36776
36813
36884
36904
36938
36939
36942
36973
36979
37013
37050
37078
37082
37103
37111
37125
37170
37176
37205
37215
37282
37292
37317
37357
37366
37378
37418
37440
37470
37474
37476
37526
37548
37637
37644
37662
37708
37740
37814
37816
37817
37849
37920
38008
38076
38103
38120
38142
38162
38204
38211
38216
38263
38312
38316
38323
38379
38382
38384
38442
38503
38548
38576
38604
38609
38658
38679
38683
38721
38758
38790
38816
38840
38914
39024
39038
39053
39054
39055
39056
39100
39112
39113
39118
39149
39157
39170
39172
39191
39225
39246
39264
39307
39334
39364
39408
39414
39416
39422
39455
39456
39487
39496
39530
39533
39537
39576
39588
39608
39648
39662
39694
39752
39764
39774
39776
39794
39801
39817
39840
39852
39892
39893
39906
39953
39975
39985
-1
