3
30
143
147
165
191
271
284
316
358
402
458
466
474
503
524
640
651
652
663
706
715
728
750
769
788
799
816
860
874
890
900
904
923
957
959
965
969
996
1025
1026
1038
1093
1097
1113
1155
1200
1230
1272
1301
1308
1336
1351
1361
1447
1453
1457
1463
1506
1539
1544
1584
1592
1603
1621
1689
1730
1757
1776
1832
1837
1851
1854
1860
1888
1902
1962
1993
2024
2067
2106
2155
2165
2167
2171
2203
2246
2252
2253
2283
2286
2353
2363
2401
2410
2438
2475
2494
2495
2502
2525
2602
2616
2644
2648
2649
2664
2700
2705
2715
2717
2722
2746
2766
2773
2836
2853
2903
2938
2945
2974
2992
3033
3047
3064
3084
3100
3114
3142
3145
3155
3173
3194
3218
3247
3256
3271
3353
3399
3402
3408
3411
3415
3455
3499
3605
3667
3685
3727
3751
3772
3803
3814
3957
3975
3981
4016
4045
4086
4118
4157
4159
4166
4180
4194
4247
4302
4344
4363
4376
4417
4422
4469
4491
4494
4516
4557
4588
4605
4611
4619
4631
4639
4682
4719
4764
4819
4843
4853
4856
4879
4895
4903
4926
4937
4940
4984
5029
5031
5050
5057
5123
5214
5269
5279
5291
5300
5321
5333
5339
5386
5387
5431
5438
5454
5471
5487
5507
5511
5539
5570
5614
5664
5720
5751
5899
5938
5954
5976
6017
6025
6061
6074
6118
6168
6200
6257
6262
6264
6266
6272
6333
6368
6374
6399
6414
6491
6511
6537
6577
6591
6608
6618
6620
6645
6648
6670
6715
6727
6731
6750
6831
6842
6872
6931
6933
6993
7000
7016
7069
7080
7098
7129
7131
7170
7257
7263
7265
7271
7301
7452
7464
7467
7468
7481
7532
7548
7585
7595
7597
7633
7649
7684
7687
7693
7708
7720
7739
7757
7770
7773
7886
7897
7913
7984
7988
8069
8098
8100
8146
8228
8231
8260
8306
8320
8352
8392
8453
8454
8457
8467
8482
8483
8502
8573
8574
8676
8679
8782
8807
8815
8818
8820
8838
8845
8873
8880
8909
8946
8957
8961
9040
9107
9111
9177
9193
9214
9220
9221
9298
9336
9433
9444
9496
9600
9629
9669
9712
9828
9889
9890
9898
9925
9942
9943
9949
9971
9977
10010
10012
10039
10045
10093
10114
10115
10128
10158
10163
10187
10193
10205
10231
10271
10342
10355
10377
10426
10428
10445
10472
10562
10567
10592
10594
10610
10650
10818
10848
10872
10876
10879
10892
10916
10941
10944
10953
10967
10993
11017
11026
11094
11100
11108
11141
11148
11186
11201
11214
11225
11242
11271
11281
11292
11319
11332
11355
11361
11380
11403
11407
11436
11469
11489
11499
11505
11519
11537
11602
11611
11620
11679
11731
11732
11752
11778
11801
11828
11833
11844
11861
11869
11909
11916
11919
11926
11932
11947
11970
12026
12048
12082
12112
12136
12153
12164
12173
12194
12219
12267
12274
12324
12350
12354
12407
12440
12543
12563
12573
12631
12670
12699
12718
12744
12791
12900
12907
12948
12953
12989
13004
13016
13019
13033
13063
13144
13216
13218
13270
13297
13392
13410
13428
13436
13442
13469
13483
13531
13569
13602
13611
13646
13667
13678
13728
13741
13744
13746
13823
13849
13856
13868
13869
13878
14001
14028
14058
14162
14208
14209
14257
14267
14302
14341
14377
14390
14416
14447
14471
14488
14504
14524
14550
14578
14581
14583
14598
14603
14619
14625
14645
14695
14821
14834
14904
14919
14955
14982
14988
15026
15054
15100
15137
15257
15259
15274
15299
15304
15307
15312
15331
15349
15351
15372
15377
15403
15427
15443
15480
15501
15506
15540
15543
15544
15607
15621
15633
15645
15659
15688
15689
15714
15722
15725
15787
15792
15814
15821
15876
15880
15881
15891
15948
15978
15987
15996
16064
16075
16084
16098
16114
16133
16141
16156
16167
16234
16241
16273
16291
16312
16321
16323
16325
16422
16423
16441
16444
16527
16665
16742
16749
16797
16840
16875
16895
16938
16947
16953
16978
17001
17022
17038
17178
17186
17212
17218
17265
17323
17370
17457
17539
17550
17569
17575
17578
17626
17660
17711
17724
17749
17751
17769
17821
17835
17897
17918
17933
17958
17984
17985
17991
18069
18072
18097
18125
18229
18255
18269
18287
18296
18333
18397
18432
18433
18462
18465
18565
18570
18582
18583
18608
18633
18644
18699
18711
18749
18756
18770
18775
18812
18823
18849
18853
18862
18901
18962
18971
18998
19026
19040
19061
19070
19095
19118
19130
19272
19279
19311
19339
19344
19387
19420
19559
19581
19585
19589
19596
19618
19639
19676
19712
19719
19721
19728
19738
19745
19754
19774
19812
19817
19826
19848
19874
19911
19920
19995
20019
20048
20067
20083
20115
20127
20138
20156
20167
20169
20190
20219
20232
20285
20316
20352
20362
20364
20381
20386
20433
20434
20441
20472
20508
20509
20526
20527
20529
20551
20601
20603
20608
20614
20648
20672
20703
20710
20726
20748
20760
20786
20832
20856
20872
20932
20961
21018
21026
21065
21072
21105
21121
21224
21266
21272
21297
21331
21338
21368
21389
21432
21439
21453
21471
21493
21494
21515
21516
21555
21606
21618
21667
21691
21716
21721
21784
21804
21807
21809
21842
21913
21917
21926
21946
21974
21984
22014
22046
22093
22134
22198
22232
22293
22308
22322
22338
22543
22569
22577
22649
22663
22675
22688
22689
22740
22808
22847
22855
22863
22917
22942
22944
23002
23013
23124
23207
23224
23310
23314
23318
23337
23341
23350
23357
23380
23388
23410
23420
23475
23497
23530
23559
23571
23639
23640
23666
23686
23692
23719
23754
23770
23782
23795
23796
23809
23825
23830
23884
23896
23897
23934
23964
24008
24053
24065
24087
24091
24097
24114
24115
24142
24220
24230
24241
24254
24288
24300
24303
24319
24358
24418
24427
24448
24455
24502
24512
24517
24525
24542
24547
24568
24589
24628
24642
24713
24726
24752
24769
24809
24871
24872
24891
24939
24953
24998
25037
25074
25079
25115
25178
25190
25193
25205
25287
25299
25399
25424
25439
25525
25570
25573
25597
25606
25616
25630
25759
25769
25781
25794
25800
25883
25892
25930
25979
25987
26023
26058
26075
26160
26212
26266
26272
26279
26287
26303
26314
26333
26348
26383
26459
26486
26529
26532
26551
26560
26576
26582
26585
26600
26605
26679
26714
26813
26875
26948
26951
26971
26993
27010
27019
27027
27161
27189
27259
27260
27261
27277
27285
27294
27301
27326
27368
27381
27411
27435
27442
27462
27466
27474
27481
27491
27524
27531
27589
27620
27626
27633
27647
27659
27717
27730
27750
27780
27859
27872
27925
27978
27991
28007
28023
28037
28148
28153
28159
28182
28219
28225
28229
28284
28319
28333
28421
28441
28449
28467
28473
28511
28517
28534
28587
28616
28644
28651
28688
28702
28704
28752
28754
28808
28815
28867
28873
28883
28887
28899
28909
28911
28979
28988
28999
29017
29026
29056
29057
29090
29106
29114
29124
29130
29142
29176
29222
29236
29292
29346
29356
29368
29379
29400
29407
29484
29491
29492
29497
29509
29510
29524
29570
29577
29660
29683
29694
29716
29773
29801
29813
29843
29857
29872
29876
29911
29916
29917
29933
29983
29985
30070
30089
30131
30170
30246
30276
30309
30344
30350
30368
30438
30484
30494
30496
30497
30515
30519
30539
30623
30632
30670
30691
30730
30731
30813
30879
30882
30913
30921
30922
30972
30980
30998
31011
31033
31040
31050
31053
31066
31157
31227
31244
31251
31295
31303
31317
31343
31357
31386
31412
31429
31460
31476
31495
31530
31595
31621
31685
31688
31705
31760
31836
31838
31858
31914
31944
31958
31969
31978
31984
32007
32015
32024
32065
32103
32122
32139
32161
32181
32187
32190
32222
32224
32231
32232
32238
32245
32260
32267
32286
32339
32349
32366
32394
32438
32482
32522
32581
32672
32675
32681
32716
32725
32730
32740
32800
32803
32828
32889
32930
32960
32996
33007
33032
33047
33058
33118
33124
33184
33211
33237
33279
33293
33297
33333
33342
33346
33352
33356
33372
33373
33378
33384
33385
33428
33453
33455
33468
33469
33486
33520
33536
33543
33567
33577
33617
33627
33659
33691
33748
33760
33825
33826
33857
33864
33871
33875
33885
33899
34021
34027
34060
34062
34064
34080
34084
34111
34184
34283
34295
34346
34359
34412
34416
34429
34489
34491
34498
34522
34583
34625
34649
34709
34720
34750
34811
34916
34918
34941
34961
34993
34997
35037
35062
35157
35184
35204
35255
35295
35351
35355
35505
35544
35563
35603
35606
35614
35633
35682
35683
35696
35722
35737
35787
35874
35888
35975
36031
36063
36085
36100
36112
36170
36222
36232
36246
36278
36288
36306
36421
36476
36477
36495
36526
36532
36597
36613
36644
36647
36650
36665
36692
36722
36723
36761
36842
36853
36874
36921
36992
37026
37050
37074
37101
37138
37156
37204
37215
37229
37239
37243
37246
37263
37310
37358
37382
37413
37419
37446
37473
37478
37503
37504
37520
37531
37556
37567
37583
37620
37641
37650
37651
37655
37716
37851
37889
37902
37903
37910
37936
37965
38007
38105
38155
38158
38185
38208
38215
38232
38233
38235
38259
38260
38266
38273
38319
38332
38340
38349
38378
38389
38424
38441
38464
38501
38533
38623
38631
38690
38712
38740
38751
38796
38804
38816
38831
38841
38895
38966
39056
39114
39116
39181
39185
39202
39217
39326
39345
39380
39403
39407
39418
39424
39454
39520
39524
39541
39565
39575
39583
39593
39604
39648
39657
39715
39792
39804
39818
39819
39838
39859
39860
39879
39932
39938
39961
39973
39986
-1
