26
31
98
105
225
260
293
317
330
353
410
421
433
479
518
539
547
602
603
609
628
647
664
677
791
861
932
969
975
1014
1018
1043
1121
1133
1219
1220
1271
1308
1357
1367
1454
1534
1564
1572
1663
1666
1682
1696
1710
1751
1767
1771
1791
1794
1874
1896
1938
1958
1988
2099
2118
2125
2143
2167
2224
2231
2234
2248
2252
2277
2298
2320
2337
2348
2363
2402
2414
2471
2622
2630
2650
2703
2708
2762
2808
2866
3035
3047
3120
3131
3132
3181
3221
3275
3311
3321
3341
3392
3460
3487
3506
3514
3543
3591
3613
3670
3679
3695
3696
3747
3816
3900
3906
3982
3996
4000
4013
4014
4039
4043
4050
4071
4082
4111
4114
4120
4129
4136
4138
4145
4150
4186
4198
4236
4252
4266
4276
4290
4308
4319
4398
4422
4460
4489
4521
4532
4580
4658
4670
4673
4683
4693
4791
4798
4866
4918
4947
4972
5021
5062
5134
5149
5156
5186
5198
5232
5272
5289
5392
5395
5399
5432
5439
5443
5456
5458
5495
5498
5505
5536
5538
5555
5600
5671
5691
5693
5705
5729
5748
5799
5961
6027
6073
6088
6140
6220
6267
6281
6296
6358
6365
6378
6382
6471
6472
6489
6535
6543
6563
6594
6601
6619
6675
6693
6794
6801
6805
6810
6899
6913
6915
6917
6921
7064
7092
7128
7134
7148
7155
7177
7183
7222
7249
7251
7280
7282
7339
7387
7471
7485
7508
7534
7551
7553
7557
7578
7618
7648
7652
7700
7772
7828
7832
7867
7874
7906
8154
8228
8229
8266
8279
8284
8303
8321
8483
8484
8510
8535
8546
8555
8587
8610
8652
8682
8686
8691
8699
8710
8730
8786
8788
8838
8901
8918
8926
8946
8947
8948
8963
8979
9008
9090
9128
9152
9178
9228
9241
9278
9282
9318
9348
9352
9413
9422
9448
9517
9539
9568
9590
9628
9679
9705
9737
9753
9776
9782
9794
9843
9844
9993
10026
10045
10062
10071
10094
10154
10155
10164
10211
10212
10234
10255
10258
10269
10300
10302
10328
10336
10337
10348
10364
10380
10388
10390
10442
10555
10614
10638
10642
10685
10749
10804
10814
10821
10922
11021
11055
11060
11062
11064
11068
11164
11174
11187
11195
11236
11239
11241
11265
11276
11287
11322
11328
11340
11402
11422
11485
11576
11742
11761
11781
11805
11847
11874
11947
12001
12015
12033
12042
12091
12122
12127
12132
12161
12218
12223
12274
12285
12294
12392
12429
12434
12462
12619
12629
12664
12694
12716
12762
12765
12767
12775
12788
12793
12824
12852
12890
12931
12959
12984
13032
13034
13102
13122
13146
13162
13167
13170
13178
13216
13289
13296
13298
13347
13360
13379
13392
13426
13444
13509
13535
13536
13565
13569
13575
13628
13635
13680
13685
13688
13689
13717
13727
13732
13750
13754
13758
13759
13773
13775
13796
13894
13916
13917
13947
13948
14004
14024
14043
14050
14110
14143
14181
14184
14195
14282
14307
14327
14329
14345
14356
14378
14399
14433
14471
14478
14479
14493
14506
14514
14534
14572
14597
14609
14638
14663
14676
14701
14738
14755
14811
14853
14859
14918
14923
14982
14985
14990
15011
15020
15039
15054
15056
15061
15075
15102
15150
15154
15159
15229
15236
15261
15301
15305
15385
15400
15405
15440
15451
15455
15469
15574
15598
15637
15686
15771
15773
15797
15815
15840
15842
15982
16024
16025
16031
16093
16114
16129
16140
16156
16172
16177
16193
16201
16209
16217
16219
16246
16259
16284
16337
16340
16351
16404
16412
16415
16467
16497
16507
16531
16552
16583
16635
16685
16708
16712
16723
16727
16731
16735
16793
16923
17009
17035
17122
17136
17156
17174
17182
17294
17299
17344
17364
17406
17436
17455
17490
17522
17611
17626
17630
17717
17728
17777
17832
17870
17873
17892
17969
18006
18035
18042
18045
18075
18094
18148
18199
18220
18266
18269
18273
18286
18312
18313
18332
18360
18384
18404
18506
18553
18562
18570
18629
18640
18734
18746
18747
18749
18750
18755
18822
18826
18833
18842
18969
18972
18975
19009
19027
19029
19031
19047
19049
19073
19119
19133
19147
19162
19199
19216
19224
19227
19294
19307
19370
19382
19398
19461
19498
19500
19502
19513
19518
19525
19562
19579
19600
19607
19651
19679
19690
19691
19724
19760
19778
19783
19825
19830
19843
19876
19899
19911
19914
19971
19972
19983
19986
19997
20021
20028
20067
20069
20074
20075
20081
20085
20103
20123
20152
20210
20224
20267
20293
20311
20320
20325
20332
20349
20394
20466
20484
20497
20516
20517
20526
20532
20539
20568
20570
20587
20631
20660
20661
20710
20736
20760
20770
20813
20877
20886
20916
20932
21009
21022
21031
21143
21155
21170
21182
21203
21211
21226
21265
21275
21281
21285
21345
21357
21359
21389
21455
21458
21467
21540
21581
21589
21604
21643
21710
21738
21761
21763
21767
21810
21849
21968
21973
22008
22042
22087
22115
22117
22146
22170
22180
22187
22195
22196
22197
22218
22298
22336
22369
22378
22451
22454
22530
22548
22577
22606
22621
22666
22721
22733
22750
22815
22821
22897
22903
22904
22982
23019
23025
23078
23114
23158
23178
23240
23285
23298
23327
23359
23376
23381
23408
23411
23417
23424
23425
23440
23442
23448
23515
23516
23524
23537
23547
23579
23588
23611
23636
23637
23644
23850
23880
23891
23904
23934
23969
23985
24014
24039
24069
24077
24083
24088
24119
24120
24144
24163
24185
24264
24265
24286
24293
24319
24432
24442
24453
24483
24491
24523
24556
24567
24618
24652
24657
24668
24708
24709
24726
24734
24743
24808
24820
24843
24845
24846
24872
24899
24915
24916
24931
24932
24946
24959
25048
25055
25090
25102
25115
25135
25141
25182
25219
25240
25247
25265
25292
25300
25333
25349
25354
25357
25371
25378
25391
25403
25407
25524
25549
25584
25585
25624
25653
25656
25681
25743
25753
25783
25789
25802
25821
25825
25828
25853
25862
25942
25947
25954
25956
25967
25969
25973
25987
25994
26024
26058
26092
26107
26168
26172
26174
26175
26222
26261
26294
26295
26331
26340
26364
26374
26379
26393
26394
26402
26460
26535
26565
26569
26586
26620
26630
26661
26702
26708
26714
26716
26741
26765
26795
26808
26811
26816
26826
26838
26845
26865
26883
26903
26910
26936
26953
26957
26976
26992
26996
27076
27108
27133
27141
27159
27176
27178
27180
27236
27242
27255
27260
27419
27450
27486
27531
27534
27541
27554
27579
27582
27609
27623
27633
27652
27690
27730
27777
27862
27887
27914
27930
27940
27941
27953
27974
28054
28058
28087
28109
28143
28172
28191
28232
28239
28332
28353
28356
28379
28385
28492
28516
28577
28586
28627
28664
28715
28723
28733
28750
28763
28811
28845
28895
28980
29142
29250
29251
29261
29278
29320
29321
29343
29348
29385
29424
29441
29462
29498
29508
29626
29664
29665
29672
29724
29739
29758
29772
29785
29829
29866
29880
29886
29888
29896
29897
29958
29968
29971
29983
30002
30006
30009
30025
30047
30048
30082
30108
30112
30130
30137
30154
30164
30169
30192
30200
30206
30262
30273
30417
30428
30431
30438
30444
30512
30540
30544
30570
30583
30660
30687
30712
30721
30869
30894
30948
31002
31009
31010
31076
31098
31100
31122
31159
31194
31197
31248
31272
31277
31281
31288
31299
31302
31320
31340
31365
31393
31394
31401
31437
31509
31522
31537
31544
31564
31621
31622
31639
31648
31660
31665
31666
31672
31704
31748
31770
31771
31789
31853
31859
31885
31896
31927
31930
31961
31965
31983
32029
32052
32068
32098
32114
32137
32162
32175
32216
32218
32242
32310
32493
32506
32510
32512
32576
32599
32625
32628
32641
32643
32662
32679
32700
32774
32776
32786
32795
32811
32835
32843
32844
32860
32925
32950
32971
32981
32990
33025
33067
33078
33125
33127
33142
33156
33160
33185
33229
33232
33252
33340
33358
33394
33420
33436
33438
33459
33501
33569
33602
33623
33682
33686
33689
33701
33727
33763
33808
33873
33876
33905
33948
33951
33968
33970
33979
34024
34052
34064
34097
34107
34114
34120
34174
34176
34193
34202
34205
34206
34226
34389
34449
34452
34480
34500
34546
34556
34592
34627
34654
34664
34668
34699
34706
34707
34774
34782
34822
34873
34887
34924
34925
34990
35015
35019
35061
35062
35073
35100
35118
35149
35166
35174
35213
35237
35257
35264
35270
35283
35293
35322
35331
35338
35366
35386
35408
35444
35457
35467
35476
35491
35535
35580
35592
35595
35638
35639
35643
35685
35705
35773
35806
35815
35855
35866
35894
35915
35924
35925
35927
35956
35959
35973
35980
35995
36016
36083
36101
36106
36145
36190
36198
36224
36235
36238
36283
36285
36286
36308
36327
36360
36370
36466
36469
36496
36546
36557
36567
36637
36649
36707
36732
36771
36783
36818
36830
36890
36911
37035
37038
37076
37108
37111
37125
37130
37173
37182
37236
37256
37262
37272
37312
37369
37370
37375
37380
37387
37415
37434
37444
37466
37480
37488
37503
37566
37577
37607
37694
37696
37728
37734
37742
37807
37842
37873
37876
37896
37928
37932
38017
38027
38056
38076
38148
38151
38249
38269
38300
38308
38340
38349
38421
38436
38439
38462
38488
38509
38510
38548
38571
38583
38618
38707
38710
38718
38723
38740
38741
38745
38760
38768
38804
38827
38835
38843
38869
38912
38969
38970
38991
39051
39077
39102
39216
39249
39256
39275
39348
39369
39413
39433
39440
39460
39490
39494
39512
39557
39586
39636
39665
39678
39688
39699
39711
39748
39750
39774
39785
39810
39830
39837
39877
39900
39904
39925
-1
