30
75
155
185
201
232
255
319
321
340
341
396
404
410
414
476
514
516
530
533
534
545
596
597
603
658
707
746
824
828
884
937
956
978
1017
1099
1121
1131
1146
1202
1204
1215
1218
1219
1272
1332
1413
1417
1438
1447
1460
1487
1491
1538
1579
1587
1589
1611
1670
1678
1689
1692
1696
1719
1721
1722
1730
1746
1800
1801
1898
1987
2022
2036
2044
2073
2078
2125
2131
2144
2157
2160
2164
2179
2196
2202
2203
2213
2221
2235
2265
2277
2318
2324
2342
2393
2406
2431
2450
2460
2461
2518
2552
2553
2571
2579
2588
2679
2722
2723
2728
2746
2773
2780
2826
2876
2912
2931
2962
2995
3019
3021
3031
3049
3076
3103
3108
3114
3132
3139
3167
3170
3197
3233
3295
3344
3363
3367
3375
3387
3426
3427
3475
3508
3544
3577
3628
3636
3641
3650
3664
3682
3697
3758
3766
3815
3867
3895
3955
3961
3964
3976
4020
4063
4086
4088
4213
4234
4268
4283
4329
4332
4357
4365
4370
4372
4378
4388
4398
4471
4501
4527
4557
4593
4608
4610
4629
4753
4783
4805
4806
4880
4893
4942
4948
4970
4974
4975
4992
4999
5010
5014
5024
5058
5067
5068
5107
5135
5227
5259
5289
5292
5304
5328
5329
5363
5450
5460
5466
5504
5610
5660
5666
5766
5870
5872
5883
5896
5898
5930
5932
5952
6070
6098
6131
6165
6180
6220
6296
6315
6323
6327
6333
6355
6360
6387
6414
6452
6454
6529
6531
6599
6611
6640
6647
6666
6670
6700
6736
6743
6748
6776
6796
6822
6842
6874
6886
6900
6901
6922
6936
7057
7071
7074
7114
7129
7134
7137
7168
7199
7200
7201
7217
7219
7230
7280
7282
7308
7355
7358
7441
7450
7463
7476
7486
7515
7535
7581
7597
7602
7612
7616
7618
7635
7638
7652
7657
7673
7682
7704
7714
7718
7751
7791
7802
7840
7861
7863
7894
7900
7903
7915
7928
7938
7947
7962
7985
7988
8060
8093
8115
8143
8155
8175
8217
8221
8410
8459
8468
8525
8616
8639
8674
8699
8705
8707
8708
8737
8766
8785
8812
8852
8857
8877
8879
8908
8918
8923
8993
9022
9036
9097
9098
9136
9183
9206
9245
9276
9282
9331
9370
9376
9391
9426
9430
9438
9474
9544
9574
9592
9610
9621
9656
9667
9687
9757
9850
9884
9898
9939
9940
9947
9961
9972
9981
9992
10009
10011
10034
10037
10042
10063
10070
10087
10110
10173
10237
10264
10289
10291
10297
10304
10318
10331
10356
10365
10373
10418
10429
10458
10478
10497
10504
10578
10614
10639
10698
10704
10731
10732
10736
10739
10740
10747
10773
10826
10843
10862
10868
10906
10917
10933
10942
10949
10989
11010
11011
11020
11056
11059
11072
11078
11113
11132
11139
11144
11149
11166
11201
11210
11239
11246
11266
11281
11300
11347
11357
11402
11431
11433
11446
11459
11466
11473
11510
11573
11580
11600
11620
11658
11720
11721
11780
11814
11860
11937
11943
11947
11983
12018
12032
12041
12057
12063
12103
12120
12131
12230
12267
12326
12353
12364
12391
12393
12404
12441
12447
12481
12501
12513
12538
12563
12568
12570
12616
12626
12630
12661
12669
12706
12772
12790
12810
12813
12820
12845
12893
12960
12983
13007
13009
13034
13053
13058
13094
13154
13165
13183
13223
13252
13253
13258
13286
13314
13315
13320
13348
13377
13400
13411
13515
13564
13582
13599
13691
13764
13775
13818
13882
13897
13901
13923
13960
13985
14000
14013
14016
14018
14071
14108
14110
14117
14240
14248
14251
14258
14260
14425
14438
14440
14479
14496
14570
14590
14641
14642
14655
14661
14681
14714
14729
14833
14841
14845
14853
14869
14877
14894
14914
14919
14942
14962
14986
14992
15018
15034
15035
15101
15241
15333
15335
15338
15359
15417
15493
15515
15556
15562
15567
15581
15588
15593
15657
15658
15661
15667
15728
15765
15860
15866
15868
15909
15977
16006
16009
16011
16022
16025
16063
16074
16157
16191
16192
16226
16262
16264
16268
16302
16326
16332
16474
16531
16550
16577
16594
16595
16640
16681
16706
16789
16809
16815
16824
16852
16858
16892
16902
16915
16924
16986
17009
17017
17029
17032
17034
17055
17091
17180
17182
17187
17188
17248
17267
17279
17319
17337
17347
17350
17386
17408
17479
17488
17494
17519
17524
17531
17553
17554
17557
17626
17632
17640
17658
17664
17677
17721
17742
17747
17750
17757
17772
17784
17797
17816
17822
17855
17859
17878
17902
17906
17909
18193
18225
18312
18438
18516
18522
18523
18526
18557
18598
18637
18663
18669
18722
18730
18743
18767
18787
18864
18867
18961
18984
18991
18992
19041
19195
19382
19384
19390
19399
19446
19466
19478
19481
19552
19555
19580
19581
19630
19679
19709
19728
19800
19834
19847
19928
20015
20045
20067
20080
20082
20096
20179
20182
20245
20248
20287
20316
20350
20354
20366
20367
20419
20454
20548
20579
20596
20603
20643
20682
20693
20708
20714
20797
20801
20807
20821
20831
20905
20947
20954
20961
20982
20986
21002
21006
21057
21077
21162
21189
21213
21260
21261
21285
21323
21381
21414
21427
21457
21497
21516
21524
21527
21545
21555
21574
21589
21591
21646
21683
21690
21733
21738
21764
21784
21804
21869
21883
21893
21909
21928
21947
21967
21988
21991
22016
22038
22063
22071
22099
22113
22130
22166
22184
22195
22226
22235
22286
22350
22370
22380
22416
22427
22446
22501
22502
22523
22594
22627
22652
22666
22677
22732
22739
22740
22767
22788
22836
22860
22884
22914
22949
22957
23081
23112
23130
23143
23145
23159
23220
23267
23322
23412
23440
23454
23566
23621
23625
23627
23679
23690
23744
23746
23749
23790
23863
23874
23975
23976
23994
24054
24062
24079
24098
24123
24124
24140
24152
24161
24182
24224
24230
24256
24267
24296
24300
24342
24357
24368
24370
24408
24438
24453
24482
24484
24501
24502
24528
24552
24568
24635
24645
24658
24735
24742
24825
24827
24835
24851
24928
24971
25025
25054
25080
25124
25229
25256
25294
25295
25316
25416
25453
25459
25461
25482
25505
25558
25579
25618
25676
25736
25750
25765
25787
25790
25873
25923
25945
25980
25981
25989
26009
26051
26052
26067
26070
26085
26102
26103
26116
26145
26190
26203
26224
26305
26369
26398
26435
26476
26504
26511
26536
26552
26554
26578
26596
26693
26711
26746
26758
26781
26815
26827
26856
26857
26891
26918
26945
26950
26965
26977
27032
27057
27058
27060
27090
27150
27158
27166
27172
27211
27214
27223
27248
27255
27293
27309
27335
27339
27348
27368
27375
27437
27439
27466
27489
27541
27576
27605
27616
27690
27693
27711
27799
27803
27814
27841
27873
27885
27890
27893
27915
27916
27959
27964
27986
28006
28010
28025
28028
28032
28065
28140
28153
28245
28284
28299
28320
28355
28385
28450
28471
28483
28515
28560
28567
28574
28600
28675
28677
28691
28694
28710
28720
28782
28786
28805
28833
28853
28877
28929
28934
28961
29017
29035
29042
29077
29148
29209
29216
29237
29251
29270
29310
29314
29350
29414
29442
29548
29564
29639
29652
29661
29692
29726
29750
29751
29755
29759
29770
29771
29832
29870
29882
29984
30000
30021
30028
30062
30092
30095
30126
30217
30251
30265
30289
30330
30331
30441
30449
30464
30476
30499
30501
30508
30542
30552
30574
30625
30675
30681
30690
30722
30791
30810
30813
30820
30871
30876
30890
30920
30945
31066
31097
31108
31112
31116
31135
31147
31152
31155
31196
31225
31243
31267
31340
31449
31458
31480
31500
31531
31562
31566
31599
31601
31608
31610
31619
31633
31650
31676
31683
31687
31791
31814
31837
31856
31899
31951
32027
32051
32090
32120
32125
32175
32184
32221
32247
32253
32287
32301
32316
32335
32380
32417
32423
32496
32501
32546
32590
32613
32641
32648
32735
32751
32769
32777
32783
32925
32961
32972
32981
32997
33004
33017
33069
33075
33084
33089
33098
33106
33154
33173
33191
33229
33252
33256
33294
33320
33322
33365
33367
33389
33401
33442
33443
33448
33470
33615
33679
33702
33715
33718
33721
33735
33802
33816
33888
33931
33952
34047
34079
34095
34188
34198
34200
34217
34236
34247
34251
34265
34266
34316
34317
34340
34348
34354
34356
34393
34414
34422
34436
34439
34445
34480
34526
34539
34560
34583
34593
34597
34648
34649
34683
34694
34706
34715
34721
34740
34776
34781
34782
34818
34847
34848
34873
34875
34967
35013
35035
35067
35083
35127
35143
35146
35153
35174
35185
35274
35287
35295
35301
35308
35333
35346
35464
35466
35499
35550
35574
35576
35588
35641
35683
35691
35705
35715
35767
35780
35793
35804
35812
35847
35853
35955
35994
35997
36007
36008
36103
36116
36124
36130
36188
36223
36266
36352
36362
36379
36403
36418
36438
36465
36479
36551
36611
36729
36732
36743
36803
36825
36897
36929
36935
36938
36969
37044
37048
37083
37114
37123
37258
37308
37437
37514
37543
37677
37683
37684
37697
37699
37721
37724
37734
37735
37749
37783
37806
37810
37811
37855
37858
37887
38034
38068
38102
38172
38182
38193
38212
38220
38243
38280
38286
38290
38314
38324
38360
38389
38442
38493
38507
38533
38544
38546
38557
38593
38605
38607
38639
38747
38794
38808
38809
38819
38827
38839
38842
38886
38887
38929
38933
38952
38978
38980
39017
39019
39090
39110
39116
39129
39138
39145
39160
39172
39200
39242
39252
39260
39275
39400
39420
39446
39453
39458
39503
39518
39535
39564
39568
39575
39624
39627
39670
39687
39755
39771
39816
39865
-1
