0
9
22
38
53
88
108
142
148
163
177
178
206
246
254
263
311
340
351
375
427
526
540
562
580
590
602
604
655
664
719
747
782
787
801
869
886
949
955
957
965
980
1004
1012
1015
1020
1033
1082
1166
1220
1316
1336
1340
1351
1423
1426
1429
1455
1457
1472
1487
1537
1546
1570
1629
1636
1683
1685
1729
1738
1757
1798
1810
1836
1858
1862
1883
1888
1927
1940
1952
1963
2080
2109
2180
2201
2207
2217
2240
2269
2296
2305
2332
2456
2464
2478
2488
2505
2516
2552
2575
2632
2719
2798
2802
2814
2826
2840
2853
2871
2882
2891
2918
3062
3070
3097
3135
3147
3158
3170
3182
3209
3238
3405
3465
3535
3579
3599
3632
3680
3712
3752
3753
3764
3796
3862
3907
3942
3991
3999
4064
4093
4094
4117
4120
4127
4148
4163
4243
4266
4285
4296
4383
4433
4434
4476
4502
4515
4522
4550
4565
4566
4649
4669
4688
4691
4706
4738
4748
4778
4795
4810
4832
4833
4879
4886
4887
4912
4946
4947
4981
4994
5119
5172
5204
5223
5230
5254
5264
5297
5336
5406
5415
5433
5452
5473
5494
5520
5524
5562
5630
5648
5678
5710
5724
5743
5752
5775
5830
5834
5881
5917
5937
5950
5958
6043
6047
6078
6079
6095
6227
6252
6304
6323
6328
6339
6364
6381
6442
6451
6461
6496
6505
6509
6510
6547
6618
6671
6684
6742
6757
6769
6770
6802
6813
6875
6891
6937
6948
6968
7020
7045
7052
7079
7108
7127
7144
7209
7319
7355
7378
7414
7582
7583
7588
7626
7643
7645
7656
7680
7724
7732
7756
7769
7774
7805
7822
7841
7853
7862
7876
7882
7985
7998
7999
8007
8056
8093
8094
8198
8270
8292
8294
8328
8356
8363
8388
8393
8422
8550
8582
8585
8608
8666
8708
8727
8740
8743
8791
8845
8889
8936
8981
8986
9036
9052
9056
9131
9151
9173
9191
9269
9279
9347
9369
9399
9453
9458
9504
9518
9524
9535
9614
9647
9665
9670
9678
9713
9819
9838
9854
9859
9876
9902
9985
9994
9997
10020
10021
10035
10048
10095
10134
10147
10152
10156
10180
10193
10224
10257
10290
10291
10319
10328
10342
10344
10354
10384
10392
10432
10508
10580
10598
10641
10661
10680
10738
10770
10773
10781
10799
10850
10851
10873
10985
11029
11095
11216
11250
11269
11335
11341
11350
11365
11381
11414
11416
11429
11445
11466
11468
11480
11493
11522
11523
11575
11595
11609
11621
11674
11699
11716
11756
11793
11886
11947
11963
11981
12046
12096
12124
12131
12187
12268
12274
12293
12304
12305
12315
12346
12363
12384
12420
12423
12439
12447
12484
12494
12577
12584
12605
12611
12650
12673
12687
12699
12730
12894
12907
12947
12961
12981
12987
13002
13011
13044
13046
13070
13071
13079
13100
13110
13125
13178
13194
13220
13245
13254
13265
13283
13311
13325
13331
13354
13357
13397
13415
13426
13444
13520
13583
13618
13629
13648
13709
13732
13750
13768
13785
13791
13806
13816
13831
13833
13904
13914
13937
13980
13983
14089
14103
14123
14132
14155
14177
14218
14232
14322
14334
14395
14424
14481
14485
14505
14554
14577
14589
14596
14642
14663
14724
14778
14784
14812
14813
14822
14827
14892
14921
14923
14932
14971
15023
15033
15060
15093
15100
15129
15150
15154
15160
15166
15173
15190
15199
15214
15270
15328
15364
15374
15390
15393
15419
15455
15492
15516
15590
15610
15635
15644
15672
15693
15700
15728
15750
15752
15767
15775
15776
15802
15809
15895
15908
15918
15924
15940
15944
15974
16035
16062
16075
16080
16149
16192
16218
16305
16317
16321
16338
16339
16386
16399
16417
16423
16443
16480
16491
16529
16536
16569
16583
16621
16627
16631
16637
16651
16732
16739
16743
16748
16760
16782
16787
16825
16845
16877
16914
16957
16969
17057
17128
17145
17189
17217
17230
17242
17250
17290
17297
17308
17321
17333
17358
17390
17430
17485
17490
17508
17537
17554
17618
17627
17735
17758
17796
17873
17916
17921
17951
17983
17993
17995
18034
18038
18041
18045
18060
18064
18070
18112
18137
18155
18168
18215
18216
18228
18238
18284
18307
18334
18357
18385
18386
18396
18436
18454
18473
18478
18482
18509
18511
18514
18541
18546
18567
18652
18653
18677
18682
18687
18703
18737
18740
18758
18850
18860
18878
18886
18905
18943
18962
18968
18974
18998
19000
19004
19075
19109
19183
19199
19215
19218
19222
19230
19273
19302
19342
19354
19380
19417
19478
19519
19524
19582
19612
19644
19674
19697
19703
19715
19740
19746
19816
19818
19831
19852
19856
19873
19904
19929
20073
20085
20106
20116
20138
20146
20150
20173
20187
20239
20358
20386
20388
20419
20431
20449
20490
20495
20599
20668
20670
20687
20715
20750
20763
20791
20808
20851
20878
20899
20901
20917
20975
21026
21027
21031
21043
21154
21234
21246
21277
21370
21382
21398
21471
21473
21506
21558
21587
21594
21618
21658
21689
21690
21743
21754
21755
21763
21766
21783
21787
21829
21851
21862
21863
21872
21935
21979
21986
22014
22083
22100
22136
22192
22218
22257
22273
22280
22311
22338
22445
22531
22532
22567
22631
22634
22648
22683
22686
22696
22705
22729
22752
22775
22776
22822
22828
22846
22878
22900
22938
22940
22947
22958
23002
23004
23014
23068
23075
23155
23159
23180
23223
23249
23257
23271
23273
23277
23299
23302
23345
23353
23362
23405
23440
23458
23462
23485
23504
23535
23537
23550
23554
23567
23599
23632
23665
23696
23715
23782
23785
23844
23870
23940
23973
24011
24037
24040
24065
24071
24075
24076
24106
24153
24207
24212
24238
24250
24292
24303
24375
24385
24408
24428
24432
24440
24453
24468
24483
24493
24550
24556
24568
24598
24615
24659
24660
24684
24703
24709
24767
24779
24953
24959
25019
25025
25077
25080
25160
25187
25190
25193
25206
25231
25285
25287
25289
25342
25369
25386
25413
25456
25458
25467
25530
25567
25602
25614
25650
25700
25702
25703
25706
25716
25763
25770
25797
25807
25827
25863
25910
25922
26013
26064
26076
26139
26196
26235
26271
26297
26334
26352
26354
26361
26376
26378
26380
26386
26412
26488
26497
26509
26511
26527
26625
26640
26652
26696
26722
26740
26756
26772
26831
26840
26847
26854
26865
26923
26940
27013
27014
27015
27024
27043
27047
27051
27090
27092
27105
27204
27207
27219
27247
27318
27350
27356
27361
27510
27528
27544
27583
27592
27618
27630
27658
27659
27674
27677
27679
27703
27739
27748
27766
27875
27897
27902
27929
27958
27959
27993
28002
28033
28042
28051
28054
28122
28146
28157
28169
28217
28250
28274
28287
28294
28322
28333
28354
28360
28361
28412
28454
28473
28513
28519
28520
28543
28566
28598
28612
28695
28762
28770
28837
28838
28846
28911
28922
28942
28986
29123
29148
29169
29171
29202
29212
29216
29233
29240
29258
29269
29276
29293
29309
29322
29330
29401
29457
29496
29525
29549
29553
29554
29571
29577
29584
29666
29730
29747
29752
29785
29797
29802
29839
29841
29849
29871
29886
29934
29964
29979
29986
29987
29991
29998
30063
30071
30106
30137
30140
30151
30166
30181
30204
30209
30345
30372
30374
30406
30434
30436
30463
30467
30501
30502
30512
30583
30675
30687
30703
30706
30712
30714
30738
30751
30753
30787
30806
30826
30835
30846
30858
30913
30948
30967
30987
31026
31055
31057
31075
31142
31192
31193
31253
31290
31293
31324
31348
31352
31389
31412
31422
31431
31442
31515
31564
31578
31600
31634
31654
31700
31739
31752
31762
31763
31794
31814
31816
31821
31822
31892
31895
31908
31953
32079
32091
32106
32110
32117
32154
32230
32282
32295
32325
32363
32364
32399
32429
32436
32533
32574
32632
32637
32664
32739
32741
32748
32807
32833
32836
32870
32930
32945
32955
32975
32980
32986
33065
33080
33111
33138
33168
33231
33258
33277
33303
33320
33341
33385
33412
33430
33431
33441
33479
33493
33543
33559
33609
33643
33696
33729
33740
33757
33819
33850
33879
33895
33976
33990
33992
34006
34016
34024
34033
34073
34084
34091
34099
34109
34114
34119
34144
34146
34169
34183
34223
34294
34321
34332
34368
34402
34453
34473
34480
34524
34586
34632
34645
34678
34696
34743
34753
34762
34769
34770
34772
34786
34825
34845
34923
34957
34961
34987
35061
35067
35074
35183
35192
35194
35266
35270
35334
35371
35383
35435
35452
35473
35491
35515
35526
35543
35565
35581
35613
35669
35677
35712
35725
35760
35811
35820
35849
35862
35886
35900
35926
35941
35946
35955
35974
36007
36058
36059
36088
36101
36137
36187
36189
36241
36256
36273
36274
36333
36382
36386
36406
36434
36463
36476
36491
36525
36554
36584
36611
36633
36683
36718
36725
36749
36755
36793
36832
36871
36894
36919
36997
37062
37070
37079
37084
37097
37166
37171
37185
37189
37266
37294
37362
37373
37383
37390
37446
37457
37506
37542
37573
37579
37604
37675
37718
37756
37764
37781
37816
37823
37869
37938
37980
37995
38096
38118
38120
38188
38195
38208
38234
38279
38286
38337
38395
38419
38522
38547
38595
38602
38617
38620
38622
38673
38694
38720
38733
38773
38782
38818
38862
38875
38884
38920
38945
38979
38998
39077
39125
39128
39201
39250
39255
39259
39260
39279
39312
39325
39354
39386
39394
39398
39405
39407
39412
39422
39463
39469
39474
39497
39506
39541
39587
39604
39631
39633
39692
39700
39705
39710
39725
39738
39742
39764
39769
39784
39808
39831
39883
39892
39893
39898
39923
39966
39971
39998
-1
