7
17
46
56
84
85
92
110
163
166
186
188
226
230
234
235
253
297
368
421
485
524
536
585
623
637
657
660
668
731
742
792
871
873
876
880
897
984
1066
1081
1086
1110
1113
1153
1171
1193
1208
1210
1211
1277
1281
1318
1336
1366
1375
1455
1460
1470
1516
1531
1543
1567
1575
1583
1604
1605
1609
1612
1620
1676
1682
1700
1724
1738
1794
1826
1831
1835
1837
1894
1954
1990
1998
2023
2029
2060
2072
2088
2116
2147
2149
2152
2164
2165
2167
2178
2200
2232
2235
2248
2249
2268
2306
2326
2327
2328
2369
2380
2383
2402
2426
2446
2452
2494
2497
2501
2518
2537
2549
2620
2647
2672
2712
2714
2742
2758
2800
2808
2842
2867
2917
2949
2952
2958
2964
2969
2998
3009
3010
3030
3051
3070
3074
3075
3086
3113
3146
3176
3178
3210
3301
3390
3394
3404
3440
3503
3517
3518
3566
3669
3683
3727
3732
3740
3783
3846
3943
3975
4013
4019
4026
4062
4073
4075
4118
4120
4139
4166
4198
4199
4263
4288
4330
4334
4352
4357
4372
4402
4438
4455
4462
4495
4522
4524
4539
4548
4572
4607
4617
4623
4657
4681
4710
4724
4725
4763
4766
4802
4843
4902
4921
4940
4958
4982
4983
4990
5007
5010
5030
5031
5044
5045
5070
5198
5204
5214
5254
5282
5426
5447
5453
5459
5463
5475
5478
5503
5517
5546
5599
5600
5608
5640
5652
5672
5677
5680
5739
5754
5766
5772
5828
5835
5878
5899
5905
5913
5987
6031
6039
6091
6127
6128
6171
6196
6225
6309
6359
6368
6439
6462
6497
6608
6612
6615
6676
6685
6713
6737
6776
6804
6842
6880
6928
6941
6949
7058
7094
7110
7130
7140
7161
7212
7217
7287
7292
7302
7310
7320
7338
7352
7355
7381
7432
7492
7502
7532
7550
7569
7581
7588
7616
7618
7630
7673
7688
7712
7714
7721
7748
7827
7844
7848
7899
7908
7926
7972
7975
7977
7978
7980
7981
8009
8062
8090
8098
8102
8104
8114
8123
8132
8136
8137
8155
8232
8268
8284
8299
8375
8408
8471
8479
8512
8534
8561
8585
8595
8604
8608
8624
8640
8714
8742
8787
8788
8849
8911
8928
8930
8945
8985
9059
9083
9087
9091
9127
9146
9291
9309
9346
9364
9391
9392
9402
9418
9419
9440
9462
9510
9556
9566
9590
9639
9675
9679
9681
9820
9845
9869
9908
9909
9931
9935
9940
9956
9973
9988
10003
10021
10053
10058
10075
10078
10094
10104
10110
10131
10165
10174
10175
10369
10374
10385
10388
10438
10473
10484
10509
10582
10593
10604
10616
10648
10657
10659
10664
10669
10741
10767
10823
10829
10840
10865
10882
10925
11011
11013
11019
11023
11193
11229
11230
11255
11268
11299
11318
11333
11381
11434
11449
11490
11534
11545
11568
11602
11622
11631
11632
11637
11665
11680
11709
11722
11732
11739
11740
11774
11786
11823
11867
11875
11904
11923
11969
11973
12062
12066
12073
12106
12220
12228
12246
12273
12282
12316
12342
12369
12432
12469
12519
12624
12683
12694
12746
12864
12958
13016
13022
13025
13048
13080
13128
13129
13130
13154
13168
13173
13214
13217
13249
13257
13262
13263
13278
13285
13350
13357
13367
13402
13433
13463
13496
13522
13566
13577
13584
13586
13626
13630
13679
13683
13709
13711
13729
13731
13749
13775
13799
13811
13820
13842
13922
14024
14042
14050
14067
14072
14137
14148
14248
14263
14296
14341
14355
14367
14398
14419
14432
14468
14531
14645
14653
14663
14682
14684
14689
14724
14742
14747
14779
14788
14792
14801
14813
14823
14827
14850
14881
14882
14913
14934
14937
14952
14957
14970
14976
14991
15009
15012
15014
15023
15053
15083
15116
15129
15153
15174
15175
15232
15238
15264
15267
15271
15287
15307
15320
15333
15343
15396
15471
15473
15474
15476
15518
15523
15625
15671
15687
15699
15705
15744
15752
15788
15814
15832
15851
15854
15875
15914
15956
16031
16093
16114
16134
16152
16178
16194
16201
16290
16311
16345
16379
16406
16408
16414
16437
16458
16493
16502
16515
16535
16579
16634
16646
16676
16693
16731
16737
16749
16768
16803
16839
16864
16899
16987
16993
17031
17041
17064
17068
17085
17115
17155
17204
17219
17244
17289
17312
17315
17320
17348
17390
17419
17438
17492
17505
17545
17551
17557
17566
17568
17591
17595
17601
17612
17626
17656
17673
17700
17703
17722
17738
17769
17798
17866
17874
17876
17885
17924
17941
17958
18003
18010
18064
18152
18156
18215
18240
18245
18283
18303
18306
18389
18415
18430
18504
18509
18549
18575
18588
18590
18602
18605
18621
18704
18768
18852
18862
18873
18922
18942
18971
19026
19045
19073
19077
19091
19104
19108
19127
19185
19208
19259
19283
19313
19343
19349
19370
19386
19387
19449
19465
19480
19496
19618
19639
19677
19679
19685
19738
19744
19780
19792
19820
19871
19877
19960
19974
19979
19983
20004
20019
20026
20066
20076
20083
20128
20131
20149
20189
20310
20313
20392
20421
20425
20503
20517
20540
20580
20611
20612
20645
20663
20700
20800
20843
20870
20874
20896
20965
20976
21101
21121
21146
21148
21159
21160
21185
21229
21236
21241
21373
21380
21438
21463
21466
21470
21513
21535
21553
21614
21636
21679
21681
21712
21727
21728
21730
21771
21803
21833
21894
21933
21944
21974
21975
22009
22025
22087
22096
22107
22126
22138
22140
22229
22235
22248
22322
22409
22458
22494
22579
22620
22678
22721
22739
22743
22757
22791
22808
22857
22918
22928
22954
22980
23028
23036
23042
23045
23054
23137
23173
23218
23275
23278
23280
23282
23296
23323
23341
23403
23426
23471
23508
23550
23641
23651
23657
23739
23854
23867
23925
23937
23948
24026
24056
24070
24111
24172
24182
24200
24264
24322
24338
24371
24395
24396
24453
24504
24521
24588
24592
24599
24641
24677
24679
24769
24838
24986
24994
25008
25015
25016
25032
25045
25071
25075
25091
25094
25121
25124
25147
25219
25247
25265
25316
25340
25365
25374
25434
25439
25454
25477
25497
25501
25518
25543
25555
25581
25623
25631
25687
25731
25734
25775
25805
25891
25932
25953
25964
25975
26021
26052
26067
26100
26148
26182
26231
26253
26274
26320
26358
26374
26375
26398
26400
26408
26410
26416
26425
26426
26445
26465
26488
26508
26526
26561
26658
26681
26721
26748
26750
26801
26811
26813
26820
26828
26841
26858
26878
26887
26904
26909
26945
26977
26998
27052
27053
27109
27114
27116
27127
27162
27246
27259
27267
27286
27305
27415
27425
27443
27499
27503
27548
27581
27591
27613
27629
27671
27693
27729
27739
27768
27796
27808
27816
27817
27894
28031
28040
28042
28043
28081
28150
28172
28219
28288
28351
28352
28475
28553
28565
28589
28593
28624
28682
28755
28757
28764
28821
28829
28840
28846
28858
28859
28867
28900
28927
28943
28964
28970
29021
29084
29222
29260
29261
29282
29317
29318
29324
29369
29370
29417
29429
29466
29502
29518
29585
29616
29643
29668
29705
29726
29744
29748
29836
29866
29880
29881
29890
29892
29956
29986
30021
30024
30029
30180
30273
30291
30316
30349
30407
30412
30430
30462
30492
30511
30514
30537
30544
30611
30618
30650
30651
30662
30668
30675
30697
30728
30750
30757
30800
30853
30870
30875
30893
31012
31017
31029
31053
31084
31144
31154
31157
31176
31197
31228
31258
31263
31265
31439
31441
31442
31447
31475
31481
31489
31502
31531
31575
31607
31631
31641
31713
31730
31752
31761
31764
31890
31901
31902
31908
31940
31983
31995
32025
32029
32066
32075
32082
32149
32233
32242
32263
32267
32296
32307
32326
32339
32366
32372
32458
32520
32528
32529
32535
32563
32609
32613
32635
32664
32694
32711
32752
32759
32817
32841
32854
32864
32872
32960
32971
32975
32987
32989
33015
33052
33056
33062
33070
33093
33102
33135
33141
33166
33170
33215
33219
33228
33229
33254
33268
33290
33301
33309
33312
33464
33474
33480
33520
33533
33534
33551
33554
33591
33629
33630
33632
33659
33683
33699
33738
33765
33805
33807
33850
33922
33934
33973
33994
34047
34126
34138
34155
34179
34231
34243
34270
34300
34319
34320
34323
34330
34383
34395
34408
34453
34546
34547
34579
34623
34627
34634
34650
34666
34670
34686
34706
34722
34736
34756
34783
34802
34823
34878
34935
34946
34985
35040
35056
35061
35091
35092
35099
35138
35160
35180
35188
35240
35241
35258
35272
35288
35368
35395
35430
35432
35491
35505
35619
35650
35697
35706
35751
35779
35845
35882
35894
35910
35921
35932
35940
35947
35954
35971
35972
35986
35999
36015
36088
36168
36284
36333
36334
36335
36341
36345
36348
36360
36385
36389
36390
36410
36471
36472
36542
36564
36610
36625
36626
36653
36717
36770
36791
36807
36823
36920
36926
36933
36938
36992
36998
37008
37044
37052
37062
37069
37128
37160
37252
37264
37326
37336
37348
37353
37359
37434
37442
37516
37517
37525
37573
37598
37622
37640
37658
37666
37720
37805
37895
37901
37918
37925
37934
37935
37939
37943
37961
37965
38074
38132
38174
38199
38206
38275
38282
38298
38340
38416
38460
38504
38512
38540
38545
38582
38591
38592
38666
38679
38695
38825
38827
38855
38885
38924
38929
38950
38988
39000
39004
39057
39111
39121
39152
39249
39260
39285
39300
39305
39353
39377
39407
39417
39450
39453
39473
39476
39479
39496
39507
39580
39585
39636
39655
39666
39694
39726
39733
39750
39784
39786
39850
39880
39882
39897
39906
39909
39928
39953
39991
39994
-1
