12
18
61
77
83
102
103
142
150
164
180
218
234
237
284
325
330
374
400
450
464
518
549
580
592
609
657
684
685
724
744
752
772
773
775
813
853
910
922
984
993
1045
1062
1079
1096
1107
1160
1201
1203
1221
1244
1285
1287
1339
1401
1428
1473
1491
1505
1516
1572
1601
1636
1638
1639
1640
1664
1676
1679
1710
1747
1748
1761
1768
1788
1791
1794
1798
1846
1868
1874
1885
1893
1962
1963
2007
2027
2044
2125
2127
2128
2144
2167
2184
2190
2348
2403
2434
2437
2444
2453
2480
2493
2519
2520
2555
2557
2574
2584
2589
2612
2625
2665
2687
2721
2746
2761
2779
2780
2818
2825
2859
2908
2911
2931
2932
2948
2954
2965
2991
3008
3067
3075
3082
3085
3090
3127
3131
3259
3264
3297
3300
3324
3336
3340
3385
3399
3401
3408
3416
3424
3426
3428
3495
3519
3532
3536
3614
3621
3635
3654
3676
3710
3724
3746
3760
3837
3860
3887
3915
3945
3972
3987
3992
4029
4046
4084
4092
4112
4131
4134
4136
4140
4161
4166
4175
4218
4234
4255
4265
4349
4350
4357
4381
4384
4427
4454
4466
4506
4521
4598
4623
4677
4692
4694
4753
4797
4863
4869
4872
4893
4894
4898
4900
4923
4940
4951
4966
4983
5014
5032
5040
5071
5090
5099
5100
5154
5158
5253
5309
5317
5320
5329
5331
5333
5358
5400
5410
5420
5456
5523
5538
5579
5603
5604
5606
5648
5698
5723
5764
5821
5845
5871
5953
5980
6035
6037
6074
6140
6160
6223
6232
6308
6332
6355
6357
6358
6401
6437
6465
6469
6515
6533
6601
6680
6734
6735
6747
6785
6831
6886
6918
6948
6958
7030
7041
7070
7080
7117
7142
7170
7174
7242
7246
7265
7268
7293
7300
7302
7376
7482
7506
7510
7536
7539
7551
7609
7616
7668
7718
7728
7742
7779
7833
7841
7842
7862
7898
7973
7976
7978
7985
7988
8073
8091
8098
8123
8142
8197
8222
8223
8243
8249
8263
8276
8291
8295
8312
8344
8360
8396
8452
8575
8583
8613
8720
8743
8811
8820
8842
8876
8915
8921
8935
8936
8948
8977
9004
9076
9112
9121
9129
9154
9213
9238
9262
9266
9302
9324
9331
9370
9476
9482
9566
9605
9655
9666
9693
9717
9723
9732
9742
9760
9770
9777
9805
9818
9826
9964
9987
10001
10024
10085
10088
10106
10143
10219
10237
10256
10287
10300
10317
10352
10370
10371
10374
10381
10388
10408
10449
10473
10474
10476
10513
10541
10551
10570
10574
10704
10706
10743
10779
10856
10924
10928
10951
11027
11055
11060
11062
11101
11265
11300
11329
11353
11401
11422
11442
11464
11492
11516
11537
11598
11624
11692
11696
11702
11724
11762
11834
11863
11885
11998
12002
12082
12098
12173
12182
12199
12245
12247
12305
12329
12343
12347
12486
12510
12571
12610
12630
12639
12647
12654
12708
12749
12824
12856
12863
12914
12923
12939
12945
12955
12956
13016
13079
13085
13115
13122
13136
13201
13227
13295
13302
13335
13366
13390
13397
13422
13450
13477
13489
13492
13496
13499
13514
13515
13531
13546
13584
13590
13592
13619
13637
13666
13682
13694
13703
13708
13712
13729
13794
13812
13826
13843
13855
13919
13962
13988
13995
14003
14023
14028
14033
14035
14036
14061
14072
14080
14084
14180
14202
14218
14244
14265
14291
14309
14361
14381
14406
14474
14496
14554
14580
14621
14657
14669
14746
14777
14780
14804
14816
14830
14851
14899
14917
14918
14973
15010
15021
15028
15032
15120
15153
15169
15212
15284
15355
15380
15388
15445
15453
15463
15470
15495
15496
15504
15512
15579
15651
15660
15706
15721
15732
15749
15760
15783
15832
15877
15921
15945
15948
15952
15997
16026
16028
16046
16047
16100
16115
16122
16134
16153
16156
16170
16216
16290
16336
16337
16367
16373
16415
16429
16519
16588
16589
16612
16615
16619
16631
16642
16692
16764
16796
16797
16802
16830
16852
16889
16908
16920
16926
16930
16936
16953
16988
17050
17058
17073
17078
17081
17097
17105
17169
17177
17185
17228
17233
17241
17279
17370
17392
17408
17412
17414
17426
17451
17483
17490
17512
17513
17516
17527
17602
17621
17644
17645
17655
17703
17740
17743
17804
17808
17814
17815
17927
17935
17936
17956
17975
17977
17995
18020
18059
18148
18153
18170
18172
18174
18182
18186
18206
18228
18263
18276
18279
18342
18413
18419
18502
18522
18544
18637
18691
18701
18720
18749
18768
18775
18795
18832
18847
18872
18965
18983
19000
19089
19121
19178
19203
19237
19240
19250
19263
19309
19312
19379
19409
19413
19418
19421
19430
19469
19471
19482
19529
19532
19553
19633
19668
19678
19713
19733
19739
19751
19802
19818
19909
19911
19938
19962
20037
20172
20194
20210
20213
20224
20246
20263
20389
20393
20450
20497
20506
20526
20589
20613
20641
20687
20689
20712
20742
20746
20753
20778
20793
20818
20831
20843
20861
20875
20887
20952
20970
20980
21023
21051
21079
21108
21172
21197
21265
21274
21276
21278
21280
21312
21339
21351
21352
21362
21368
21383
21390
21419
21424
21453
21606
21617
21666
21692
21716
21744
21790
21794
21828
21888
21918
21928
21948
21949
22021
22033
22047
22142
22160
22194
22199
22207
22248
22257
22307
22348
22349
22357
22361
22366
22372
22383
22403
22476
22551
22623
22643
22669
22677
22683
22720
22727
22730
22746
22901
22946
23011
23012
23053
23082
23085
23088
23143
23165
23171
23179
23190
23201
23202
23243
23253
23312
23340
23353
23371
23387
23416
23421
23435
23468
23508
23510
23541
23562
23584
23585
23600
23619
23669
23692
23706
23716
23775
23782
23825
23826
23878
23933
23969
23974
24034
24053
24058
24074
24091
24093
24094
24102
24160
24189
24191
24207
24224
24262
24288
24301
24371
24382
24474
24495
24496
24505
24507
24513
24529
24531
24649
24662
24688
24697
24725
24729
24732
24739
24755
24765
24802
24825
24840
24965
24966
24985
24989
25009
25038
25046
25075
25130
25134
25158
25169
25173
25356
25406
25423
25441
25467
25499
25507
25609
25620
25658
25669
25678
25706
25708
25734
25743
25816
25888
25953
25960
25964
26037
26062
26064
26093
26130
26158
26207
26210
26229
26313
26323
26325
26334
26359
26406
26411
26459
26491
26562
26572
26719
26732
26739
26752
26767
26779
26801
26856
26901
26945
26989
26992
26996
27029
27039
27064
27077
27127
27155
27176
27192
27193
27279
27307
27414
27475
27477
27506
27518
27539
27540
27546
27562
27570
27589
27619
27625
27633
27639
27659
27662
27663
27684
27942
27978
27982
28045
28077
28096
28099
28110
28156
28184
28194
28206
28290
28303
28318
28331
28379
28383
28419
28430
28452
28521
28553
28572
28599
28619
28655
28664
28675
28701
28749
28757
28825
28830
28857
28892
28902
28912
28923
28951
28960
28989
29005
29020
29048
29049
29052
29106
29134
29192
29245
29310
29394
29441
29535
29560
29609
29622
29645
29664
29666
29680
29705
29716
29789
29791
29817
29827
29862
29929
29957
29965
29985
29990
30010
30124
30148
30158
30159
30163
30234
30246
30249
30270
30279
30281
30305
30325
30332
30455
30468
30477
30492
30524
30555
30556
30560
30572
30596
30630
30665
30669
30708
30749
30771
30779
30782
30786
30840
30855
30860
30864
30879
30906
30914
30923
30940
30954
31001
31026
31028
31109
31128
31135
31189
31228
31230
31231
31304
31309
31339
31342
31347
31407
31416
31452
31467
31495
31529
31557
31565
31588
31595
31610
31612
31629
31653
31678
31700
31712
31732
31761
31781
31797
31810
31835
31860
31861
31863
31871
31917
31931
31948
31952
31957
31983
32000
32012
32014
32164
32176
32197
32205
32230
32304
32319
32325
32502
32657
32673
32677
32688
32721
32728
32802
32837
32854
32863
32930
32947
32971
33014
33042
33047
33080
33113
33138
33143
33170
33183
33188
33193
33197
33200
33213
33214
33217
33249
33362
33366
33411
33414
33415
33428
33459
33465
33493
33506
33522
33526
33549
33562
33606
33610
33612
33614
33631
33638
33647
33675
33719
33783
33852
33865
33872
33894
33938
33947
33951
33973
33981
33995
34029
34050
34057
34121
34153
34166
34191
34194
34198
34230
34234
34235
34248
34276
34305
34328
34342
34348
34355
34356
34357
34371
34392
34398
34414
34421
34438
34440
34441
34461
34477
34501
34566
34612
34641
34719
34755
34760
34773
34796
34807
34853
34876
34887
34940
34957
34961
34967
34984
34990
35004
35012
35027
35153
35168
35171
35175
35198
35224
35239
35249
35250
35294
35326
35394
35421
35430
35458
35471
35483
35487
35515
35529
35571
35673
35694
35711
35728
35841
35842
35876
35877
35923
35940
35974
36013
36114
36122
36182
36193
36196
36220
36231
36250
36251
36313
36361
36391
36397
36438
36453
36457
36465
36472
36478
36496
36497
36498
36506
36511
36527
36564
36684
36697
36711
36744
36773
36786
36819
36832
36859
36864
36878
36888
36930
36974
37047
37075
37107
37130
37134
37151
37166
37171
37200
37220
37247
37268
37282
37318
37355
37406
37433
37474
37476
37508
37513
37514
37574
37578
37684
37693
37704
37738
37770
37773
37774
37778
37822
37855
37856
37882
37896
37900
37912
37967
38047
38052
38097
38150
38160
38241
38256
38269
38412
38447
38502
38515
38551
38577
38621
38661
38695
38710
38746
38777
38798
38856
38994
39057
39125
39148
39152
39184
39213
39274
39341
39442
39508
39574
39579
39586
39599
39623
39638
39689
39776
39777
39798
39813
39838
39912
39932
39951
39979
-1
