112
129
132
134
153
174
186
304
312
318
323
326
363
406
421
458
468
493
565
578
590
604
609
632
639
668
688
703
717
723
728
755
766
788
811
813
816
887
894
950
951
1012
1066
1075
1099
1117
1172
1176
1236
1237
1255
1261
1270
1280
1313
1374
1408
1458
1469
1541
1555
1557
1577
1594
1621
1640
1648
1659
1672
1679
1682
1692
1693
1712
1726
1735
1772
1782
1801
1805
1810
1823
1874
1879
1903
1910
1920
1925
2026
2082
2107
2136
2139
2140
2173
2214
2242
2410
2417
2474
2501
2566
2613
2699
2728
2734
2745
2750
2755
2854
2866
2890
2905
2941
2948
2955
2975
3000
3054
3121
3123
3159
3239
3259
3312
3316
3337
3358
3359
3361
3370
3371
3383
3399
3428
3476
3522
3536
3548
3560
3663
3683
3703
3777
3783
3821
3853
3855
3856
3873
3919
3934
3949
3969
3984
3990
3999
4100
4104
4129
4153
4156
4218
4232
4252
4256
4260
4262
4312
4340
4388
4392
4405
4410
4448
4498
4553
4569
4578
4607
4615
4635
4677
4687
4695
4707
4753
4778
4785
4829
4839
4844
4913
4952
4960
5131
5138
5172
5193
5223
5263
5266
5270
5314
5336
5374
5439
5444
5460
5469
5498
5514
5528
5542
5614
5616
5691
5692
5696
5763
5835
5927
5965
5990
6022
6068
6072
6114
6130
6162
6212
6215
6233
6259
6272
6292
6312
6322
6325
6333
6454
6458
6495
6513
6543
6552
6646
6682
6730
6778
6818
6873
6908
6910
6969
6982
7034
7037
7044
7045
7064
7090
7091
7130
7135
7172
7174
7178
7225
7232
7246
7359
7374
7396
7409
7427
7432
7436
7447
7486
7539
7545
7574
7579
7591
7636
7659
7667
7692
7762
7766
7778
7783
7870
7886
7900
7967
7990
7992
8006
8019
8048
8061
8064
8084
8090
8101
8121
8122
8137
8177
8187
8194
8236
8330
8344
8360
8400
8439
8450
8461
8527
8544
8644
8659
8698
8707
8750
8770
8788
8806
8839
8845
8855
8907
8914
8924
8942
8957
8998
9004
9008
9018
9038
9052
9056
9064
9080
9141
9156
9185
9189
9209
9227
9232
9239
9308
9314
9322
9418
9435
9439
9454
9456
9486
9494
9501
9505
9582
9627
9630
9636
9637
9658
9681
9728
9799
9843
9845
9858
9862
9883
9905
9906
9921
9959
9974
10023
10094
10126
10129
10226
10354
10391
10392
10424
10463
10479
10484
10498
10522
10557
10559
10561
10565
10667
10826
10827
10848
10882
10919
10920
10957
10978
10997
11081
11154
11160
11199
11347
11406
11410
11427
11438
11449
11460
11544
11555
11590
11591
11630
11635
11692
11705
11726
11730
11782
11788
11797
11821
11843
11872
11921
12027
12030
12040
12047
12198
12241
12269
12274
12285
12310
12329
12341
12376
12431
12460
12481
12490
12509
12519
12527
12554
12585
12587
12596
12598
12619
12648
12671
12725
12798
12802
12816
12863
12908
12936
12959
12971
12991
13027
13044
13112
13117
13122
13143
13147
13149
13154
13160
13187
13276
13282
13284
13348
13396
13404
13448
13467
13477
13491
13518
13576
13619
13662
13715
13768
13818
13890
14016
14021
14071
14077
14103
14157
14221
14230
14278
14285
14305
14317
14318
14332
14363
14395
14397
14426
14433
14440
14447
14455
14469
14475
14490
14503
14509
14513
14515
14547
14681
14699
14705
14719
14796
14797
14804
14807
14827
14829
14864
14894
14911
14931
14975
14999
15060
15078
15085
15103
15120
15130
15176
15199
15202
15203
15206
15230
15264
15343
15403
15428
15430
15433
15487
15496
15528
15579
15587
15638
15647
15648
15656
15692
15712
15718
15723
15730
15731
15740
15802
15803
15853
15894
15898
15937
15971
15989
15995
16032
16091
16111
16134
16152
16157
16212
16227
16231
16233
16318
16331
16339
16364
16381
16412
16424
16447
16454
16509
16520
16572
16623
16632
16669
16678
16787
16795
16844
16900
16932
16934
16936
16948
16960
16991
17015
17045
17057
17123
17182
17188
17192
17259
17265
17335
17418
17550
17610
17619
17691
17692
17721
17724
17733
17744
17786
17805
17815
17823
17903
17935
17961
17965
17986
18044
18097
18147
18161
18164
18165
18196
18205
18243
18254
18258
18281
18298
18308
18336
18345
18407
18435
18436
18454
18471
18481
18489
18591
18593
18620
18672
18675
18730
18746
18753
18772
18829
18865
18869
18896
18968
18972
18975
18985
18998
19008
19027
19035
19087
19139
19196
19225
19238
19284
19288
19416
19419
19429
19445
19447
19456
19502
19529
19536
19537
19553
19557
19582
19585
19610
19614
19619
19623
19658
19666
19678
19748
19773
19774
19814
19832
19865
19889
19944
19949
19953
19954
19961
20021
20065
20069
20188
20205
20261
20274
20310
20312
20314
20315
20366
20371
20373
20375
20396
20426
20484
20486
20493
20495
20562
20582
20596
20648
20656
20661
20755
20770
20828
20834
20849
20851
20884
20893
20973
20982
21013
21055
21061
21083
21114
21165
21170
21179
21200
21240
21273
21290
21299
21345
21363
21396
21403
21407
21442
21463
21493
21515
21543
21553
21613
21663
21752
21754
21759
21764
21775
21780
21789
21797
21814
21848
21873
21876
21891
21898
21925
21960
22028
22032
22040
22049
22056
22067
22100
22119
22142
22148
22192
22217
22232
22261
22267
22283
22298
22302
22315
22320
22339
22348
22358
22374
22385
22443
22444
22465
22490
22645
22665
22773
22816
22833
22850
22897
22947
22962
23043
23050
23054
23083
23128
23139
23165
23170
23172
23186
23202
23216
23289
23337
23344
23358
23359
23367
23371
23401
23421
23423
23435
23467
23472
23549
23562
23574
23582
23641
23683
23718
23740
23752
23777
23795
23808
23818
23832
23859
23910
23912
23937
24005
24023
24097
24216
24237
24275
24296
24321
24360
24410
24455
24514
24523
24527
24542
24623
24645
24646
24671
24726
24751
24769
24772
24778
24806
24818
24878
24899
24924
24925
24939
25018
25059
25079
25132
25142
25163
25252
25309
25368
25389
25455
25499
25500
25501
25507
25621
25623
25652
25654
25681
25718
25739
25740
25755
25776
25801
25818
25875
25897
25909
25950
25964
25979
25984
26067
26088
26106
26128
26144
26156
26205
26211
26219
26232
26238
26240
26275
26278
26348
26357
26372
26399
26466
26467
26468
26479
26493
26556
26570
26600
26615
26650
26667
26673
26703
26733
26743
26781
26803
26809
26854
26893
26907
26925
26983
26987
27027
27032
27062
27068
27079
27098
27131
27213
27222
27249
27256
27299
27307
27377
27407
27418
27469
27478
27490
27491
27517
27521
27524
27527
27546
27579
27592
27616
27659
27707
27725
27826
27845
27906
27938
27977
28017
28043
28063
28067
28097
28131
28145
28147
28193
28197
28203
28208
28225
28226
28235
28269
28295
28342
28362
28389
28390
28423
28485
28500
28518
28552
28554
28587
28589
28592
28609
28624
28660
28699
28708
28726
28746
28747
28826
28858
28886
28891
28894
28927
28936
28942
28982
28995
29010
29018
29045
29060
29084
29094
29146
29173
29179
29209
29222
29223
29247
29276
29310
29328
29410
29435
29450
29502
29571
29575
29601
29639
29653
29675
29733
29745
29767
29799
29863
29876
29890
29912
29924
29982
29986
29993
30003
30009
30044
30120
30157
30174
30203
30206
30256
30269
30321
30329
30345
30354
30376
30384
30446
30448
30468
30470
30489
30502
30504
30524
30555
30583
30601
30606
30607
30682
30725
30735
30788
30815
30822
30888
30903
30922
30938
30960
30985
30986
31031
31054
31062
31067
31087
31091
31105
31149
31158
31195
31200
31201
31209
31241
31250
31261
31271
31353
31365
31404
31414
31444
31450
31463
31492
31547
31557
31565
31605
31613
31635
31681
31683
31714
31716
31730
31734
31735
31785
31900
31909
32000
32058
32074
32100
32161
32177
32192
32209
32212
32248
32276
32297
32328
32401
32408
32418
32454
32460
32476
32509
32518
32543
32555
32578
32626
32631
32662
32705
32718
32863
32970
32983
32997
33043
33050
33175
33195
33240
33281
33303
33305
33316
33377
33410
33454
33475
33489
33502
33510
33540
33558
33571
33583
33739
33772
33788
33811
33835
33858
33897
33931
33988
33997
33998
34046
34064
34066
34087
34096
34153
34156
34206
34240
34284
34325
34341
34344
34367
34374
34378
34421
34437
34464
34478
34488
34540
34593
34601
34611
34630
34681
34703
34724
34738
34748
34752
34813
34886
34913
34935
34964
35030
35035
35074
35138
35204
35211
35225
35257
35263
35293
35294
35319
35334
35356
35366
35443
35469
35495
35498
35585
35605
35673
35685
35687
35698
35715
35721
35742
35752
35777
35832
35849
35853
35864
35892
35948
35967
35995
35997
36012
36030
36075
36135
36180
36196
36241
36246
36278
36291
36437
36438
36464
36489
36496
36524
36542
36588
36619
36716
36730
36740
36747
36779
36783
36789
36796
36799
36817
36883
36893
36928
36966
36975
37001
37026
37064
37065
37069
37129
37137
37176
37183
37203
37211
37301
37317
37373
37394
37409
37423
37432
37436
37452
37492
37495
37496
37523
37524
37537
37546
37552
37576
37709
37720
37761
37814
37824
37860
37887
37900
37939
37960
37999
38049
38113
38119
38134
38140
38205
38209
38227
38234
38235
38253
38266
38355
38356
38404
38447
38474
38538
38564
38612
38634
38664
38667
38676
38695
38721
38760
38778
38788
38901
38908
38937
38943
38944
38954
38983
38989
39122
39162
39186
39222
39227
39229
39246
39255
39293
39417
39505
39537
39606
39662
39668
39678
39736
39756
39767
39769
39788
39793
39861
39886
39895
39910
39936
39993
39994
-1
