16
50
51
63
100
159
204
206
225
229
233
290
295
325
334
370
374
430
501
550
573
582
587
591
606
650
732
780
785
791
792
816
832
837
847
883
884
886
896
912
916
920
946
948
1055
1071
1087
1105
1224
1227
1316
1318
1324
1330
1357
1372
1377
1384
1423
1446
1455
1479
1518
1558
1563
1673
1754
1760
1775
1794
1805
1871
1962
1965
1970
1976
1996
2033
2061
2096
2105
2211
2220
2245
2258
2331
2413
2432
2435
2461
2476
2555
2557
2607
2613
2693
2760
2768
2807
2808
2814
2821
2847
2889
2912
2938
2968
3006
3019
3049
3068
3087
3115
3169
3174
3178
3197
3222
3235
3259
3265
3268
3274
3303
3334
3348
3423
3435
3443
3445
3446
3494
3499
3594
3619
3628
3644
3648
3677
3713
3728
3738
3740
3792
3832
3840
3895
3925
3946
3954
4031
4077
4079
4091
4110
4120
4194
4223
4262
4297
4324
4381
4421
4438
4455
4483
4506
4547
4560
4567
4629
4658
4679
4685
4730
4796
4839
4860
4899
4937
5005
5020
5073
5183
5213
5224
5226
5266
5301
5314
5330
5355
5369
5425
5443
5459
5493
5549
5561
5571
5615
5630
5637
5707
5763
5765
5784
5875
5889
5964
6017
6030
6051
6089
6110
6130
6169
6218
6250
6257
6279
6310
6319
6324
6415
6426
6451
6462
6482
6494
6517
6565
6579
6649
6711
6727
6740
6788
6825
6864
6911
6928
6934
6940
7010
7017
7067
7077
7091
7099
7107
7170
7208
7209
7276
7357
7374
7409
7484
7505
7507
7545
7552
7615
7645
7664
7711
7719
7776
7810
7899
7934
7954
7956
7978
7988
8078
8094
8096
8099
8162
8174
8183
8215
8224
8262
8358
8375
8378
8380
8387
8415
8425
8434
8488
8515
8532
8618
8636
8667
8768
8801
8807
8833
8856
8873
8882
8885
8912
8928
8954
8983
8993
9007
9010
9060
9068
9083
9085
9086
9098
9105
9111
9136
9153
9165
9207
9213
9214
9225
9275
9329
9405
9446
9482
9500
9536
9563
9602
9638
9643
9657
9722
9762
9792
9795
9798
9811
9823
9950
9972
10001
10018
10082
10121
10196
10237
10247
10248
10251
10256
10267
10281
10288
10312
10337
10351
10402
10416
10448
10449
10469
10481
10509
10526
10575
10617
10622
10624
10633
10647
10649
10697
10713
10743
10755
10759
10778
10788
10796
10875
10889
10894
10959
10969
10975
11028
11092
11104
11119
11130
11143
11165
11173
11191
11235
11252
11308
11359
11377
11421
11468
11498
11529
11540
11561
11581
11595
11647
11665
11746
11789
11795
11803
11823
11829
11878
11893
11900
11914
11933
11961
12001
12048
12107
12143
12173
12176
12204
12244
12250
12255
12283
12318
12330
12333
12384
12397
12418
12533
12534
12535
12542
12560
12611
12646
12661
12669
12685
12707
12720
12768
12786
12802
12820
12822
12835
12854
12909
12962
13020
13045
13059
13075
13084
13112
13141
13164
13172
13194
13211
13216
13243
13303
13321
13370
13371
13424
13504
13519
13582
13584
13639
13670
13686
13692
13734
13763
13766
13769
13784
13807
13827
13838
13874
13910
13958
14079
14146
14237
14239
14270
14271
14296
14302
14312
14337
14340
14344
14345
14357
14379
14386
14423
14429
14437
14517
14550
14571
14572
14590
14600
14618
14654
14659
14666
14690
14724
14766
14767
14785
14789
14816
14818
14851
14863
14913
14915
14942
14970
14983
15017
15051
15094
15115
15212
15282
15292
15351
15366
15406
15434
15444
15475
15476
15512
15526
15537
15556
15557
15599
15604
15608
15622
15623
15628
15648
15652
15711
15742
15744
15754
15824
15896
15907
16050
16070
16094
16099
16114
16120
16134
16145
16154
16167
16173
16252
16325
16335
16345
16358
16362
16376
16493
16507
16533
16561
16599
16600
16617
16637
16670
16698
16713
16724
16738
16769
16787
16792
16877
16936
16938
16946
16951
16987
16998
16999
17001
17003
17048
17063
17076
17087
17121
17197
17207
17246
17270
17279
17359
17367
17390
17395
17508
17529
17567
17601
17614
17637
17638
17654
17668
17709
17740
17769
17793
17848
17883
17892
17920
17940
17960
17994
17998
18024
18047
18109
18112
18133
18220
18221
18236
18311
18314
18333
18391
18406
18409
18411
18424
18447
18452
18460
18496
18552
18583
18597
18636
18648
18722
18734
18737
18743
18767
18795
18812
18897
18922
18952
18998
19020
19035
19078
19083
19087
19112
19163
19181
19199
19217
19249
19295
19333
19339
19357
19371
19401
19463
19488
19518
19519
19563
19572
19573
19622
19643
19674
19686
19718
19745
19751
19752
19755
19756
19759
19799
19803
19819
19830
19861
19863
19892
19899
19911
19995
20070
20072
20088
20095
20172
20174
20220
20251
20254
20256
20260
20293
20323
20374
20389
20409
20439
20440
20462
20470
20513
20600
20634
20639
20640
20663
20744
20773
20811
20865
20867
20911
20940
20950
21026
21044
21054
21064
21070
21072
21094
21109
21121
21125
21160
21204
21277
21293
21315
21316
21327
21333
21359
21376
21397
21412
21440
21458
21471
21501
21517
21525
21606
21607
21636
21672
21717
21778
21894
21905
21923
21924
21963
22086
22145
22165
22177
22180
22190
22232
22277
22285
22290
22374
22384
22398
22409
22412
22426
22465
22532
22568
22570
22650
22652
22677
22680
22740
22753
22763
22797
22864
22869
22882
22889
22892
22909
22978
22999
23015
23048
23093
23146
23149
23186
23199
23204
23221
23239
23273
23289
23303
23310
23318
23348
23351
23359
23366
23384
23398
23404
23413
23453
23462
23476
23481
23553
23558
23567
23578
23583
23588
23601
23618
23640
23643
23658
23709
23752
23788
23804
23828
23830
23850
23859
23865
23895
23912
23925
23926
23937
23984
24003
24021
24026
24027
24028
24065
24095
24142
24154
24162
24174
24179
24194
24220
24298
24327
24424
24441
24463
24464
24492
24550
24562
24609
24656
24665
24679
24691
24705
24744
24758
24796
24813
24824
24832
24836
24860
24863
24874
24879
24888
24895
24898
24901
24934
24941
24961
24965
24995
25057
25084
25112
25177
25187
25217
25227
25233
25234
25287
25338
25351
25401
25417
25428
25467
25469
25479
25480
25493
25579
25602
25613
25618
25632
25649
25671
25713
25753
25793
25801
25824
25828
25841
25909
25924
25954
26021
26073
26078
26109
26136
26173
26218
26241
26298
26313
26323
26349
26363
26480
26486
26506
26531
26533
26544
26565
26606
26618
26663
26683
26709
26739
26741
26749
26770
26781
26804
26813
26825
26869
26877
26882
26916
26939
26983
27045
27062
27067
27073
27084
27086
27123
27173
27197
27226
27241
27314
27328
27346
27360
27385
27396
27411
27429
27461
27463
27473
27476
27564
27587
27639
27640
27641
27650
27665
27680
27681
27715
27729
27732
27841
27847
27869
27979
27980
28000
28012
28029
28057
28110
28127
28144
28156
28204
28256
28271
28304
28343
28385
28394
28401
28416
28494
28514
28532
28540
28544
28557
28593
28644
28750
28770
28788
28808
28819
28824
28838
28848
28859
28873
28882
28901
28922
28952
28967
28968
28972
29009
29031
29039
29044
29048
29066
29112
29219
29241
29243
29250
29253
29262
29280
29288
29329
29330
29345
29367
29370
29412
29432
29452
29467
29488
29607
29648
29652
29668
29703
29716
29748
29791
29839
29917
29919
29940
29949
30003
30019
30159
30199
30205
30250
30287
30358
30382
30383
30385
30413
30428
30463
30495
30496
30543
30569
30594
30608
30612
30636
30639
30750
30822
30827
30871
30980
31003
31030
31032
31038
31081
31094
31099
31103
31116
31119
31208
31224
31283
31383
31423
31454
31497
31648
31716
31742
31760
31761
31779
31780
31834
31851
31873
31895
31990
32118
32125
32156
32163
32228
32239
32242
32255
32309
32332
32356
32404
32408
32414
32446
32477
32507
32559
32589
32598
32669
32709
32723
32733
32746
32762
32765
32772
32824
32835
32849
32882
32884
32933
32959
32979
32981
32989
33001
33012
33058
33131
33200
33217
33220
33250
33293
33294
33298
33319
33347
33356
33447
33457
33467
33492
33525
33534
33559
33560
33652
33676
33703
33719
33723
33807
33815
33825
33833
33854
33907
33941
33943
33981
33988
34023
34074
34077
34099
34226
34254
34291
34303
34308
34309
34316
34365
34452
34460
34591
34598
34600
34601
34636
34637
34660
34662
34671
34748
34754
34801
34825
34853
34931
34988
35034
35074
35101
35117
35157
35209
35239
35246
35294
35306
35316
35362
35376
35411
35424
35473
35492
35494
35506
35542
35549
35553
35612
35619
35636
35739
35740
35742
35763
35767
35776
35788
35802
35844
35873
35874
35939
35960
35971
35990
35995
36061
36090
36101
36132
36133
36154
36161
36183
36188
36193
36205
36274
36280
36319
36323
36327
36339
36345
36412
36433
36549
36593
36598
36603
36606
36620
36624
36688
36695
36697
36724
36767
36768
36795
36906
36915
36925
36977
37049
37080
37116
37123
37132
37172
37173
37214
37230
37246
37248
37393
37417
37434
37448
37467
37513
37571
37612
37628
37654
37682
37702
37707
37720
37730
37742
37748
37775
38005
38044
38048
38091
38096
38099
38113
38127
38178
38190
38284
38349
38371
38389
38415
38427
38461
38462
38486
38515
38602
38603
38672
38675
38691
38699
38755
38757
38763
38792
38795
38817
38857
38870
38881
38883
38922
38930
38958
39006
39043
39071
39097
39182
39192
39193
39205
39221
39334
39414
39421
39447
39449
39490
39499
39537
39556
39565
39572
39583
39586
39587
39610
39613
39629
39642
39680
39688
39693
39725
39731
39760
39811
39892
39930
39947
39973
39990
-1
