18
33
83
108
120
143
171
183
188
204
208
240
246
310
339
361
374
428
437
450
478
555
575
596
617
674
681
682
719
740
776
778
815
817
869
897
913
914
920
929
936
968
977
1019
1107
1118
1124
1193
1203
1238
1244
1253
1280
1330
1341
1345
1358
1382
1389
1405
1473
1555
1577
1592
1603
1606
1628
1646
1651
1721
1728
1760
1766
1786
1812
1816
1818
1856
2033
2044
2069
2071
2075
2077
2124
2126
2135
2182
2207
2244
2253
2272
2325
2345
2365
2382
2408
2442
2496
2500
2525
2526
2534
2542
2550
2607
2683
2687
2711
2731
2761
2839
2864
2954
2958
3011
3024
3026
3055
3067
3072
3073
3095
3140
3184
3189
3216
3232
3260
3265
3304
3330
3334
3370
3372
3397
3422
3495
3500
3513
3519
3525
3544
3645
3734
3795
3805
3835
3867
3883
3886
3890
3964
3988
4028
4050
4065
4086
4134
4150
4210
4229
4270
4300
4335
4359
4415
4429
4485
4490
4563
4573
4596
4612
4631
4662
4666
4667
4709
4776
4810
4832
4893
4901
4912
4946
4965
4967
4976
5088
5101
5149
5163
5265
5272
5306
5329
5356
5365
5371
5381
5432
5445
5485
5487
5490
5549
5564
5574
5607
5679
5749
5764
5771
5774
5799
5818
5843
5870
5952
6119
6205
6236
6239
6276
6368
6382
6405
6409
6443
6456
6466
6483
6515
6531
6551
6572
6616
6640
6667
6678
6700
6723
6730
6743
6761
6766
6778
6799
6843
6849
6987
7002
7014
7022
7043
7090
7115
7161
7178
7215
7245
7256
7277
7278
7322
7351
7353
7443
7453
7515
7529
7546
7548
7557
7573
7591
7611
7626
7634
7687
7693
7695
7704
7708
7753
7757
7783
7808
7843
7852
7856
7879
7907
7998
8001
8046
8077
8096
8199
8204
8209
8232
8257
8271
8293
8304
8351
8416
8422
8446
8461
8536
8547
8578
8623
8633
8641
8652
8703
8728
8765
8793
8820
8829
8845
8854
8883
8921
9016
9044
9064
9090
9112
9123
9125
9130
9156
9175
9179
9222
9256
9339
9369
9396
9437
9480
9485
9499
9647
9655
9662
9676
9699
9722
9727
9870
9889
9917
9936
9952
9968
10004
10011
10052
10092
10127
10137
10146
10174
10193
10207
10210
10237
10255
10310
10333
10377
10390
10410
10422
10426
10446
10447
10457
10478
10504
10544
10545
10547
10608
10621
10628
10685
10784
10831
10845
10880
10897
10937
10964
10992
10997
11059
11062
11079
11100
11180
11199
11229
11233
11238
11294
11336
11366
11378
11382
11421
11490
11491
11503
11509
11526
11543
11547
11563
11571
11590
11598
11604
11609
11610
11614
11773
11807
11813
11862
11865
11907
11983
12029
12062
12064
12070
12080
12100
12126
12149
12152
12170
12189
12246
12254
12257
12266
12306
12376
12382
12384
12434
12478
12491
12504
12529
12533
12541
12578
12598
12599
12601
12661
12668
12669
12687
12701
12708
12743
12746
12792
12806
12814
12841
12844
12874
12937
12971
12982
13010
13017
13040
13058
13084
13182
13215
13263
13269
13270
13296
13300
13311
13379
13382
13386
13388
13414
13445
13461
13488
13495
13540
13554
13572
13575
13577
13607
13636
13704
13784
13819
13897
13927
13960
14002
14051
14068
14095
14122
14159
14165
14180
14211
14249
14260
14262
14271
14274
14397
14406
14432
14446
14464
14468
14513
14553
14592
14601
14629
14631
14643
14699
14719
14747
14788
14803
14873
14887
14893
14932
14934
14947
14962
14978
14981
15004
15056
15058
15059
15089
15090
15118
15119
15133
15161
15180
15301
15307
15323
15336
15354
15393
15418
15452
15455
15557
15586
15608
15611
15616
15630
15702
15757
15792
15801
15806
15827
15829
15834
15858
15874
15913
15920
15953
16001
16002
16003
16015
16069
16123
16190
16215
16216
16228
16242
16252
16256
16267
16268
16280
16319
16324
16358
16384
16396
16401
16406
16489
16492
16550
16564
16688
16696
16697
16702
16712
16727
16787
16863
16869
16876
16884
16885
16886
16911
16917
16995
17014
17027
17056
17058
17072
17098
17128
17160
17170
17208
17227
17259
17268
17278
17294
17320
17335
17337
17357
17389
17397
17438
17445
17451
17478
17527
17545
17570
17610
17639
17651
17663
17726
17752
17754
17777
17785
17793
17816
17846
17868
18081
18094
18095
18122
18124
18177
18209
18279
18293
18299
18315
18392
18414
18444
18448
18504
18507
18529
18537
18567
18680
18721
18737
18755
18796
18805
18835
18843
18921
18936
18956
18983
19051
19070
19113
19134
19151
19229
19238
19273
19280
19299
19306
19310
19357
19370
19417
19419
19464
19490
19531
19540
19586
19591
19611
19622
19630
19634
19651
19668
19688
19699
19752
19774
19792
19890
19953
19959
19971
20025
20037
20083
20088
20097
20135
20144
20153
20193
20212
20218
20250
20287
20339
20356
20380
20402
20428
20477
20524
20550
20589
20594
20625
20656
20716
20775
20777
20825
20839
20887
20930
21065
21109
21193
21210
21221
21268
21311
21324
21330
21340
21347
21357
21370
21374
21388
21401
21503
21535
21548
21564
21566
21588
21614
21633
21684
21731
21734
21787
21804
21842
21850
21878
21882
21939
21947
21970
22006
22107
22109
22111
22145
22147
22159
22185
22188
22198
22274
22277
22286
22328
22361
22367
22388
22394
22410
22423
22448
22465
22527
22577
22609
22615
22633
22646
22674
22678
22697
22698
22708
22715
22716
22718
22948
22963
22991
23010
23013
23023
23036
23058
23060
23085
23112
23137
23242
23266
23295
23298
23325
23343
23353
23389
23390
23394
23404
23415
23417
23441
23470
23499
23526
23532
23552
23558
23563
23570
23598
23632
23640
23683
23703
23824
23882
23929
23933
23942
23963
23997
24000
24072
24082
24103
24110
24147
24155
24158
24257
24272
24273
24356
24406
24432
24458
24463
24479
24497
24523
24531
24546
24615
24621
24709
24718
24727
24750
24933
24987
24998
25012
25021
25027
25075
25077
25123
25138
25139
25169
25175
25214
25222
25247
25256
25264
25279
25284
25285
25291
25294
25307
25315
25320
25322
25334
25364
25408
25417
25418
25467
25487
25507
25544
25584
25593
25605
25640
25669
25672
25690
25714
25793
25826
25853
25887
25929
25967
25979
25988
26008
26020
26040
26063
26069
26079
26090
26095
26098
26190
26200
26207
26213
26226
26245
26265
26276
26379
26407
26441
26506
26510
26535
26544
26575
26596
26607
26621
26626
26746
26795
26811
26888
26897
26903
26928
26952
26970
27006
27043
27084
27108
27117
27137
27221
27251
27270
27298
27359
27378
27389
27399
27420
27438
27461
27502
27557
27565
27576
27582
27592
27601
27602
27615
27623
27659
27677
27684
27705
27715
27745
27758
27805
27835
27848
27864
27904
27954
27976
27996
28008
28017
28041
28058
28117
28128
28165
28184
28203
28209
28269
28276
28303
28336
28376
28381
28395
28421
28435
28454
28462
28464
28498
28552
28571
28610
28613
28644
28673
28712
28740
28742
28745
28770
28792
28798
28807
28814
28815
28818
28881
28941
28967
28968
28980
29000
29011
29013
29031
29045
29176
29183
29192
29336
29337
29344
29390
29447
29525
29581
29625
29634
29637
29677
29712
29717
29745
29768
29820
29945
29958
29961
29988
29989
30211
30214
30232
30244
30266
30267
30299
30362
30392
30430
30433
30439
30505
30524
30597
30604
30605
30621
30642
30665
30706
30711
30727
30729
30741
30771
30813
30836
30839
30957
31095
31132
31160
31165
31199
31207
31229
31287
31308
31381
31405
31406
31432
31434
31440
31481
31492
31550
31556
31567
31574
31594
31614
31679
31680
31734
31768
31807
31815
31821
31874
31875
31883
31903
31910
31961
31963
31988
31991
32031
32064
32107
32130
32181
32188
32247
32294
32336
32370
32444
32453
32482
32508
32549
32556
32641
32651
32678
32686
32687
32690
32725
32745
32749
32772
32775
32779
32781
32847
32851
32912
32917
32951
33006
33075
33079
33098
33117
33178
33192
33194
33234
33240
33244
33257
33270
33275
33294
33297
33305
33322
33353
33432
33433
33504
33614
33626
33629
33678
33721
33723
33776
33781
33782
33813
33852
33856
33861
34021
34022
34028
34037
34055
34095
34096
34098
34149
34166
34186
34246
34248
34266
34282
34302
34308
34375
34387
34393
34427
34434
34456
34482
34496
34542
34561
34563
34597
34647
34681
34715
34722
34777
34805
34820
34837
34843
34851
34888
34928
34950
34962
34978
35014
35096
35104
35111
35133
35169
35201
35203
35249
35251
35269
35294
35337
35374
35379
35383
35488
35517
35527
35591
35610
35621
35622
35644
35646
35667
35687
35704
35789
35792
35815
35838
35862
35874
35882
35965
36014
36019
36038
36079
36094
36114
36121
36155
36180
36185
36206
36250
36252
36279
36322
36344
36345
36469
36476
36495
36546
36555
36603
36609
36633
36701
36710
36724
36737
36805
36809
36813
36875
36904
36909
36922
36956
36981
37002
37035
37062
37082
37100
37114
37139
37152
37179
37227
37238
37258
37261
37295
37300
37305
37322
37332
37339
37367
37368
37375
37462
37494
37496
37506
37574
37604
37657
37689
37704
37768
37795
37835
37858
37861
37904
37948
37995
38006
38040
38075
38083
38112
38160
38161
38164
38180
38225
38228
38238
38249
38253
38255
38257
38287
38304
38339
38345
38380
38413
38417
38422
38467
38547
38561
38571
38594
38611
38662
38664
38669
38670
38758
38769
38798
38865
38867
38897
38914
38944
38997
39004
39031
39277
39315
39336
39337
39415
39443
39450
39477
39507
39508
39546
39609
39677
39739
39765
39767
39778
39787
39836
39940
39977
39990
-1
