3
31
60
87
112
181
237
263
278
283
308
310
360
365
366
398
408
471
510
519
540
558
563
565
582
601
605
607
619
625
637
656
681
710
757
812
977
1095
1112
1131
1215
1225
1256
1284
1293
1299
1305
1309
1332
1387
1463
1470
1518
1553
1606
1616
1623
1639
1662
1795
1832
1920
1962
1967
1982
2001
2002
2003
2057
2089
2151
2165
2197
2206
2216
2250
2258
2293
2347
2373
2392
2404
2416
2491
2519
2533
2536
2549
2558
2564
2566
2585
2591
2595
2626
2654
2714
2797
2822
2906
2909
2914
2927
2939
3032
3035
3065
3142
3158
3267
3305
3312
3331
3363
3398
3434
3516
3517
3558
3575
3650
3680
3691
3703
3704
3723
3732
3774
3793
3829
3843
3847
3868
3869
3870
3879
3890
3892
3955
4022
4024
4053
4135
4144
4187
4230
4281
4296
4329
4362
4436
4448
4470
4523
4528
4552
4560
4569
4626
4630
4648
4655
4663
4692
4708
4719
4792
4867
4868
4871
4887
4918
4927
4929
4932
4950
4986
5006
5085
5131
5220
5300
5310
5316
5358
5373
5378
5414
5436
5437
5441
5448
5495
5537
5538
5564
5579
5581
5583
5611
5623
5642
5659
5661
5682
5724
5731
5756
5923
5932
5964
5978
5994
6005
6062
6109
6115
6174
6202
6257
6308
6322
6332
6345
6350
6390
6405
6451
6494
6542
6577
6589
6623
6625
6705
6726
6811
6824
6841
6901
6925
6933
6962
6969
6981
7020
7030
7071
7078
7086
7136
7140
7199
7219
7225
7244
7265
7293
7303
7382
7391
7405
7406
7427
7431
7437
7470
7479
7518
7574
7623
7626
7641
7647
7720
7728
7765
7766
7776
7789
7793
7797
7849
7852
7861
7867
7920
7925
7948
7950
7979
8003
8036
8045
8075
8086
8088
8119
8144
8270
8275
8297
8319
8348
8390
8420
8545
8551
8570
8614
8636
8642
8658
8670
8681
8683
8693
8697
8703
8708
8718
8787
8797
8832
8848
8860
8863
8864
8922
8946
8949
8988
9012
9066
9069
9085
9266
9336
9342
9343
9397
9418
9474
9493
9501
9509
9522
9530
9548
9572
9633
9646
9651
9711
9726
9734
9756
9758
9768
9788
9791
9802
9835
9877
9910
9919
9938
9951
9983
10053
10066
10081
10086
10116
10132
10133
10180
10205
10238
10257
10265
10270
10302
10320
10327
10343
10360
10381
10440
10467
10478
10497
10498
10503
10515
10540
10548
10553
10555
10584
10627
10674
10688
10735
10752
10773
10803
10842
10845
10872
10893
10908
10918
10934
10959
10961
11027
11051
11067
11140
11226
11240
11262
11266
11279
11301
11352
11371
11385
11416
11472
11550
11561
11621
11635
11719
11776
11777
11794
11802
11809
11816
11874
11886
11896
11910
11951
11972
11984
12031
12081
12127
12139
12144
12180
12265
12274
12296
12307
12317
12321
12327
12359
12399
12444
12445
12467
12478
12604
12640
12704
12754
12792
12891
12915
12933
12944
12961
12965
12976
12986
13034
13041
13056
13064
13067
13071
13080
13124
13136
13156
13169
13187
13265
13334
13357
13376
13397
13414
13436
13467
13473
13480
13494
13531
13586
13621
13647
13654
13656
13721
13723
13732
13765
13814
13929
13940
13941
13952
13961
14003
14045
14097
14101
14120
14125
14169
14182
14200
14323
14346
14354
14368
14414
14422
14423
14436
14485
14494
14496
14504
14505
14526
14590
14603
14634
14642
14647
14675
14697
14701
14738
14751
14762
14823
14832
14944
14963
14992
15009
15010
15038
15053
15114
15121
15127
15184
15202
15240
15263
15265
15282
15296
15327
15419
15422
15438
15445
15505
15507
15519
15521
15540
15559
15605
15649
15669
15752
15767
15838
15858
15871
15911
15964
15972
16009
16028
16064
16072
16125
16136
16146
16180
16202
16216
16242
16296
16298
16322
16355
16413
16415
16434
16437
16512
16515
16530
16784
16795
16815
16827
16841
16966
17026
17043
17053
17164
17176
17204
17222
17242
17329
17378
17383
17393
17402
17407
17409
17416
17459
17461
17465
17491
17506
17532
17572
17642
17685
17691
17703
17772
17811
17822
17883
17931
18012
18017
18028
18036
18152
18179
18185
18194
18231
18236
18249
18271
18378
18401
18451
18501
18532
18549
18559
18698
18765
18774
18779
18800
18807
18873
18908
18918
18922
18984
19044
19095
19137
19214
19226
19255
19280
19295
19307
19329
19367
19380
19394
19404
19416
19424
19435
19437
19443
19467
19492
19510
19525
19544
19551
19592
19629
19673
19689
19691
19706
19716
19727
19748
19753
19782
19836
19842
19850
19858
19875
19890
19907
19965
19978
19983
20015
20032
20158
20184
20221
20228
20234
20235
20236
20242
20245
20261
20289
20295
20299
20300
20327
20346
20377
20379
20385
20391
20405
20458
20466
20493
20505
20536
20539
20616
20642
20646
20694
20696
20704
20720
20738
20743
20757
20787
20796
20807
20836
20884
20928
20975
20985
21068
21092
21115
21175
21200
21213
21231
21289
21310
21345
21412
21430
21460
21465
21472
21479
21526
21669
21686
21722
21729
21748
21785
21786
21800
21866
21883
21888
21912
21975
22012
22018
22033
22093
22133
22148
22156
22170
22180
22190
22192
22205
22286
22290
22311
22358
22371
22493
22501
22515
22584
22603
22617
22674
22711
22713
22722
22724
22742
22763
22791
22813
22849
22903
22992
23001
23029
23061
23073
23106
23130
23182
23190
23210
23275
23281
23288
23352
23382
23390
23398
23402
23484
23500
23546
23550
23591
23599
23606
23715
23811
23847
23852
23862
23900
23915
23944
23945
23954
23956
24032
24033
24145
24158
24198
24216
24263
24335
24399
24424
24432
24446
24487
24528
24566
24568
24576
24582
24588
24597
24605
24622
24651
24679
24683
24713
24732
24748
24777
24785
24796
24803
24810
24882
24890
24908
24912
24919
24927
24970
25031
25032
25033
25132
25147
25170
25172
25232
25239
25306
25441
25460
25513
25540
25597
25608
25612
25622
25623
25650
25690
25705
25708
25742
25773
25788
25794
25828
25867
25893
25918
25930
25939
25963
25981
26025
26052
26083
26170
26171
26183
26207
26222
26223
26226
26232
26235
26236
26271
26280
26281
26324
26342
26349
26412
26431
26441
26443
26473
26482
26546
26560
26566
26579
26613
26659
26682
26707
26796
26833
26840
26869
26886
26939
26958
26978
26988
26993
27009
27024
27068
27074
27100
27123
27153
27175
27176
27210
27222
27226
27248
27264
27291
27310
27341
27400
27407
27419
27434
27446
27447
27470
27510
27557
27558
27598
27629
27672
27677
27685
27706
27708
27714
27780
27798
27810
27842
27878
27917
27953
28008
28029
28040
28078
28084
28085
28148
28164
28168
28187
28223
28230
28240
28378
28417
28421
28431
28454
28462
28467
28520
28525
28593
28601
28608
28613
28627
28633
28664
28691
28692
28706
28714
28769
28783
28855
28948
28982
28993
28998
29001
29015
29027
29057
29070
29071
29087
29147
29148
29206
29254
29258
29273
29295
29316
29330
29341
29459
29464
29487
29495
29537
29546
29551
29552
29562
29567
29676
29691
29724
29764
29789
29818
29864
29917
29930
29964
30057
30069
30098
30108
30115
30118
30130
30159
30163
30166
30171
30182
30245
30264
30265
30341
30345
30353
30386
30391
30496
30561
30577
30664
30685
30742
30766
30790
30794
30836
30858
30870
30897
30917
31005
31017
31056
31068
31116
31121
31130
31253
31311
31349
31377
31403
31448
31477
31492
31494
31532
31539
31544
31547
31612
31654
31710
31714
31716
31737
31744
31771
31781
31796
31810
31855
31858
31892
31896
31902
31904
31942
31956
31967
31974
31990
31992
32035
32040
32057
32088
32166
32187
32210
32218
32250
32327
32400
32424
32457
32465
32474
32475
32561
32575
32591
32611
32614
32634
32676
32742
32761
32762
32779
32862
32868
32934
32965
32986
32992
33058
33123
33127
33161
33162
33170
33199
33204
33207
33219
33272
33333
33336
33356
33391
33440
33479
33522
33534
33562
33574
33617
33700
33721
33723
33768
33769
33817
33868
33909
33913
33918
33953
34003
34010
34012
34044
34062
34071
34097
34213
34224
34278
34281
34320
34337
34359
34361
34373
34442
34455
34465
34503
34523
34546
34561
34580
34587
34655
34680
34688
34691
34699
34747
34762
34800
34841
34856
34877
34882
34902
34904
34910
34921
34928
34961
34978
35011
35014
35025
35038
35065
35108
35173
35191
35196
35245
35265
35276
35297
35299
35302
35340
35343
35352
35402
35421
35423
35426
35488
35520
35529
35569
35591
35594
35599
35606
35632
35773
35783
35793
35807
35836
35865
35893
35897
35902
36007
36031
36050
36097
36110
36127
36142
36145
36154
36205
36208
36209
36239
36254
36260
36289
36309
36320
36322
36334
36351
36367
36372
36382
36400
36424
36462
36469
36540
36553
36616
36638
36644
36698
36724
36726
36747
36754
36774
36809
36843
36927
36988
37052
37080
37185
37186
37262
37275
37316
37347
37365
37405
37415
37429
37439
37459
37477
37495
37506
37517
37521
37596
37613
37726
37727
37746
37767
37782
37784
37799
37802
37810
37851
37860
37877
37908
37929
37932
38019
38032
38075
38121
38172
38206
38248
38316
38336
38354
38416
38418
38443
38470
38477
38519
38528
38531
38534
38535
38539
38560
38567
38581
38610
38633
38643
38667
38682
38688
38701
38739
38794
38826
38827
38835
38850
38902
38906
38913
38921
38937
38940
38942
39014
39101
39102
39186
39199
39220
39235
39239
39255
39256
39275
39352
39381
39389
39396
39400
39409
39438
39441
39445
39458
39582
39585
39588
39596
39601
39707
39725
39731
39770
39824
39843
39899
39939
39983
-1
