8
35
71
73
124
195
209
217
225
271
287
303
384
469
520
533
568
586
600
625
643
644
695
700
718
740
800
813
855
857
875
882
889
910
951
952
967
1021
1024
1042
1076
1078
1104
1123
1182
1224
1313
1330
1332
1395
1396
1423
1459
1498
1549
1580
1615
1618
1634
1640
1660
1695
1706
1727
1747
1749
1751
1780
1828
1833
1872
1922
1939
1997
2015
2039
2041
2049
2058
2066
2160
2175
2252
2310
2323
2324
2333
2356
2424
2461
2473
2515
2537
2560
2601
2615
2628
2648
2663
2671
2715
2730
2755
2767
2925
2926
2938
2953
2960
2993
3031
3040
3042
3058
3059
3077
3100
3105
3113
3146
3155
3175
3184
3216
3224
3225
3228
3255
3322
3332
3360
3375
3385
3401
3413
3420
3486
3504
3532
3550
3564
3649
3692
3707
3720
3757
3768
3803
3806
3808
3820
3822
3829
3838
3856
3868
3892
3948
3978
3979
3986
3987
4014
4021
4022
4045
4082
4099
4101
4131
4159
4170
4209
4268
4290
4299
4311
4312
4342
4362
4394
4418
4427
4431
4437
4457
4484
4506
4513
4544
4592
4601
4615
4655
4732
4738
4764
4807
4926
4945
4990
5041
5062
5120
5147
5159
5173
5176
5253
5294
5347
5351
5415
5426
5427
5483
5493
5517
5538
5609
5708
5781
5785
5817
5845
5896
5901
5941
5960
5964
5997
6040
6053
6116
6121
6139
6150
6177
6178
6206
6211
6233
6238
6254
6279
6284
6294
6349
6351
6361
6407
6413
6429
6444
6448
6457
6486
6520
6522
6538
6545
6546
6570
6606
6628
6684
6689
6692
6711
6725
6751
6763
6766
6775
6866
6867
6906
6918
6925
6931
6956
6959
6991
7022
7052
7073
7096
7168
7176
7207
7251
7263
7277
7285
7313
7333
7381
7392
7475
7480
7536
7559
7630
7631
7653
7666
7688
7694
7730
7752
7763
7782
7821
7844
7853
7857
7885
7892
7925
7937
8018
8019
8027
8042
8046
8048
8057
8065
8066
8069
8075
8082
8092
8093
8107
8124
8171
8174
8242
8259
8267
8291
8316
8335
8344
8351
8368
8402
8485
8530
8586
8593
8603
8611
8622
8727
8763
8830
8838
8900
8923
8950
8965
9025
9057
9141
9213
9223
9244
9275
9324
9347
9359
9385
9387
9400
9444
9523
9532
9540
9550
9551
9571
9593
9618
9806
9830
9846
9847
9865
9871
9878
9880
9922
9923
9936
9938
9974
9994
10012
10015
10023
10068
10078
10214
10233
10258
10316
10328
10336
10343
10347
10384
10396
10441
10443
10493
10510
10610
10657
10660
10765
10788
10826
10860
10884
10904
10949
10986
10987
11001
11002
11032
11033
11123
11130
11163
11178
11240
11272
11295
11322
11334
11357
11425
11446
11507
11549
11566
11586
11601
11615
11622
11629
11657
11667
11670
11703
11706
11726
11729
11738
11772
11784
11799
11852
11859
11869
11888
11969
11981
11991
11994
12021
12033
12037
12057
12066
12092
12145
12158
12204
12216
12242
12283
12304
12348
12458
12466
12468
12487
12491
12516
12518
12523
12538
12543
12602
12619
12620
12624
12625
12645
12663
12707
12719
12727
12739
12747
12751
12764
12765
12774
12777
12788
12792
12798
12814
12839
12870
12876
12930
12939
12954
13000
13012
13017
13022
13071
13074
13104
13112
13137
13139
13150
13166
13180
13252
13265
13291
13345
13360
13534
13546
13598
13602
13660
13666
13672
13679
13718
13730
13752
13786
13795
13844
13878
13899
13913
13925
13930
13964
13973
13992
14034
14046
14047
14091
14097
14105
14129
14133
14163
14197
14231
14335
14338
14346
14362
14369
14392
14445
14563
14592
14600
14659
14704
14712
14716
14727
14732
14752
14783
14784
14843
14859
14873
14881
14890
14895
14971
15004
15017
15039
15057
15079
15108
15117
15146
15179
15222
15264
15280
15287
15320
15361
15369
15381
15429
15491
15510
15512
15531
15541
15555
15566
15600
15628
15641
15677
15682
15697
15705
15734
15783
15811
15824
15835
15838
15969
15984
15991
16013
16025
16043
16113
16124
16150
16259
16288
16309
16331
16335
16357
16361
16371
16376
16379
16384
16389
16399
16480
16491
16494
16505
16540
16556
16585
16593
16612
16640
16645
16646
16654
16662
16672
16694
16712
16722
16773
16781
16795
16803
16841
16883
16885
16894
16928
16938
17000
17004
17046
17063
17081
17092
17112
17133
17135
17142
17170
17171
17241
17262
17277
17279
17289
17330
17335
17341
17363
17381
17424
17443
17473
17551
17608
17610
17684
17717
17749
17752
17753
17777
17799
17834
17838
17880
17908
17916
17946
17950
17970
18007
18116
18117
18123
18145
18184
18195
18198
18223
18236
18242
18255
18268
18271
18284
18342
18391
18398
18439
18468
18472
18476
18485
18499
18518
18561
18585
18681
18684
18688
18754
18761
18777
18780
18823
18832
18840
19037
19052
19082
19088
19134
19138
19149
19172
19178
19216
19235
19240
19310
19454
19494
19524
19570
19577
19594
19626
19632
19636
19700
19710
19738
19806
19876
19893
19904
19908
19943
19978
19984
20136
20204
20270
20272
20291
20371
20445
20477
20484
20513
20521
20545
20558
20559
20586
20656
20683
20686
20707
20720
20748
20770
20786
20833
20865
20882
20894
20926
20944
20954
20957
20980
21001
21069
21073
21094
21166
21178
21192
21228
21249
21284
21332
21355
21383
21396
21422
21478
21480
21538
21575
21584
21746
21785
21818
21830
21914
21941
21953
22044
22135
22137
22154
22172
22186
22215
22252
22279
22286
22313
22354
22368
22380
22448
22495
22507
22574
22598
22614
22650
22652
22693
22716
22721
22729
22860
22865
22886
22906
22996
23016
23018
23023
23052
23080
23096
23100
23125
23143
23182
23218
23261
23299
23328
23345
23390
23405
23424
23435
23474
23501
23515
23516
23580
23581
23624
23635
23665
23816
23862
23867
23868
23870
23913
23918
23929
23987
24023
24043
24049
24089
24160
24162
24222
24256
24261
24290
24326
24384
24389
24436
24453
24472
24484
24490
24499
24510
24514
24556
24575
24594
24727
24752
24755
24764
24765
24822
24823
24880
24929
24934
24984
24990
25060
25096
25101
25148
25153
25164
25173
25217
25224
25286
25288
25293
25310
25422
25467
25628
25754
25760
25765
25826
25837
25848
25928
25985
25994
26030
26037
26065
26071
26103
26149
26152
26204
26267
26295
26308
26326
26352
26355
26385
26399
26406
26423
26437
26491
26494
26586
26622
26631
26663
26695
26739
26774
26783
26850
26943
26986
27001
27056
27072
27076
27119
27146
27157
27177
27179
27213
27215
27226
27247
27285
27288
27319
27334
27335
27365
27393
27406
27469
27470
27496
27536
27543
27551
27573
27631
27633
27659
27673
27675
27687
27731
27734
27765
27854
27883
27892
27923
27938
27986
28004
28006
28035
28110
28187
28223
28233
28248
28275
28317
28344
28378
28383
28473
28539
28551
28595
28604
28632
28634
28635
28642
28652
28675
28698
28741
28742
28748
28760
28764
28778
28835
28848
28912
28926
28934
28957
28975
28996
29018
29043
29065
29068
29091
29118
29221
29261
29309
29313
29373
29382
29388
29395
29405
29428
29481
29482
29522
29564
29603
29606
29672
29699
29743
29752
29809
29867
29909
29912
29937
29956
29963
29967
29998
30004
30007
30014
30024
30034
30048
30082
30084
30158
30171
30173
30209
30221
30271
30281
30370
30395
30467
30472
30536
30538
30571
30598
30660
30678
30705
30742
30745
30779
30781
30838
30839
30851
30906
30916
30968
31021
31045
31067
31073
31089
31099
31101
31198
31239
31262
31273
31302
31307
31329
31340
31379
31384
31451
31459
31474
31488
31507
31539
31548
31580
31706
31715
31752
31759
31775
31786
31849
31907
31926
31983
32004
32019
32022
32069
32099
32141
32208
32252
32253
32272
32304
32319
32335
32351
32355
32379
32399
32486
32564
32604
32624
32632
32639
32648
32653
32663
32665
32705
32721
32751
32754
32778
32799
32838
32865
32953
32971
32974
33004
33061
33157
33160
33185
33279
33379
33382
33388
33394
33404
33411
33460
33470
33483
33493
33528
33545
33557
33575
33629
33646
33651
33655
33743
33747
33772
33831
33853
33892
33893
33896
33897
33900
33910
33920
33952
33958
33998
34024
34046
34064
34087
34137
34149
34179
34180
34183
34189
34241
34271
34292
34320
34404
34411
34423
34440
34465
34476
34515
34531
34571
34692
34725
34726
34789
34796
34798
34809
34813
34824
34868
34904
34915
34986
35036
35039
35098
35102
35304
35318
35341
35379
35386
35390
35477
35515
35521
35531
35554
35555
35642
35646
35661
35706
35724
35745
35771
35809
35830
35833
35860
35877
35907
35919
35922
35927
35939
35946
35966
35984
36028
36030
36031
36032
36033
36039
36071
36076
36188
36266
36269
36307
36310
36323
36340
36358
36360
36395
36591
36627
36656
36702
36704
36750
36768
36787
36827
36853
36911
36915
36930
36941
36978
36997
37081
37086
37108
37114
37119
37122
37129
37134
37140
37178
37194
37204
37224
37233
37234
37242
37255
37266
37288
37334
37347
37363
37444
37477
37495
37521
37525
37528
37558
37612
37613
37619
37690
37692
37717
37745
37776
37823
37828
37912
37915
37955
38025
38035
38037
38055
38130
38146
38153
38160
38175
38204
38232
38267
38304
38344
38398
38537
38545
38551
38563
38568
38569
38602
38641
38655
38662
38692
38701
38729
38858
38865
38875
38909
38916
38925
38999
39017
39088
39145
39149
39177
39203
39245
39342
39420
39439
39515
39525
39572
39595
39650
39659
39677
39690
39745
39774
39811
39819
39821
39825
39847
39851
39884
39904
39907
39920
-1
