3
12
20
99
112
143
150
177
232
248
276
298
318
334
337
359
363
411
432
433
453
501
512
523
590
718
729
737
763
769
772
816
824
859
932
955
963
1030
1066
1075
1089
1092
1119
1154
1185
1212
1231
1257
1352
1367
1396
1448
1483
1493
1529
1551
1565
1573
1617
1638
1641
1649
1671
1677
1702
1709
1717
1726
1742
1750
1764
1777
1917
1925
1973
1980
2020
2027
2074
2079
2081
2088
2089
2146
2199
2226
2324
2326
2349
2351
2444
2482
2489
2538
2578
2598
2599
2633
2638
2651
2676
2689
2712
2761
2799
2815
2833
2847
2862
2876
2877
2893
2895
2941
2983
3045
3051
3052
3071
3110
3121
3123
3132
3157
3211
3224
3276
3306
3307
3309
3334
3347
3431
3448
3453
3469
3491
3513
3522
3553
3582
3598
3668
3678
3707
3711
3758
3764
3846
3855
3921
3945
3962
3966
4025
4062
4068
4083
4134
4148
4299
4314
4331
4332
4344
4358
4363
4412
4427
4442
4496
4533
4555
4558
4580
4588
4592
4593
4618
4669
4708
4711
4733
4753
4755
4780
4804
4882
4934
4966
5008
5061
5090
5110
5112
5116
5135
5176
5237
5259
5269
5302
5309
5389
5403
5423
5473
5519
5555
5616
5667
5704
5710
5725
5755
5792
5866
5987
6010
6029
6074
6151
6171
6172
6191
6194
6199
6246
6266
6279
6289
6297
6301
6326
6462
6511
6522
6559
6592
6595
6600
6630
6685
6692
6697
6736
6748
6749
6795
6830
6831
6833
6889
6906
6921
6923
6933
6938
6950
6951
7004
7016
7027
7050
7076
7119
7155
7178
7203
7210
7222
7229
7231
7235
7269
7288
7309
7364
7372
7380
7417
7503
7536
7564
7590
7648
7689
7696
7699
7712
7723
7725
7748
7792
7794
7801
7817
7829
7848
7892
7901
7908
7974
7995
8001
8014
8018
8055
8082
8102
8117
8169
8199
8224
8280
8307
8310
8363
8390
8421
8441
8468
8545
8552
8673
8680
8737
8745
8757
8830
8874
8884
8943
8966
8969
8984
9014
9021
9034
9070
9093
9096
9103
9118
9121
9133
9217
9259
9260
9268
9269
9276
9336
9344
9345
9406
9478
9583
9611
9641
9712
9717
9746
9816
9825
9830
9843
9868
9882
9963
9968
9992
9997
10001
10019
10022
10050
10055
10198
10210
10240
10259
10260
10336
10348
10350
10363
10366
10384
10389
10393
10489
10505
10515
10584
10593
10612
10646
10649
10678
10680
10683
10690
10698
10727
10744
10774
10852
10858
10869
10877
10882
10889
10947
10970
10975
10990
10993
11095
11175
11176
11315
11336
11344
11350
11359
11403
11423
11443
11480
11487
11489
11536
11571
11610
11625
11661
11702
11740
11776
11875
11920
11926
11966
11973
11978
11990
12010
12013
12019
12037
12147
12206
12209
12220
12234
12240
12255
12273
12302
12311
12314
12323
12339
12346
12350
12375
12381
12388
12392
12404
12414
12441
12460
12488
12499
12524
12605
12710
12784
12801
12809
12822
12869
12893
12929
12958
12970
12987
12994
13024
13025
13072
13086
13096
13116
13135
13140
13176
13182
13218
13246
13255
13276
13289
13357
13430
13444
13450
13462
13470
13475
13503
13523
13534
13698
13725
13737
13770
13790
13796
13819
13841
13886
13890
13899
13910
13941
13971
13973
14066
14090
14096
14099
14111
14175
14177
14193
14234
14259
14292
14293
14333
14349
14356
14382
14383
14392
14413
14441
14444
14451
14460
14469
14477
14496
14509
14537
14544
14548
14577
14579
14586
14705
14718
14769
14786
14792
14835
14838
14840
14846
14862
14873
14902
14905
14928
14969
15038
15112
15131
15134
15136
15179
15185
15191
15194
15221
15227
15257
15264
15301
15351
15363
15364
15391
15460
15479
15544
15546
15585
15588
15591
15600
15641
15663
15689
15693
15715
15751
15777
15818
15838
15854
15908
15930
15984
15999
16020
16022
16045
16099
16105
16151
16200
16203
16237
16260
16271
16322
16330
16345
16350
16421
16494
16501
16504
16509
16519
16537
16549
16577
16643
16701
16709
16730
16761
16776
16791
16808
16835
16886
17012
17040
17041
17082
17090
17112
17117
17174
17207
17219
17232
17246
17253
17321
17342
17350
17371
17373
17406
17418
17460
17468
17493
17558
17580
17615
17660
17694
17733
17780
17791
17823
17868
17869
17945
17965
17966
18015
18081
18138
18150
18165
18177
18229
18257
18258
18301
18324
18340
18347
18355
18383
18400
18428
18458
18528
18530
18584
18648
18671
18677
18686
18690
18706
18716
18752
18762
18774
18779
18807
18819
18839
18854
18855
18877
18893
18952
18979
19033
19044
19048
19049
19064
19156
19202
19216
19261
19346
19377
19447
19450
19452
19485
19576
19578
19590
19597
19606
19610
19670
19786
19806
19829
19841
19846
19907
19992
20017
20030
20037
20086
20114
20124
20165
20168
20173
20197
20235
20256
20273
20302
20310
20334
20357
20426
20489
20490
20517
20556
20568
20574
20635
20711
20722
20731
20746
20749
20761
20922
20930
20972
20987
21035
21036
21058
21129
21130
21132
21142
21148
21153
21159
21176
21182
21187
21245
21291
21298
21305
21316
21322
21324
21342
21369
21462
21580
21595
21622
21631
21646
21647
21706
21772
21792
21837
21866
21931
21971
22003
22007
22030
22061
22093
22122
22128
22131
22133
22146
22150
22163
22172
22234
22235
22247
22254
22296
22311
22342
22364
22368
22385
22397
22423
22446
22454
22524
22550
22574
22578
22613
22640
22648
22699
22741
22746
22750
22783
22786
22935
22938
23027
23034
23049
23103
23118
23127
23150
23162
23200
23242
23275
23314
23498
23507
23536
23646
23650
23662
23663
23732
23803
23820
23831
23861
23887
23896
23898
23977
23995
24043
24044
24054
24099
24102
24119
24122
24147
24158
24215
24238
24249
24253
24258
24273
24289
24291
24325
24358
24360
24406
24428
24479
24495
24525
24541
24600
24603
24625
24655
24680
24695
24699
24718
24735
24791
24809
24813
24853
24891
24902
24976
24981
24990
24997
25048
25058
25062
25072
25080
25086
25101
25108
25130
25139
25141
25143
25200
25243
25246
25259
25272
25277
25290
25304
25378
25392
25399
25427
25492
25500
25551
25629
25669
25675
25676
25688
25698
25711
25806
25830
25832
25879
25913
25925
25965
25976
26046
26057
26080
26161
26206
26213
26219
26263
26287
26306
26317
26323
26435
26455
26461
26474
26488
26518
26543
26577
26592
26611
26628
26673
26681
26685
26688
26720
26741
26808
26821
26826
26859
26924
26961
26974
26995
27029
27083
27093
27106
27113
27124
27132
27134
27143
27146
27147
27192
27198
27237
27254
27332
27343
27467
27477
27489
27506
27511
27516
27557
27560
27567
27577
27600
27620
27654
27675
27678
27717
27726
27735
27772
27801
27821
27825
27858
27877
27881
27953
28037
28118
28145
28186
28204
28215
28275
28325
28347
28395
28453
28479
28524
28531
28601
28631
28634
28635
28648
28653
28678
28683
28722
28723
28767
28776
28803
28814
28853
28863
28874
28962
28965
28977
28978
29014
29027
29078
29086
29117
29120
29234
29280
29319
29353
29363
29401
29440
29462
29558
29582
29590
29599
29659
29736
29786
29818
29861
29871
29935
30041
30064
30073
30084
30121
30251
30266
30274
30299
30302
30317
30392
30395
30417
30418
30430
30456
30462
30465
30478
30554
30573
30576
30595
30611
30685
30691
30693
30710
30772
30784
30787
30820
30866
30935
30953
30981
30986
31017
31041
31179
31257
31299
31341
31349
31386
31395
31437
31443
31451
31453
31456
31472
31508
31534
31557
31562
31564
31612
31659
31664
31671
31675
31690
31693
31694
31696
31710
31712
31734
31756
31770
31869
31916
31917
31931
31932
31933
31937
31971
31987
32099
32158
32163
32197
32245
32306
32314
32398
32404
32405
32411
32457
32469
32517
32526
32573
32579
32626
32663
32688
32695
32713
32735
32761
32774
32816
32863
32865
32900
32920
32964
32977
32979
32984
32986
32999
33018
33065
33070
33076
33137
33158
33160
33165
33194
33227
33275
33303
33323
33339
33342
33392
33407
33518
33555
33563
33565
33609
33619
33630
33678
33694
33700
33704
33707
33736
33796
33818
33908
33973
33991
34024
34120
34125
34147
34229
34268
34291
34301
34340
34384
34395
34418
34454
34498
34509
34534
34580
34586
34604
34612
34639
34646
34653
34751
34767
34781
34841
34892
34907
34916
34957
34961
35007
35012
35035
35036
35042
35052
35089
35118
35121
35139
35211
35220
35236
35369
35423
35447
35491
35531
35556
35590
35610
35660
35705
35727
35747
35748
35769
35781
35784
35803
35810
35815
35847
35850
35856
35873
35882
35922
35962
35963
35991
36018
36021
36036
36057
36097
36179
36248
36280
36333
36343
36347
36352
36364
36372
36416
36472
36488
36611
36642
36661
36688
36718
36764
36768
36790
36813
36814
36815
36828
36899
36906
36922
36924
36961
36976
36997
37026
37051
37059
37063
37092
37104
37132
37141
37153
37184
37202
37236
37276
37333
37356
37358
37364
37513
37536
37544
37554
37593
37659
37674
37679
37697
37808
37839
37855
37888
37889
37911
37966
38021
38046
38050
38052
38065
38133
38212
38220
38227
38252
38273
38281
38324
38326
38371
38379
38403
38430
38460
38483
38513
38515
38528
38535
38538
38543
38554
38641
38684
38706
38721
38729
38740
38742
38753
38756
38796
38811
38882
38924
38954
38957
39023
39056
39087
39153
39230
39250
39265
39292
39306
39389
39459
39488
39553
39577
39595
39608
39611
39625
39656
39675
39709
39717
39739
39757
39819
39820
39823
39830
39854
39862
39887
39889
39896
39919
39969
39996
-1
