19
82
93
138
145
172
185
237
255
304
341
367
429
441
465
468
479
500
501
534
592
599
607
653
736
764
801
813
857
932
987
1033
1089
1119
1203
1249
1282
1291
1329
1383
1411
1435
1563
1585
1592
1616
1656
1713
1717
1831
1834
1836
1855
1857
1859
1862
1892
1996
1998
2037
2039
2062
2089
2099
2103
2104
2108
2186
2191
2210
2234
2249
2251
2262
2287
2304
2334
2351
2364
2413
2418
2457
2490
2497
2503
2509
2549
2588
2649
2668
2680
2683
2690
2711
2722
2806
2824
2843
2850
2886
2888
2916
2930
2947
2989
3059
3090
3099
3125
3185
3189
3194
3199
3271
3292
3311
3317
3320
3334
3347
3351
3357
3398
3438
3440
3461
3465
3516
3562
3579
3596
3638
3651
3725
3739
3754
3768
3790
3862
3877
3902
3911
3926
3939
3981
4010
4032
4045
4049
4070
4140
4217
4243
4256
4271
4293
4380
4385
4387
4391
4397
4418
4427
4485
4486
4658
4673
4684
4695
4731
4734
4741
4747
4810
4837
4838
4850
4865
4918
4977
4988
5022
5025
5068
5084
5115
5135
5138
5251
5335
5356
5368
5391
5397
5409
5430
5453
5527
5550
5554
5562
5583
5594
5624
5647
5677
5692
5710
5776
5796
5808
5809
5817
5834
5859
5869
5904
5922
5927
5936
5944
5969
6016
6063
6070
6090
6115
6148
6215
6298
6299
6351
6382
6392
6396
6405
6419
6505
6576
6606
6674
6693
6695
6696
6698
6700
6733
6744
6754
6793
6796
6868
6908
6969
6984
6988
7033
7052
7057
7082
7105
7160
7165
7169
7178
7209
7231
7239
7248
7252
7297
7346
7386
7393
7412
7482
7524
7551
7573
7611
7672
7675
7683
7717
7730
7749
7787
7792
7797
7820
7829
7911
7961
7988
8236
8271
8272
8286
8288
8322
8355
8357
8459
8473
8528
8534
8540
8633
8648
8650
8666
8718
8774
8812
8813
8865
8887
8903
9000
9023
9085
9133
9143
9162
9180
9211
9222
9225
9245
9291
9297
9448
9508
9512
9630
9639
9649
9656
9666
9684
9726
9728
9730
9739
9758
9768
9814
9819
9871
9890
9897
9906
9934
9994
10001
10014
10019
10055
10083
10110
10123
10148
10157
10164
10186
10195
10233
10239
10256
10265
10277
10310
10377
10407
10422
10488
10502
10542
10588
10605
10653
10678
10692
10718
10720
10723
10726
10733
10740
10765
10822
10833
10862
10945
10963
11027
11029
11081
11118
11125
11149
11175
11195
11198
11208
11214
11247
11265
11283
11288
11308
11338
11346
11381
11388
11391
11404
11424
11537
11713
11767
11782
11792
11804
11814
11848
11857
11859
11991
11992
12041
12089
12094
12119
12128
12152
12168
12181
12193
12215
12223
12276
12301
12305
12347
12365
12388
12411
12437
12447
12451
12523
12524
12538
12554
12635
12661
12700
12807
12816
12874
12883
12943
13034
13036
13046
13066
13083
13087
13189
13248
13249
13265
13298
13321
13348
13409
13422
13459
13507
13509
13516
13551
13559
13644
13673
13698
13720
13722
13779
13810
13872
13949
13968
13998
14042
14085
14105
14121
14148
14178
14181
14189
14192
14205
14220
14331
14333
14337
14379
14405
14413
14425
14439
14484
14497
14514
14516
14536
14560
14657
14681
14696
14699
14724
14827
14872
14884
14902
14934
14956
14959
14974
14976
15028
15060
15091
15112
15151
15152
15155
15195
15206
15217
15221
15251
15261
15265
15266
15286
15291
15326
15334
15339
15383
15427
15436
15451
15471
15482
15488
15537
15560
15569
15652
15664
15757
15765
15792
15817
15829
15832
15837
15840
15873
15895
15914
15917
15941
15959
15995
15996
16008
16035
16061
16062
16138
16150
16153
16174
16186
16205
16225
16242
16256
16284
16309
16312
16336
16364
16378
16394
16418
16439
16498
16503
16535
16542
16548
16549
16564
16678
16730
16762
16766
16790
16803
16977
16978
17056
17095
17109
17122
17124
17132
17143
17148
17221
17236
17245
17252
17260
17264
17288
17315
17396
17424
17426
17444
17472
17525
17536
17579
17632
17651
17683
17723
17741
17748
17759
17773
17775
17779
17828
17904
17931
17944
17950
17965
18031
18042
18052
18086
18118
18186
18192
18225
18277
18301
18339
18344
18345
18354
18437
18471
18475
18476
18490
18519
18572
18608
18675
18704
18715
18729
18749
18784
18785
18795
18808
18827
18848
18862
18893
18924
18941
18977
19007
19014
19031
19045
19078
19093
19107
19114
19118
19123
19124
19145
19191
19195
19223
19226
19252
19331
19429
19472
19477
19482
19497
19499
19505
19573
19592
19614
19666
19673
19683
19742
19769
19790
19804
19833
19874
19895
19912
19913
19936
19947
19952
19962
19975
19992
20044
20114
20121
20215
20232
20234
20237
20256
20261
20273
20385
20398
20420
20421
20426
20462
20468
20496
20515
20552
20557
20620
20622
20657
20666
20667
20718
20726
20730
20736
20763
20819
20823
20879
20928
20940
20959
20969
20972
20974
20992
20995
21018
21024
21065
21073
21205
21225
21279
21285
21287
21307
21333
21353
21356
21391
21393
21395
21431
21500
21504
21508
21530
21540
21553
21631
21641
21654
21665
21674
21688
21748
21784
21793
21795
21796
21809
21834
21854
21868
21909
21964
21981
22018
22020
22033
22045
22059
22061
22084
22088
22097
22104
22107
22115
22117
22206
22223
22269
22275
22289
22313
22328
22343
22345
22346
22363
22434
22436
22443
22519
22561
22638
22680
22703
22708
22712
22731
22733
22751
22769
22789
22803
22817
22842
22845
22859
22924
22938
22952
22962
23019
23077
23085
23089
23100
23129
23178
23194
23240
23253
23273
23278
23322
23353
23391
23392
23398
23441
23461
23484
23513
23583
23615
23618
23622
23634
23643
23679
23689
23692
23731
23741
23754
23822
23823
23854
23860
23877
23903
23931
23967
23976
24053
24073
24146
24150
24156
24175
24189
24206
24223
24228
24235
24246
24264
24281
24290
24303
24326
24334
24360
24365
24399
24542
24546
24548
24598
24654
24679
24795
24835
24881
24905
24913
25013
25028
25051
25135
25162
25179
25182
25189
25243
25283
25333
25354
25406
25414
25464
25478
25612
25624
25691
25695
25747
25780
25805
25822
25837
25857
25873
25899
25919
25958
25987
26016
26030
26049
26160
26188
26202
26249
26257
26258
26273
26381
26382
26396
26403
26406
26424
26435
26492
26520
26540
26559
26583
26585
26636
26655
26698
26699
26730
26766
26767
26769
26799
26858
26872
26891
26906
26935
26937
26942
26993
26996
27015
27043
27060
27088
27171
27213
27250
27275
27286
27306
27315
27318
27326
27330
27348
27367
27401
27415
27420
27458
27481
27514
27532
27658
27699
27725
27748
27778
27782
27795
27812
27813
27821
27822
27826
27846
27860
27882
27888
27897
27918
27926
27997
28018
28054
28109
28110
28123
28185
28203
28207
28236
28243
28297
28314
28380
28409
28439
28441
28450
28523
28560
28583
28628
28665
28705
28719
28742
28745
28835
28837
28919
28950
28977
29036
29053
29055
29074
29079
29143
29158
29214
29227
29242
29280
29300
29337
29340
29342
29383
29421
29463
29482
29495
29499
29530
29615
29672
29677
29731
29767
29789
29819
29826
29839
29928
30101
30104
30166
30188
30196
30226
30239
30243
30247
30255
30267
30336
30359
30444
30512
30529
30538
30578
30654
30655
30658
30697
30711
30744
30768
30838
30843
30856
30897
31009
31022
31049
31064
31072
31130
31141
31186
31188
31191
31212
31227
31236
31251
31305
31316
31328
31339
31340
31364
31466
31518
31541
31578
31604
31636
31758
31791
31792
31796
31807
31812
31813
31826
31863
31888
31896
31940
31945
32012
32015
32042
32045
32100
32124
32132
32142
32143
32168
32184
32218
32221
32255
32327
32332
32339
32343
32376
32384
32392
32422
32438
32442
32470
32497
32513
32527
32536
32547
32593
32617
32635
32658
32664
32704
32708
32713
32736
32753
32808
32818
32907
32923
32938
32948
32958
32999
33049
33053
33058
33117
33179
33202
33270
33307
33346
33402
33436
33444
33526
33543
33584
33614
33645
33674
33738
33761
33769
33773
33801
33807
33871
33900
33901
33943
33948
34058
34078
34083
34095
34104
34126
34188
34252
34286
34288
34328
34334
34336
34371
34386
34395
34408
34444
34445
34465
34515
34529
34549
34610
34635
34677
34733
34781
34819
34824
34827
34839
34843
34862
34864
34865
34948
34993
35100
35103
35110
35113
35139
35152
35200
35221
35228
35246
35250
35255
35276
35318
35354
35356
35373
35386
35512
35518
35520
35566
35569
35575
35603
35610
35634
35637
35670
35702
35742
35759
35781
35812
35870
35891
35925
35959
35960
35974
35978
35979
35982
36014
36058
36145
36161
36179
36186
36199
36226
36230
36272
36409
36411
36443
36453
36455
36471
36491
36498
36534
36550
36558
36566
36636
36677
36679
36708
36732
36743
36747
36836
36848
36855
36901
36915
36944
36991
37029
37037
37067
37082
37085
37087
37110
37132
37139
37172
37179
37197
37216
37222
37226
37227
37233
37240
37317
37330
37366
37388
37421
37444
37460
37466
37474
37513
37564
37565
37627
37719
37738
37774
37783
37852
37860
37906
37922
37932
37960
37963
37981
38007
38044
38100
38199
38203
38204
38206
38294
38318
38325
38351
38371
38414
38427
38434
38444
38457
38522
38539
38574
38660
38679
38711
38747
38750
38752
38755
38784
38837
38839
38844
38846
38847
38856
38890
38968
39004
39066
39069
39071
39087
39135
39157
39205
39211
39221
39264
39266
39347
39399
39428
39442
39488
39531
39547
39550
39651
39688
39699
39743
39756
39831
39892
39911
39914
39949
39956
39957
39991
-1
