0
21
36
38
72
108
116
148
164
209
215
262
274
295
336
345
349
390
443
455
485
525
531
541
542
549
550
580
608
615
642
671
672
699
709
738
757
773
779
794
855
861
883
890
957
971
984
1005
1022
1024
1039
1045
1046
1081
1108
1121
1136
1168
1189
1201
1224
1245
1251
1259
1263
1294
1302
1325
1359
1383
1493
1503
1532
1597
1614
1632
1636
1668
1767
1805
1843
1889
1916
1918
1935
2083
2157
2166
2175
2196
2232
2253
2255
2279
2360
2385
2396
2403
2404
2479
2482
2555
2605
2640
2652
2682
2727
2782
2794
2798
2799
2852
2887
2928
2935
2980
3076
3131
3140
3144
3147
3149
3175
3228
3244
3268
3315
3317
3379
3404
3426
3453
3466
3468
3475
3493
3522
3550
3620
3657
3722
3723
3728
3743
3756
3764
3859
3890
3969
4077
4078
4085
4121
4129
4250
4253
4300
4352
4358
4381
4395
4503
4519
4539
4581
4639
4641
4654
4665
4678
4712
4760
4783
4794
4879
4928
4932
4944
4949
4989
4990
4995
5010
5044
5094
5104
5149
5154
5181
5199
5319
5335
5363
5374
5430
5448
5473
5505
5579
5592
5593
5604
5610
5635
5669
5734
5758
5826
5864
5886
5935
5939
6004
6013
6019
6031
6113
6114
6116
6134
6156
6160
6214
6233
6251
6260
6285
6291
6324
6338
6358
6394
6399
6437
6463
6483
6511
6533
6559
6629
6635
6636
6666
6676
6687
6703
6721
6728
6750
6789
6794
6806
6842
6863
6879
6935
6993
7005
7031
7041
7078
7089
7129
7138
7145
7273
7274
7295
7324
7327
7383
7438
7441
7442
7462
7466
7471
7511
7517
7568
7620
7650
7670
7786
7793
7795
7877
7894
7906
7920
7922
7952
7956
7958
7968
8026
8043
8069
8125
8154
8179
8201
8231
8276
8280
8312
8336
8436
8490
8499
8520
8553
8554
8579
8657
8685
8699
8771
8791
8798
8850
8864
8866
8877
8889
8898
8919
8937
8960
8973
8995
9029
9073
9102
9104
9129
9205
9216
9290
9327
9343
9356
9367
9421
9441
9497
9521
9536
9577
9593
9600
9620
9677
9686
9692
9700
9706
9722
9834
9842
9853
9855
9861
9883
9938
10004
10007
10019
10030
10035
10070
10071
10100
10115
10142
10143
10171
10173
10207
10242
10254
10363
10365
10385
10403
10468
10475
10551
10605
10607
10611
10614
10638
10655
10744
10745
10760
10772
10777
10809
10825
10826
10865
10877
10888
10957
10972
10990
11023
11026
11063
11069
11086
11089
11108
11136
11147
11152
11288
11305
11341
11348
11390
11427
11456
11471
11525
11688
11698
11703
11771
11799
11806
11831
11854
11874
11926
11949
11971
11989
11994
12009
12034
12040
12043
12121
12157
12170
12233
12260
12295
12317
12330
12339
12400
12426
12438
12440
12448
12487
12500
12503
12514
12575
12611
12626
12634
12660
12661
12673
12746
12749
12750
12840
12853
12854
12892
12900
12916
12928
12936
12944
12953
12990
12996
12999
13029
13044
13103
13110
13120
13129
13141
13160
13168
13229
13236
13265
13268
13303
13319
13370
13413
13472
13491
13502
13507
13533
13540
13578
13653
13680
13713
13718
13737
13740
13746
13777
13798
13813
13852
13856
13878
13894
13946
13996
14035
14052
14101
14110
14120
14163
14183
14214
14247
14267
14277
14342
14351
14391
14488
14505
14574
14605
14626
14631
14657
14675
14702
14707
14725
14735
14788
14800
14803
14808
14851
14859
14876
14879
14905
14952
14954
15032
15088
15096
15105
15133
15149
15159
15196
15234
15243
15245
15260
15303
15321
15347
15349
15351
15355
15371
15394
15430
15433
15454
15464
15504
15580
15598
15608
15648
15662
15752
15783
15788
15790
15819
15823
15882
15892
15898
15961
15962
15969
15971
15973
15974
15993
16001
16022
16048
16059
16089
16100
16141
16165
16169
16176
16194
16200
16202
16234
16244
16277
16302
16304
16305
16335
16346
16351
16369
16385
16408
16423
16440
16468
16492
16519
16525
16535
16569
16586
16605
16626
16689
16696
16702
16710
16726
16782
16798
16868
16928
16965
16973
16977
17021
17028
17046
17069
17092
17103
17106
17111
17119
17141
17219
17283
17325
17369
17408
17427
17453
17478
17507
17516
17565
17574
17633
17692
17694
17696
17697
17704
17709
17714
17718
17820
17840
17859
17860
17878
17960
18004
18005
18026
18032
18045
18067
18079
18084
18085
18131
18172
18178
18190
18196
18197
18222
18268
18269
18283
18323
18328
18339
18341
18385
18398
18399
18440
18470
18485
18519
18526
18542
18576
18594
18596
18649
18653
18658
18667
18680
18694
18697
18734
18752
18753
18810
18865
18882
18919
19021
19051
19114
19116
19217
19237
19244
19280
19294
19311
19322
19328
19351
19371
19421
19431
19466
19474
19494
19508
19597
19622
19624
19635
19671
19684
19710
19729
19757
19779
19782
19783
19794
19797
19808
19828
19851
19886
19953
19966
19992
20031
20117
20128
20178
20195
20247
20252
20316
20326
20372
20483
20497
20519
20526
20548
20568
20667
20676
20689
20701
20727
20796
20824
20854
20945
20982
21103
21108
21134
21139
21176
21188
21235
21237
21239
21278
21364
21476
21477
21497
21533
21561
21591
21601
21613
21673
21727
21799
21801
21831
21845
21863
21955
21969
21976
21994
21996
21999
22016
22059
22092
22118
22123
22141
22183
22203
22230
22252
22254
22262
22276
22290
22298
22305
22324
22354
22362
22363
22392
22401
22404
22412
22413
22414
22490
22494
22523
22546
22613
22625
22641
22651
22703
22730
22741
22760
22762
22780
22847
22900
22909
22920
22944
22960
22983
22987
23019
23081
23098
23112
23115
23149
23283
23285
23321
23327
23334
23343
23369
23371
23393
23421
23440
23504
23541
23582
23625
23630
23689
23699
23728
23750
23753
23804
23855
23857
23889
23893
23903
23924
24074
24106
24116
24145
24148
24153
24168
24176
24185
24212
24239
24246
24265
24269
24283
24300
24306
24363
24393
24398
24440
24473
24475
24487
24507
24536
24563
24564
24589
24620
24650
24714
24719
24791
24803
24847
24914
24931
24947
24948
24953
24986
25086
25109
25122
25126
25154
25168
25169
25211
25228
25233
25251
25255
25284
25302
25314
25318
25364
25375
25419
25432
25433
25464
25470
25487
25530
25543
25546
25572
25618
25622
25625
25642
25665
25688
25710
25723
25738
25780
25823
25833
25851
25867
25881
25898
25949
25959
25969
25982
25993
26014
26027
26060
26082
26144
26193
26194
26254
26308
26311
26369
26371
26414
26458
26459
26464
26468
26471
26475
26520
26522
26528
26537
26640
26644
26663
26665
26703
26723
26796
26806
26812
26821
26831
26876
26912
26983
27109
27118
27127
27133
27158
27203
27217
27219
27245
27256
27316
27358
27364
27365
27367
27406
27415
27474
27491
27500
27561
27564
27688
27728
27788
27828
27877
27892
27929
27937
27987
27996
28010
28120
28137
28142
28145
28159
28240
28297
28298
28305
28340
28366
28381
28402
28421
28430
28434
28457
28464
28465
28514
28519
28546
28559
28585
28595
28627
28814
28827
28852
28856
28875
28878
28900
28963
28976
29025
29026
29043
29200
29222
29227
29234
29274
29307
29309
29320
29337
29339
29357
29374
29384
29419
29449
29473
29511
29523
29558
29573
29673
29700
29772
29853
30126
30309
30412
30467
30549
30561
30587
30664
30666
30690
30709
30723
30746
30755
30779
30784
30792
30805
30817
30852
30870
30887
30944
30974
30976
31047
31091
31133
31147
31171
31242
31283
31284
31307
31390
31423
31433
31435
31483
31505
31537
31560
31577
31590
31613
31657
31672
31702
31706
31726
31746
31768
31797
31820
31828
31863
31873
31888
31896
31917
31979
32019
32117
32181
32192
32195
32201
32301
32310
32346
32348
32373
32425
32487
32508
32551
32571
32596
32639
32640
32649
32673
32679
32686
32705
32739
32765
32770
32794
32808
32814
32827
32857
32859
32862
32878
32879
32883
32887
32894
32909
32915
32918
32923
32972
32989
33066
33124
33161
33168
33209
33252
33254
33267
33298
33301
33328
33379
33413
33423
33437
33486
33520
33538
33567
33570
33599
33661
33664
33666
33669
33745
33760
33763
33771
33792
33804
33820
33878
33896
33899
33915
33931
33942
33964
33977
34010
34029
34091
34121
34143
34218
34238
34259
34284
34356
34366
34413
34440
34459
34472
34483
34508
34512
34574
34576
34617
34624
34627
34668
34691
34758
34767
34770
34775
34789
34820
34824
34869
34906
34919
34925
34946
34948
35004
35053
35055
35058
35090
35110
35126
35138
35182
35194
35208
35241
35251
35258
35283
35285
35336
35338
35359
35440
35469
35600
35603
35648
35659
35670
35699
35745
35790
35829
35836
35909
35930
35959
35990
36036
36049
36060
36075
36102
36105
36119
36128
36153
36191
36194
36210
36256
36284
36316
36317
36320
36357
36363
36394
36409
36451
36473
36478
36553
36555
36584
36639
36642
36699
36769
36813
36859
36866
36890
36942
36947
36988
36991
37013
37036
37087
37114
37133
37138
37223
37271
37273
37302
37318
37338
37367
37385
37460
37487
37539
37587
37596
37605
37655
37710
37722
37741
37779
37793
37795
37812
37940
37959
37992
38021
38066
38111
38180
38196
38217
38242
38244
38250
38310
38355
38386
38393
38416
38459
38521
38522
38547
38551
38559
38589
38740
38758
38799
38807
38808
38865
38870
38885
38938
38991
38993
39003
39016
39094
39176
39222
39253
39262
39320
39368
39378
39407
39469
39475
39507
39566
39581
39590
39624
39659
39667
39703
39750
39755
39761
39771
39777
39779
39784
39807
39882
39915
39926
-1
