28
55
61
74
80
89
119
148
160
230
266
282
299
330
339
371
429
476
483
494
540
566
571
603
651
681
686
688
695
758
800
810
811
905
966
968
988
1004
1006
1036
1057
1074
1111
1137
1184
1192
1193
1202
1258
1282
1307
1319
1359
1369
1383
1458
1459
1480
1506
1543
1572
1639
1654
1680
1702
1704
1708
1733
1758
1816
1819
1858
1861
1867
1897
1908
1910
1931
1947
1979
2038
2039
2079
2100
2146
2187
2203
2246
2269
2272
2371
2372
2378
2385
2427
2462
2482
2540
2562
2578
2604
2614
2618
2637
2657
2664
2686
2687
2754
2761
2766
2772
2780
2782
2881
2917
2933
2934
2954
2978
3005
3020
3033
3092
3121
3145
3164
3199
3306
3367
3368
3372
3442
3451
3468
3497
3546
3560
3569
3601
3625
3635
3698
3715
3720
3728
3736
3757
3804
3836
3851
3852
3889
3896
3910
3918
3925
3929
3976
3982
4132
4143
4179
4270
4300
4302
4307
4317
4334
4364
4369
4380
4386
4417
4420
4427
4487
4515
4528
4552
4570
4585
4593
4605
4619
4642
4675
4690
4705
4713
4723
4742
4753
4758
4762
4792
4818
4859
4873
4892
4927
4964
4981
5027
5032
5121
5126
5136
5171
5201
5220
5225
5263
5271
5280
5322
5323
5327
5344
5357
5408
5427
5429
5467
5474
5489
5553
5618
5722
5737
5743
5748
5786
5793
5803
5826
5830
5836
5859
5881
5906
6011
6024
6036
6072
6083
6084
6129
6150
6169
6227
6256
6261
6319
6326
6341
6364
6412
6419
6461
6470
6535
6543
6568
6666
6685
6692
6697
6726
6752
6872
6899
6900
6966
6968
6980
6997
7011
7018
7027
7040
7074
7144
7151
7208
7209
7210
7240
7266
7301
7322
7357
7384
7391
7403
7427
7436
7487
7493
7501
7511
7517
7523
7527
7565
7587
7662
7684
7685
7785
7794
7839
7873
7909
7924
7933
7982
7983
8012
8023
8076
8080
8121
8143
8150
8154
8160
8165
8169
8202
8207
8270
8302
8327
8372
8376
8385
8386
8399
8426
8437
8485
8550
8571
8580
8591
8605
8616
8621
8629
8640
8657
8678
8696
8711
8749
8789
8838
8844
8847
8879
8936
8994
9004
9020
9058
9110
9119
9160
9172
9193
9222
9241
9341
9382
9409
9476
9559
9591
9620
9674
9677
9684
9692
9697
9725
9737
9792
9802
9807
9824
9839
9862
9869
9902
9904
9968
10037
10054
10081
10098
10122
10135
10152
10156
10245
10259
10321
10365
10381
10397
10420
10465
10470
10480
10525
10571
10609
10615
10637
10711
10726
10814
10847
10875
10889
10892
10912
10916
10930
10990
11052
11137
11193
11225
11229
11232
11258
11271
11280
11342
11351
11353
11388
11408
11430
11443
11448
11452
11468
11474
11581
11596
11637
11639
11694
11718
11735
11738
11798
11821
11833
11907
11985
11997
12071
12080
12106
12112
12145
12175
12177
12206
12241
12282
12290
12302
12327
12347
12357
12380
12383
12451
12576
12613
12648
12683
12704
12761
12793
12884
12921
12981
12989
12999
13015
13029
13092
13119
13157
13176
13188
13216
13238
13260
13290
13303
13373
13456
13464
13487
13489
13492
13516
13528
13555
13618
13625
13643
13705
13737
13741
13747
13757
13772
13774
13799
13854
13875
13911
13931
13993
14000
14010
14020
14021
14024
14060
14072
14081
14088
14101
14105
14185
14189
14203
14231
14246
14308
14337
14386
14405
14407
14461
14499
14551
14574
14595
14662
14682
14708
14719
14728
14739
14774
14785
14790
14818
14820
14834
14896
15008
15028
15043
15053
15067
15109
15112
15150
15193
15216
15254
15269
15282
15345
15396
15403
15405
15457
15461
15489
15493
15494
15507
15516
15520
15553
15566
15590
15618
15626
15683
15707
15711
15715
15757
15787
15876
15884
15904
15911
15930
15943
15962
15991
15993
16048
16060
16061
16105
16130
16167
16178
16200
16250
16334
16384
16426
16489
16518
16526
16543
16545
16581
16586
16643
16646
16653
16778
16786
16904
16926
16948
16963
16967
16992
17036
17038
17039
17051
17137
17146
17162
17180
17186
17189
17223
17244
17268
17277
17279
17326
17333
17335
17347
17400
17406
17443
17470
17487
17500
17524
17525
17548
17570
17588
17590
17598
17670
17719
17769
17777
17817
17846
17859
17868
17876
17898
17948
18064
18076
18091
18097
18128
18135
18140
18180
18211
18225
18266
18268
18325
18388
18410
18417
18423
18428
18437
18442
18468
18501
18521
18525
18558
18570
18598
18618
18653
18656
18665
18679
18684
18689
18722
18732
18740
18747
18785
18789
18828
18829
18843
18844
18845
18879
18894
18895
18911
18936
18958
18985
18988
18992
19012
19052
19054
19088
19218
19229
19230
19240
19251
19256
19309
19349
19386
19390
19399
19405
19592
19606
19607
19620
19629
19673
19699
19745
19787
19788
19840
19845
19858
19920
19970
19971
19984
20023
20042
20083
20107
20116
20128
20160
20196
20224
20245
20255
20277
20305
20325
20405
20425
20435
20444
20541
20543
20555
20564
20601
20626
20629
20691
20717
20741
20765
20768
20805
20863
20937
20953
21000
21010
21022
21058
21092
21117
21134
21151
21152
21203
21240
21303
21313
21317
21322
21327
21333
21352
21369
21374
21406
21420
21453
21524
21567
21589
21663
21682
21684
21709
21745
21766
21897
21904
21915
21926
21950
22028
22051
22053
22059
22063
22086
22102
22117
22180
22221
22245
22285
22330
22378
22430
22433
22445
22493
22518
22546
22571
22602
22610
22619
22645
22647
22674
22716
22803
22811
22817
22818
22821
22824
22882
22889
22909
22950
22977
22978
23010
23021
23119
23144
23157
23203
23244
23293
23297
23309
23356
23361
23367
23376
23420
23449
23456
23472
23548
23561
23633
23638
23674
23678
23701
23720
23818
23858
23896
23907
23946
23987
24001
24002
24095
24100
24111
24139
24155
24162
24260
24265
24268
24324
24356
24366
24369
24406
24410
24416
24441
24443
24454
24479
24510
24524
24526
24528
24550
24559
24568
24587
24598
24702
24748
24761
24766
24774
24775
24776
24784
24789
24809
24815
24816
24820
24908
24972
25030
25039
25116
25135
25180
25202
25228
25273
25305
25318
25328
25354
25379
25385
25397
25444
25499
25550
25560
25569
25575
25578
25580
25588
25603
25647
25666
25683
25713
25723
25737
25748
25768
25813
25938
25943
25948
25966
26020
26092
26125
26138
26147
26214
26233
26297
26345
26364
26410
26480
26484
26494
26552
26561
26575
26627
26640
26650
26653
26684
26696
26793
26831
26848
26849
26892
26945
26955
26982
27004
27006
27015
27023
27040
27143
27249
27279
27304
27305
27330
27361
27363
27427
27447
27448
27497
27629
27681
27693
27709
27710
27738
27746
27767
27822
27851
27866
27869
27871
27878
27886
27902
27935
27973
28016
28026
28032
28039
28179
28211
28221
28226
28243
28261
28268
28297
28309
28350
28366
28379
28385
28425
28461
28470
28485
28503
28515
28528
28545
28552
28593
28619
28635
28665
28673
28706
28707
28710
28720
28726
28758
28776
28781
28785
28791
28808
28819
28826
28833
28853
28869
28883
28890
28932
28976
29009
29010
29018
29020
29050
29054
29167
29175
29180
29208
29209
29220
29230
29277
29300
29358
29363
29379
29382
29420
29438
29440
29442
29457
29468
29507
29514
29560
29578
29594
29603
29613
29667
29688
29712
29754
29758
29779
29801
29820
29825
29849
29973
29996
30022
30033
30065
30066
30113
30144
30165
30171
30207
30225
30242
30283
30313
30491
30612
30714
30727
30761
30802
30807
30809
30813
30867
30874
30885
30935
30972
31023
31041
31060
31077
31101
31209
31235
31304
31345
31363
31396
31441
31445
31454
31515
31526
31607
31627
31675
31715
31722
31750
31771
31840
31854
31865
31876
31887
31957
32065
32077
32150
32170
32184
32188
32206
32217
32230
32261
32354
32363
32368
32396
32404
32468
32486
32509
32512
32538
32549
32567
32602
32604
32645
32649
32697
32786
32816
32843
32888
32915
32943
33026
33052
33089
33138
33168
33186
33189
33194
33242
33289
33310
33352
33359
33402
33455
33468
33501
33507
33523
33548
33570
33586
33599
33642
33649
33658
33671
33681
33707
33783
33787
33817
33829
33842
33858
33886
33895
33917
33935
33939
33962
33981
33985
33992
34030
34045
34130
34131
34149
34178
34205
34234
34236
34248
34268
34284
34290
34309
34352
34390
34398
34442
34468
34483
34512
34525
34580
34589
34616
34730
34765
34775
34796
34800
34806
34867
34868
34895
35027
35048
35064
35089
35091
35113
35138
35317
35364
35446
35457
35550
35574
35590
35593
35632
35637
35660
35710
35734
35755
35764
35770
35775
35784
35811
35819
35848
35849
35884
35886
35888
35894
35903
35914
35944
35957
35966
35990
36002
36016
36044
36131
36133
36160
36197
36206
36208
36234
36271
36319
36342
36344
36371
36393
36398
36454
36464
36475
36515
36603
36604
36606
36689
36703
36715
36748
36773
36845
36856
36876
36881
36905
36917
36955
36981
37013
37030
37033
37048
37068
37074
37131
37158
37190
37225
37239
37257
37335
37387
37402
37406
37425
37429
37515
37572
37586
37588
37645
37650
37677
37733
37792
37923
37927
38028
38046
38068
38079
38084
38126
38165
38181
38229
38242
38271
38285
38295
38330
38400
38408
38411
38419
38442
38491
38495
38534
38554
38570
38606
38710
38717
38812
38964
38994
39077
39110
39121
39129
39130
39188
39190
39225
39253
39254
39329
39388
39449
39451
39486
39493
39507
39535
39562
39594
39665
39673
39688
39693
39708
39758
39791
39796
39847
39863
39870
39892
39897
39995
-1
