10
23
31
44
55
59
89
100
127
164
182
201
228
263
282
286
313
326
341
353
394
402
444
453
608
609
662
664
759
791
841
873
882
948
980
982
1002
1044
1062
1148
1168
1206
1222
1234
1259
1275
1280
1288
1305
1306
1318
1323
1368
1394
1422
1424
1461
1477
1482
1487
1633
1689
1740
1741
1764
1804
1896
1901
1912
1938
1951
1953
1965
2022
2075
2083
2093
2137
2150
2162
2190
2263
2274
2275
2302
2327
2328
2349
2391
2426
2443
2454
2492
2518
2548
2611
2613
2662
2677
2698
2701
2728
2776
2821
2823
2950
2951
2973
2998
3033
3101
3134
3137
3159
3167
3176
3179
3217
3219
3234
3309
3313
3382
3385
3392
3410
3436
3465
3499
3546
3549
3564
3575
3592
3602
3639
3661
3708
3715
3717
3752
3766
3780
3817
3849
3870
3898
3917
3966
4001
4025
4036
4085
4197
4239
4255
4264
4266
4274
4286
4312
4330
4356
4375
4491
4506
4511
4538
4541
4552
4568
4571
4581
4589
4594
4707
4729
4735
4774
4801
4860
4931
4954
4955
4979
4984
4985
5034
5051
5061
5129
5143
5146
5162
5207
5234
5316
5321
5355
5366
5418
5437
5446
5469
5484
5499
5540
5618
5632
5675
5685
5771
5773
5790
5795
5812
5830
5839
5852
5882
5890
5948
5959
6086
6102
6111
6119
6153
6160
6234
6263
6284
6319
6350
6397
6398
6415
6459
6498
6537
6564
6668
6701
6776
6815
6852
6897
6905
6906
6912
6926
6945
6964
7084
7089
7118
7137
7156
7207
7208
7221
7229
7269
7277
7292
7298
7331
7384
7414
7423
7443
7494
7523
7580
7662
7667
7685
7687
7705
7760
7772
7787
7788
7831
7854
7877
7970
7991
7998
8014
8025
8051
8074
8091
8126
8176
8204
8241
8259
8267
8298
8310
8320
8440
8455
8462
8470
8472
8532
8536
8559
8576
8590
8671
8717
8756
8833
8986
8997
9079
9097
9186
9201
9214
9226
9242
9244
9285
9346
9385
9403
9454
9467
9519
9561
9578
9602
9611
9623
9636
9655
9689
9711
9743
9775
9811
9850
9857
9881
9892
9895
9915
9932
9963
10009
10027
10028
10030
10047
10055
10088
10123
10133
10290
10296
10348
10361
10386
10441
10458
10464
10515
10519
10520
10544
10553
10556
10583
10640
10730
10776
10788
10789
10843
10847
10870
10879
10884
10912
10988
11006
11015
11018
11022
11026
11036
11052
11061
11090
11096
11108
11158
11185
11190
11191
11234
11293
11303
11323
11325
11333
11390
11428
11447
11555
11588
11658
11663
11705
11716
11732
11786
11811
11818
11822
11827
11862
11866
11884
11914
11958
12006
12013
12020
12023
12040
12064
12082
12161
12163
12186
12205
12206
12212
12214
12242
12248
12298
12327
12388
12417
12464
12468
12494
12522
12531
12541
12547
12581
12595
12598
12654
12669
12689
12769
12772
12785
12786
12819
12861
12880
12918
12939
12966
12967
12973
12990
12998
13028
13080
13111
13154
13225
13272
13319
13323
13354
13454
13506
13530
13532
13540
13574
13590
13624
13634
13639
13668
13697
13716
13730
13753
13776
13853
13897
14021
14051
14077
14118
14159
14169
14191
14198
14271
14319
14352
14363
14372
14374
14376
14377
14385
14408
14467
14477
14486
14504
14540
14569
14579
14583
14606
14609
14640
14659
14682
14715
14741
14766
14773
14814
14857
14905
14916
14996
15001
15016
15088
15098
15217
15223
15233
15357
15378
15383
15467
15470
15472
15504
15515
15536
15541
15570
15592
15630
15651
15698
15721
15726
15728
15858
15884
15901
15912
15933
15942
15963
15982
16009
16036
16057
16073
16080
16085
16105
16106
16113
16118
16123
16137
16147
16157
16161
16162
16175
16228
16230
16268
16283
16292
16294
16299
16362
16373
16392
16427
16462
16474
16495
16501
16638
16651
16701
16712
16787
16794
16810
16877
16895
17012
17078
17080
17087
17216
17219
17243
17277
17325
17334
17346
17377
17389
17416
17431
17460
17464
17485
17528
17536
17598
17626
17649
17691
17726
17732
17743
17749
17752
17831
17872
17897
17948
17986
18037
18057
18108
18131
18173
18246
18275
18293
18301
18312
18320
18332
18368
18377
18437
18474
18564
18607
18613
18657
18659
18664
18677
18699
18703
18724
18759
18792
18820
18828
18835
18841
18851
18853
18921
18953
18964
19005
19046
19051
19114
19161
19167
19195
19230
19236
19243
19252
19280
19281
19302
19304
19319
19343
19368
19378
19396
19418
19419
19541
19543
19585
19615
19621
19644
19648
19698
19759
19798
19804
19892
19933
19949
19991
20020
20022
20034
20038
20044
20079
20168
20196
20260
20319
20358
20405
20416
20432
20442
20516
20541
20557
20565
20616
20631
20636
20682
20754
20764
20766
20778
20794
20809
20840
20859
20884
20952
20954
20992
21003
21073
21188
21213
21230
21276
21279
21296
21339
21363
21369
21401
21422
21424
21432
21485
21495
21532
21537
21609
21625
21628
21632
21646
21685
21714
21724
21762
21765
21779
21825
21843
21883
21890
21907
21932
21967
21969
22122
22135
22180
22182
22212
22223
22231
22292
22333
22337
22369
22392
22407
22412
22449
22465
22469
22478
22509
22524
22526
22582
22591
22596
22601
22607
22631
22638
22688
22755
22795
22822
22835
22836
22840
22851
22911
22937
22945
23032
23084
23095
23121
23136
23176
23182
23204
23235
23240
23245
23264
23275
23285
23372
23377
23397
23414
23432
23439
23476
23484
23493
23536
23589
23592
23606
23647
23652
23673
23713
23721
23729
23765
23794
23814
23857
23883
23908
23940
23970
24006
24025
24039
24082
24096
24104
24107
24117
24132
24142
24160
24162
24194
24207
24266
24285
24287
24311
24431
24448
24495
24502
24571
24578
24658
24668
24699
24725
24772
24781
24788
24813
24831
24841
24844
24878
24962
24999
25001
25013
25041
25087
25135
25149
25168
25176
25216
25304
25309
25317
25381
25392
25416
25444
25452
25456
25489
25501
25511
25521
25522
25535
25566
25573
25593
25610
25625
25645
25653
25714
25720
25724
25756
25799
25831
25840
25866
25871
25904
25907
25922
25931
25958
26013
26027
26034
26062
26070
26152
26236
26259
26274
26302
26359
26367
26418
26446
26460
26474
26479
26502
26511
26518
26534
26549
26553
26563
26607
26620
26630
26637
26677
26692
26700
26730
26782
26786
26870
26899
26960
26983
26986
27025
27068
27071
27080
27089
27119
27149
27158
27195
27197
27209
27214
27221
27294
27298
27316
27344
27369
27371
27375
27378
27432
27443
27453
27500
27524
27530
27562
27574
27582
27657
27734
27751
27835
27907
27908
27930
27931
27990
27995
27997
28017
28020
28038
28045
28067
28097
28143
28154
28161
28180
28232
28244
28250
28265
28278
28323
28332
28336
28356
28361
28372
28392
28406
28409
28450
28454
28476
28506
28553
28585
28607
28661
28699
28712
28800
28829
28848
28865
28914
29060
29085
29086
29122
29133
29140
29174
29176
29192
29203
29222
29232
29235
29244
29254
29331
29416
29483
29489
29498
29526
29529
29560
29565
29597
29657
29674
29686
29733
29734
29824
29836
29852
29895
29940
29950
29974
29979
29994
30003
30126
30130
30139
30206
30218
30275
30298
30317
30429
30435
30465
30484
30527
30546
30559
30573
30603
30646
30654
30710
30744
30747
30750
30753
30765
30772
30787
30798
30799
30804
30809
30816
30867
30877
30887
30906
30937
30957
30964
31011
31019
31076
31097
31141
31185
31209
31210
31302
31366
31369
31371
31417
31420
31447
31452
31475
31516
31536
31538
31554
31613
31641
31649
31670
31686
31721
31724
31748
31753
31757
31759
31766
31870
31880
31897
31902
31926
32013
32019
32052
32058
32087
32116
32120
32155
32156
32166
32185
32194
32228
32229
32276
32278
32286
32291
32350
32409
32413
32436
32467
32470
32473
32475
32607
32618
32623
32645
32649
32690
32706
32731
32788
32888
32900
32921
32935
32950
32962
32982
32990
32991
33022
33071
33088
33114
33150
33151
33170
33210
33263
33313
33359
33367
33379
33410
33463
33470
33479
33491
33493
33502
33521
33539
33615
33628
33653
33713
33719
33739
33746
33887
33900
33948
33984
34006
34008
34036
34098
34105
34111
34166
34212
34246
34250
34255
34265
34321
34360
34432
34445
34485
34486
34493
34497
34509
34511
34535
34545
34558
34592
34597
34611
34623
34629
34630
34640
34660
34682
34689
34691
34692
34713
34727
34746
34783
34785
34806
34830
34832
34866
34881
34883
34886
34931
34941
34965
34970
34971
34981
35030
35078
35097
35145
35175
35210
35216
35220
35296
35300
35321
35388
35393
35442
35454
35461
35479
35490
35495
35496
35531
35538
35639
35661
35684
35717
35755
35821
35827
35852
35853
35858
35887
35895
35927
35947
35967
36022
36055
36131
36142
36158
36226
36230
36231
36256
36261
36271
36298
36309
36346
36434
36445
36526
36560
36578
36586
36595
36598
36629
36704
36712
36750
36861
36910
36916
36954
37003
37029
37049
37053
37098
37101
37107
37129
37134
37145
37148
37152
37183
37204
37211
37243
37290
37330
37339
37405
37422
37449
37459
37471
37516
37560
37585
37648
37651
37673
37694
37792
37793
37799
37815
37848
37856
37890
37899
37902
37905
37917
37941
38022
38024
38160
38173
38208
38323
38338
38349
38383
38453
38526
38664
38683
38693
38727
38730
38747
38774
38803
38804
38824
38829
38875
38909
38946
38953
38958
38960
39045
39087
39116
39162
39187
39210
39240
39279
39307
39348
39359
39403
39418
39428
39442
39512
39516
39531
39556
39606
39624
39658
39661
39692
39700
39738
39787
39802
39839
39846
39999
-1