61
74
145
147
221
233
249
269
281
285
343
351
382
400
407
440
446
483
531
548
602
615
625
626
634
693
728
735
759
773
781
830
835
852
897
934
943
952
978
994
1049
1053
1088
1118
1134
1135
1149
1156
1182
1227
1233
1242
1271
1273
1280
1290
1299
1311
1322
1335
1341
1431
1450
1483
1490
1498
1504
1535
1562
1587
1609
1635
1646
1658
1669
1684
1838
1844
1862
1900
1978
2019
2111
2127
2192
2212
2243
2258
2286
2342
2367
2379
2395
2401
2438
2499
2504
2564
2598
2616
2619
2622
2696
2698
2719
2844
2859
2861
2899
2910
2927
2979
3007
3030
3037
3051
3074
3094
3140
3144
3192
3256
3289
3293
3304
3326
3330
3333
3345
3352
3367
3387
3422
3432
3438
3441
3494
3497
3536
3539
3626
3650
3665
3672
3768
3808
3877
3946
3954
4000
4031
4065
4149
4203
4222
4227
4235
4276
4321
4329
4343
4367
4383
4399
4402
4459
4479
4555
4563
4589
4599
4643
4646
4665
4682
4765
4905
4909
4926
4938
5011
5023
5029
5071
5083
5088
5095
5098
5135
5140
5152
5160
5167
5227
5307
5317
5354
5363
5416
5431
5437
5447
5526
5548
5577
5578
5584
5601
5619
5660
5696
5725
5726
5742
5836
5848
5862
5866
5954
5958
5962
5964
5986
6005
6071
6101
6114
6225
6258
6279
6304
6437
6481
6538
6612
6642
6669
6714
6716
6725
6762
6770
6834
6873
6939
7002
7003
7044
7070
7085
7096
7103
7118
7128
7136
7183
7195
7227
7229
7246
7263
7320
7330
7349
7380
7384
7403
7417
7429
7481
7505
7513
7588
7591
7649
7683
7692
7704
7721
7731
7803
7867
7892
7919
7924
7925
7955
7972
8023
8038
8060
8094
8101
8161
8226
8243
8289
8302
8320
8379
8396
8405
8425
8426
8451
8466
8474
8486
8490
8539
8576
8603
8615
8630
8766
8780
8817
8818
8820
8837
8880
8890
8895
8902
8942
9010
9057
9199
9221
9231
9245
9321
9325
9346
9356
9360
9390
9486
9492
9518
9585
9624
9629
9667
9704
9726
9760
9777
9904
9921
9991
10091
10094
10128
10154
10201
10225
10236
10240
10241
10243
10247
10263
10282
10327
10363
10372
10389
10474
10475
10479
10497
10498
10519
10629
10634
10649
10738
10797
10836
10844
10862
10894
10923
10929
10984
10988
11003
11033
11064
11073
11096
11107
11121
11142
11179
11197
11237
11278
11281
11399
11410
11424
11429
11430
11447
11463
11471
11487
11510
11532
11547
11551
11589
11605
11610
11614
11619
11620
11691
11705
11707
11738
11745
11783
11803
11815
11841
11860
11863
11866
11872
11896
11935
11969
11987
12002
12126
12146
12153
12172
12177
12191
12197
12234
12242
12316
12328
12397
12415
12434
12435
12505
12574
12591
12595
12605
12607
12615
12617
12637
12700
12708
12729
12783
12821
12917
12934
12954
13045
13054
13137
13154
13166
13194
13232
13242
13332
13334
13372
13420
13432
13440
13541
13548
13555
13558
13627
13691
13706
13723
13746
13756
13782
13805
13811
13885
13921
13959
13984
14002
14018
14031
14041
14048
14057
14140
14168
14179
14190
14192
14273
14285
14414
14512
14516
14552
14559
14576
14603
14636
14645
14684
14723
14732
14738
14769
14906
14943
14964
14996
14997
15032
15038
15072
15088
15117
15184
15259
15276
15283
15314
15318
15342
15347
15372
15382
15425
15428
15477
15537
15570
15596
15617
15629
15646
15665
15683
15725
15759
15762
15768
15771
15783
15813
15819
15856
16027
16050
16084
16087
16147
16190
16226
16259
16260
16330
16357
16364
16399
16403
16411
16430
16453
16490
16550
16679
16702
16705
16706
16724
16726
16746
16770
16777
16785
16805
16812
16818
16868
16894
16898
16914
16946
16952
16967
17003
17006
17025
17056
17149
17182
17243
17287
17307
17375
17382
17392
17399
17406
17443
17450
17454
17496
17516
17571
17648
17679
17689
17697
17707
17711
17734
17750
17765
17777
17817
17828
17838
17884
18017
18071
18089
18105
18161
18165
18196
18210
18240
18261
18292
18302
18305
18334
18382
18409
18419
18434
18436
18507
18531
18536
18538
18547
18557
18583
18608
18630
18633
18656
18680
18689
18703
18705
18706
18783
18792
18796
18800
18825
18845
18866
18956
18958
18999
19003
19035
19069
19107
19120
19169
19190
19203
19221
19290
19297
19304
19351
19356
19418
19419
19454
19458
19502
19518
19531
19545
19578
19587
19605
19620
19653
19668
19716
19759
19762
19777
19792
19794
19844
19878
19923
19924
19935
19954
19957
20062
20068
20083
20109
20118
20122
20223
20251
20316
20369
20378
20404
20405
20413
20438
20444
20477
20523
20589
20671
20678
20694
20716
20746
20764
20799
20825
20838
20840
20852
20888
20891
20898
20899
20914
20915
20937
20939
20959
20960
20967
21027
21033
21054
21059
21075
21141
21148
21187
21235
21280
21326
21382
21396
21423
21440
21445
21474
21476
21591
21594
21600
21634
21665
21667
21736
21772
21797
21804
21932
21959
21984
21986
22018
22097
22110
22140
22154
22180
22195
22208
22276
22283
22288
22317
22333
22339
22346
22358
22366
22373
22377
22383
22398
22407
22420
22463
22526
22539
22546
22555
22581
22590
22652
22665
22677
22686
22701
22709
22778
22797
22807
22829
22839
22840
22856
22859
22892
22931
22963
22966
22975
22980
22996
23019
23033
23073
23103
23117
23119
23126
23150
23181
23209
23225
23228
23290
23295
23299
23307
23336
23363
23395
23404
23414
23437
23440
23452
23500
23507
23545
23563
23565
23576
23596
23663
23667
23677
23688
23712
23730
23787
23806
23931
23965
23973
23992
24001
24018
24050
24053
24106
24113
24139
24141
24144
24170
24200
24248
24251
24304
24330
24336
24364
24374
24401
24405
24472
24484
24488
24501
24524
24534
24535
24568
24581
24618
24648
24654
24670
24686
24698
24709
24716
24720
24728
24773
24778
24803
24878
24935
24947
24989
25077
25085
25122
25132
25182
25201
25220
25234
25235
25249
25275
25306
25371
25386
25470
25483
25485
25492
25498
25510
25533
25540
25560
25584
25611
25648
25655
25659
25662
25692
25715
25729
25845
25857
25891
25897
26003
26014
26017
26039
26057
26058
26081
26147
26148
26203
26212
26214
26301
26327
26353
26376
26377
26412
26434
26443
26510
26512
26520
26586
26600
26609
26670
26682
26703
26755
26770
26808
26819
26827
26863
26917
26930
26947
26966
26995
27035
27070
27082
27188
27222
27238
27250
27259
27273
27286
27310
27365
27406
27429
27452
27454
27468
27477
27480
27517
27566
27602
27685
27703
27722
27733
27815
27819
27876
27879
27888
27934
27964
27976
27998
28058
28103
28120
28178
28207
28209
28228
28247
28262
28288
28299
28305
28307
28308
28357
28359
28376
28394
28473
28480
28482
28487
28511
28574
28580
28584
28635
28659
28765
28792
28825
28876
28880
28884
28888
28893
28896
28903
28950
28960
28994
29064
29072
29077
29187
29193
29215
29227
29270
29324
29343
29360
29393
29394
29426
29440
29517
29531
29540
29548
29575
29617
29638
29690
29841
29892
29935
29947
30031
30032
30043
30050
30067
30091
30103
30174
30208
30219
30230
30271
30301
30327
30331
30392
30395
30397
30443
30504
30529
30541
30543
30572
30589
30625
30628
30667
30672
30701
30703
30728
30808
30828
30855
30940
30966
30968
30980
30982
31000
31056
31075
31085
31092
31100
31139
31164
31172
31177
31215
31217
31241
31255
31290
31294
31317
31357
31419
31441
31463
31467
31475
31504
31533
31554
31590
31629
31659
31660
31671
31672
31673
31720
31749
31752
31753
31755
31795
31831
31846
31853
31890
31915
31916
31931
31942
31948
31950
31964
31999
32028
32031
32052
32114
32124
32129
32152
32237
32239
32257
32317
32340
32353
32360
32371
32374
32379
32396
32406
32462
32476
32484
32524
32544
32546
32548
32583
32590
32606
32617
32634
32650
32766
32792
32798
32812
32840
32899
32946
32962
32993
33171
33181
33188
33214
33228
33301
33306
33309
33322
33324
33325
33420
33448
33453
33483
33485
33487
33518
33538
33573
33600
33613
33644
33651
33686
33700
33787
33800
33817
33833
33862
33870
33878
33901
33927
33932
34033
34064
34078
34082
34089
34134
34139
34142
34154
34216
34296
34348
34366
34392
34399
34400
34407
34420
34433
34440
34449
34483
34547
34566
34687
34707
34816
34831
34845
34890
34895
34914
34977
34996
35046
35055
35056
35115
35126
35133
35171
35183
35256
35295
35387
35390
35408
35443
35597
35601
35620
35626
35627
35666
35669
35690
35787
35816
35847
35858
35861
35868
35915
35919
35949
35956
36016
36027
36047
36075
36086
36103
36200
36202
36224
36233
36267
36316
36317
36351
36401
36462
36674
36731
36740
36788
36807
36809
36858
36859
36881
36886
36916
36962
36990
37021
37037
37056
37115
37184
37203
37219
37230
37265
37290
37292
37360
37367
37383
37390
37393
37425
37466
37470
37489
37526
37542
37547
37635
37638
37649
37663
37699
37733
37771
37788
37851
37875
37885
37912
37920
37937
37944
38030
38041
38045
38052
38065
38197
38213
38220
38256
38264
38299
38307
38333
38419
38434
38464
38465
38466
38471
38479
38501
38510
38528
38576
38596
38615
38630
38649
38650
38675
38677
38709
38729
38730
38747
38755
38765
38776
38828
38873
38898
38971
38979
38995
38997
39000
39029
39047
39051
39084
39095
39128
39182
39234
39246
39253
39340
39368
39391
39415
39471
39477
39507
39531
39555
39574
39599
39606
39621
39634
39668
39708
39736
39754
39799
39807
39814
39818
39835
39924
39957
-1
