4
22
27
32
60
69
75
128
145
155
237
245
259
338
341
346
353
356
370
412
434
448
450
470
471
490
511
519
551
562
666
678
693
736
745
762
767
769
832
868
877
879
888
897
911
947
949
964
992
1064
1067
1129
1130
1135
1187
1233
1241
1268
1278
1283
1310
1315
1354
1361
1372
1382
1385
1422
1454
1468
1472
1508
1530
1585
1633
1650
1670
1690
1704
1722
1764
1773
1817
1818
1824
1840
1905
1942
1943
1946
1957
1964
1974
1999
2053
2083
2145
2175
2190
2228
2258
2295
2298
2308
2339
2377
2384
2391
2406
2586
2617
2667
2685
2715
2736
2797
2810
2816
2876
2904
2909
2927
2959
2981
2988
3012
3134
3135
3151
3154
3158
3175
3230
3233
3278
3297
3351
3365
3368
3465
3480
3495
3514
3530
3532
3547
3581
3607
3632
3685
3694
3732
3756
3767
3797
3808
3813
3839
3855
3925
3931
3933
3972
3976
3995
4012
4027
4115
4118
4153
4183
4229
4269
4372
4514
4565
4576
4577
4578
4600
4608
4612
4637
4660
4670
4671
4701
4739
4762
4838
4843
4866
4872
4890
4899
4921
4944
4979
4984
5003
5067
5068
5071
5103
5139
5154
5271
5358
5393
5414
5461
5468
5489
5524
5530
5606
5612
5632
5639
5657
5679
5724
5732
5761
5800
5813
5855
5858
5866
5875
5896
5938
5967
5991
6046
6068
6073
6080
6100
6119
6125
6152
6226
6271
6288
6321
6347
6399
6428
6433
6463
6505
6518
6519
6605
6630
6665
6667
6701
6713
6727
6753
6850
6926
6931
6942
6970
6980
7009
7023
7055
7056
7069
7086
7128
7153
7254
7323
7373
7388
7397
7448
7471
7516
7563
7597
7600
7612
7646
7662
7667
7688
7693
7702
7710
7757
7766
7789
7798
7827
7868
7882
7897
7904
7915
7933
7937
7957
7964
8015
8032
8033
8086
8103
8125
8181
8195
8204
8288
8300
8325
8350
8354
8370
8385
8430
8444
8487
8495
8525
8570
8637
8639
8661
8681
8698
8754
8784
8868
8927
8934
8946
8977
8982
8985
8999
9019
9022
9035
9041
9066
9077
9089
9115
9163
9198
9263
9322
9328
9339
9377
9387
9389
9433
9484
9521
9554
9588
9591
9674
9683
9699
9767
9792
9858
9866
9893
9901
9983
10010
10023
10073
10096
10124
10128
10184
10206
10251
10258
10276
10277
10316
10371
10385
10419
10434
10518
10519
10564
10574
10576
10674
10689
10752
10765
10766
10784
10811
10846
10893
10908
10924
10979
10999
11018
11025
11028
11119
11193
11267
11287
11338
11339
11354
11356
11363
11373
11413
11438
11464
11536
11551
11557
11560
11607
11660
11663
11673
11678
11697
11702
11723
11782
11793
11849
11866
11895
11943
12072
12074
12117
12124
12129
12131
12138
12176
12185
12204
12249
12275
12279
12298
12304
12366
12390
12478
12523
12545
12555
12576
12607
12620
12628
12646
12659
12677
12681
12713
12745
12752
12754
12765
12833
12836
12842
12866
12883
12892
12942
12990
12993
12994
12997
12998
13009
13068
13178
13197
13198
13371
13387
13391
13453
13482
13627
13630
13640
13706
13749
13759
13769
13790
13801
13803
13860
13863
13910
13913
13936
13952
13978
14012
14024
14027
14036
14084
14108
14153
14177
14266
14281
14301
14314
14334
14410
14427
14428
14444
14462
14476
14573
14578
14579
14600
14601
14619
14683
14705
14754
14809
14820
14824
14892
14906
14922
14929
14937
14976
15076
15102
15163
15171
15172
15173
15174
15182
15183
15214
15248
15255
15256
15283
15303
15331
15433
15435
15548
15598
15601
15608
15648
15660
15683
15705
15741
15746
15761
15782
15874
15908
15928
15934
15968
15979
16014
16036
16037
16043
16073
16076
16088
16106
16158
16165
16180
16196
16222
16242
16255
16271
16316
16342
16365
16368
16383
16401
16419
16452
16464
16467
16482
16550
16552
16554
16582
16609
16663
16681
16705
16709
16748
16801
16845
16846
16852
16859
16880
16927
16928
17024
17026
17030
17053
17073
17080
17088
17110
17212
17265
17339
17343
17347
17433
17469
17528
17642
17655
17661
17702
17707
17714
17736
17747
17783
17796
17833
17847
17851
17878
17888
17923
17925
17954
18032
18055
18097
18115
18151
18203
18204
18266
18363
18374
18394
18415
18457
18478
18488
18496
18530
18537
18569
18591
18693
18703
18727
18736
18763
18775
18781
18871
18929
18943
18963
18986
19005
19007
19050
19123
19142
19144
19215
19274
19283
19315
19359
19406
19407
19435
19441
19447
19459
19528
19571
19587
19597
19625
19643
19652
19654
19670
19702
19758
19780
19803
19849
19881
19885
19894
19900
19968
20007
20008
20042
20111
20134
20170
20190
20205
20236
20260
20286
20337
20368
20403
20424
20429
20472
20500
20505
20507
20514
20524
20567
20570
20579
20648
20711
20743
20768
20781
20797
20807
20809
20841
20849
20967
20971
20977
20994
21013
21030
21044
21062
21080
21112
21125
21145
21146
21166
21222
21267
21271
21292
21330
21338
21340
21369
21388
21404
21456
21478
21518
21524
21541
21570
21576
21583
21595
21628
21641
21656
21675
21700
21759
21763
21774
21786
21804
21820
21823
21842
21846
21856
21869
21938
21968
22019
22021
22023
22030
22117
22152
22187
22203
22228
22267
22274
22291
22292
22306
22312
22340
22358
22359
22363
22382
22404
22408
22411
22455
22509
22511
22584
22609
22612
22618
22624
22647
22654
22705
22707
22723
22727
22734
22756
22804
22807
22810
22824
22894
22936
22939
22957
22998
23004
23071
23124
23145
23228
23245
23249
23279
23282
23285
23297
23316
23336
23337
23550
23552
23570
23581
23666
23671
23674
23677
23701
23715
23728
23748
23751
23757
23792
23799
23811
23884
23962
23990
24012
24016
24045
24096
24098
24115
24119
24120
24175
24256
24297
24321
24353
24389
24420
24440
24501
24503
24516
24574
24597
24615
24654
24655
24707
24744
24811
24833
24849
24863
24995
25020
25042
25059
25110
25131
25180
25195
25256
25280
25336
25343
25432
25449
25458
25484
25495
25518
25528
25583
25618
25629
25660
25664
25680
25683
25686
25700
25701
25768
25802
25855
25961
25968
26020
26050
26087
26088
26092
26109
26130
26142
26153
26169
26206
26257
26266
26284
26320
26329
26386
26428
26446
26474
26483
26492
26518
26519
26537
26547
26549
26612
26628
26688
26694
26720
26736
26777
26820
26863
26868
26874
26878
26887
26935
26955
26982
26997
27047
27070
27085
27086
27104
27214
27271
27275
27298
27305
27326
27350
27367
27403
27409
27438
27458
27515
27520
27562
27571
27601
27611
27616
27657
27685
27699
27724
27740
27822
27834
27836
27876
27878
27909
27924
27956
28017
28066
28088
28094
28109
28129
28147
28151
28182
28188
28217
28253
28293
28336
28345
28382
28422
28454
28538
28541
28542
28547
28573
28579
28653
28659
28678
28699
28716
28745
28770
28780
28800
28802
28870
28904
28938
28991
28999
29030
29055
29072
29090
29108
29109
29180
29185
29205
29224
29245
29280
29290
29295
29298
29399
29405
29425
29445
29455
29468
29506
29513
29549
29552
29567
29646
29700
29712
29714
29733
29796
29849
29890
29925
29941
29976
30025
30031
30036
30074
30083
30126
30154
30158
30230
30272
30289
30312
30313
30318
30326
30328
30364
30377
30397
30430
30459
30490
30505
30510
30530
30591
30626
30653
30659
30670
30677
30729
30770
30783
30797
30802
30870
30873
30917
30986
31028
31060
31085
31107
31115
31224
31256
31303
31308
31321
31342
31369
31375
31385
31389
31403
31417
31472
31483
31484
31514
31668
31728
31764
31786
31812
31857
31861
31865
31870
31916
31941
32017
32031
32035
32055
32093
32096
32097
32155
32172
32197
32202
32207
32216
32239
32256
32265
32333
32340
32352
32354
32406
32413
32441
32517
32573
32608
32652
32686
32702
32733
32781
32804
32838
32884
32906
32915
32967
33011
33049
33061
33088
33110
33135
33237
33342
33345
33353
33360
33452
33505
33508
33512
33514
33523
33525
33535
33550
33557
33560
33647
33660
33674
33679
33729
33754
33780
33811
33824
33828
33835
33860
33885
33887
33893
33934
33988
34010
34015
34071
34073
34088
34127
34133
34165
34182
34184
34212
34237
34249
34258
34280
34308
34311
34323
34381
34384
34410
34452
34453
34454
34475
34511
34519
34529
34563
34640
34716
34781
34785
34798
34865
34893
34900
34905
34913
34926
35067
35069
35070
35077
35084
35134
35140
35170
35187
35196
35207
35259
35278
35339
35381
35470
35539
35544
35604
35609
35611
35625
35633
35642
35665
35666
35679
35682
35712
35727
35731
35745
35812
35825
35833
35842
35934
35938
35948
35951
35975
35979
35984
36021
36033
36045
36051
36107
36115
36139
36272
36275
36289
36290
36340
36374
36401
36437
36450
36455
36499
36534
36602
36612
36629
36637
36641
36645
36651
36693
36696
36720
36812
36857
37020
37044
37074
37078
37163
37168
37177
37181
37184
37225
37258
37275
37289
37292
37303
37309
37356
37364
37371
37384
37438
37440
37487
37495
37503
37530
37599
37637
37646
37711
37750
37836
37843
37853
37855
37873
37883
37885
37924
37981
38203
38243
38270
38347
38404
38411
38421
38469
38542
38585
38596
38631
38652
38746
38830
38849
38865
38885
38889
38910
38945
38986
38998
39006
39050
39052
39061
39085
39092
39097
39152
39160
39195
39197
39205
39272
39293
39354
39358
39388
39415
39429
39438
39465
39468
39487
39500
39552
39553
39609
39643
39654
39678
39696
39713
39740
39769
39821
39847
39891
39893
39897
39929
39942
39944
39951
39973
39979
-1
