13
14
38
69
86
135
143
165
206
252
260
263
295
317
334
347
361
382
391
447
451
456
490
534
572
573
650
655
700
702
708
713
721
728
737
742
746
764
766
767
775
790
816
828
850
862
956
995
999
1014
1026
1059
1061
1083
1084
1091
1096
1110
1155
1158
1165
1182
1200
1222
1226
1320
1347
1370
1374
1418
1427
1451
1490
1491
1515
1554
1570
1571
1573
1581
1606
1623
1653
1655
1767
1769
1785
1795
1900
1910
1925
1930
1942
1944
1983
1984
2027
2045
2076
2085
2087
2114
2161
2165
2196
2211
2212
2231
2266
2279
2293
2298
2362
2373
2381
2392
2462
2478
2480
2508
2548
2557
2597
2650
2683
2777
2852
2858
2861
2862
2863
2910
2915
2942
2964
2966
2967
2975
2997
3010
3019
3020
3125
3126
3141
3177
3200
3203
3238
3242
3262
3303
3382
3459
3469
3502
3528
3547
3556
3572
3595
3621
3628
3644
3675
3679
3723
3809
3828
3886
3890
3905
3918
3919
3954
3974
4000
4003
4030
4043
4075
4081
4151
4160
4172
4176
4269
4392
4403
4445
4446
4529
4562
4589
4591
4601
4604
4625
4639
4652
4660
4674
4689
4769
4799
4800
4892
4902
4967
4981
5025
5060
5110
5160
5189
5206
5229
5244
5295
5298
5317
5351
5375
5456
5459
5474
5475
5478
5497
5500
5512
5538
5556
5602
5625
5656
5694
5710
5723
5736
5744
5768
5826
5913
5915
5985
5995
6079
6080
6104
6141
6147
6218
6323
6386
6393
6411
6428
6429
6435
6443
6462
6471
6481
6539
6622
6649
6704
6749
6776
6813
6833
6846
6852
6858
6863
6867
6872
6889
6904
6922
6941
7007
7149
7159
7164
7179
7192
7196
7207
7223
7252
7372
7423
7460
7462
7463
7467
7479
7483
7560
7564
7568
7672
7710
7741
7786
7793
7825
7831
7866
7869
7884
7892
7937
7960
7995
8053
8169
8182
8243
8273
8307
8314
8322
8341
8359
8399
8421
8432
8483
8511
8529
8546
8555
8565
8587
8597
8632
8635
8703
8753
8841
8857
8880
8965
9000
9053
9084
9090
9135
9146
9186
9211
9242
9257
9258
9296
9303
9353
9364
9370
9386
9389
9443
9479
9510
9526
9678
9719
9756
9761
9762
9816
9826
9849
9880
9893
9916
9935
9983
10002
10023
10048
10083
10087
10144
10161
10162
10166
10183
10204
10271
10282
10283
10288
10304
10309
10314
10320
10407
10455
10461
10478
10571
10573
10632
10646
10688
10933
10957
11032
11033
11036
11076
11077
11084
11097
11117
11124
11140
11200
11275
11377
11407
11423
11449
11470
11488
11496
11509
11511
11513
11578
11605
11690
11729
11760
11765
11790
11803
11811
11856
11881
11882
11908
11977
12006
12007
12019
12054
12162
12165
12166
12235
12253
12256
12297
12328
12345
12379
12383
12415
12435
12444
12548
12551
12563
12569
12581
12595
12638
12651
12665
12695
12696
12703
12704
12730
12753
12886
12905
12921
12928
12962
12974
13005
13018
13024
13027
13065
13119
13125
13132
13183
13200
13207
13210
13319
13331
13335
13338
13406
13425
13431
13433
13441
13453
13480
13522
13528
13534
13547
13556
13567
13571
13588
13607
13622
13739
13747
13785
13787
13791
13843
13856
13866
13889
13900
13964
13966
13985
14014
14080
14082
14090
14107
14173
14176
14196
14198
14223
14255
14295
14297
14344
14384
14423
14435
14437
14454
14528
14696
14713
14745
14764
14863
14887
14893
15002
15033
15083
15119
15127
15143
15144
15153
15158
15163
15168
15199
15202
15205
15208
15252
15262
15280
15377
15386
15393
15402
15409
15420
15535
15537
15552
15587
15596
15617
15646
15714
15727
15748
15768
15832
15833
15875
15905
15925
15946
15995
16015
16043
16146
16160
16172
16241
16250
16253
16311
16356
16405
16419
16433
16479
16493
16532
16550
16555
16610
16613
16640
16645
16652
16721
16749
16770
16809
16814
16822
16853
16879
16901
16973
16974
17030
17038
17105
17118
17123
17127
17161
17165
17199
17232
17245
17268
17353
17366
17371
17404
17414
17419
17429
17447
17491
17540
17541
17546
17558
17561
17606
17616
17621
17636
17753
17766
17781
17791
17809
17822
17831
17834
17853
17885
17918
17953
17957
17988
18011
18015
18023
18106
18110
18178
18204
18205
18209
18224
18240
18343
18363
18383
18396
18405
18411
18429
18445
18467
18470
18494
18516
18566
18567
18620
18656
18727
18754
18761
18799
18818
18820
18851
18864
18876
19000
19006
19047
19052
19138
19172
19206
19215
19259
19268
19304
19321
19396
19398
19420
19431
19437
19456
19476
19477
19516
19519
19559
19642
19643
19682
19734
19812
19857
19870
19908
19934
19984
20009
20080
20100
20109
20121
20149
20163
20164
20171
20194
20241
20290
20319
20343
20356
20358
20372
20421
20422
20452
20517
20535
20555
20579
20601
20620
20624
20645
20699
20702
20716
20774
20787
20814
20822
20866
20889
20906
20961
20982
21000
21022
21042
21074
21103
21125
21142
21145
21151
21152
21249
21292
21299
21302
21314
21366
21389
21398
21429
21470
21480
21494
21497
21506
21586
21615
21638
21656
21657
21808
21840
21873
21884
21888
22006
22019
22050
22052
22164
22184
22204
22218
22226
22244
22252
22292
22298
22329
22338
22343
22354
22377
22391
22407
22443
22515
22524
22545
22547
22579
22582
22591
22600
22617
22631
22641
22680
22687
22716
22719
22774
22802
22895
22898
22903
22912
22914
22942
22968
22998
23074
23083
23093
23094
23126
23135
23196
23215
23271
23329
23369
23380
23464
23470
23481
23492
23538
23579
23580
23583
23593
23642
23655
23724
23768
23785
23817
23846
23913
23918
23938
23967
23981
24034
24050
24068
24069
24104
24141
24146
24163
24189
24222
24246
24248
24260
24261
24272
24305
24317
24359
24446
24501
24514
24515
24529
24607
24653
24655
24704
24715
24746
24788
24798
24804
24815
24818
24821
24872
24938
24990
25023
25066
25154
25157
25163
25164
25225
25313
25337
25351
25377
25379
25438
25448
25492
25504
25512
25581
25602
25603
25621
25636
25685
25749
25819
25833
25872
25937
25946
26020
26064
26071
26108
26148
26211
26231
26255
26271
26319
26340
26341
26352
26385
26395
26428
26451
26489
26494
26518
26542
26591
26680
26712
26721
26742
26744
26796
26860
26941
26996
26999
27005
27011
27020
27067
27101
27104
27132
27140
27142
27150
27156
27163
27174
27187
27214
27248
27253
27266
27271
27323
27359
27375
27379
27380
27411
27442
27451
27476
27485
27511
27513
27570
27583
27591
27596
27650
27676
27697
27727
27729
27745
27757
27838
27898
27945
27965
28028
28123
28126
28130
28150
28179
28188
28207
28212
28272
28310
28319
28367
28388
28449
28473
28538
28541
28548
28559
28592
28626
28630
28631
28634
28644
28689
28709
28724
28725
28730
28809
28813
28864
28879
28881
28892
28927
28943
28974
29023
29060
29100
29108
29127
29146
29148
29203
29210
29243
29252
29273
29288
29304
29350
29356
29358
29399
29443
29508
29520
29527
29570
29605
29639
29707
29717
29725
29726
29819
29821
29829
29846
29899
29931
29973
29986
30001
30031
30052
30154
30190
30200
30206
30236
30239
30240
30242
30299
30322
30394
30404
30427
30463
30469
30487
30492
30518
30521
30535
30571
30670
30727
30733
30754
30784
30808
30847
30850
30868
30895
30898
30956
30966
30989
31000
31006
31055
31076
31083
31120
31130
31200
31222
31248
31249
31259
31280
31291
31313
31437
31450
31522
31541
31582
31602
31640
31658
31694
31726
31781
31787
31842
31907
31916
31992
32009
32017
32054
32057
32131
32141
32158
32198
32216
32218
32223
32286
32305
32341
32372
32384
32413
32414
32420
32436
32437
32466
32474
32505
32506
32508
32533
32558
32563
32591
32617
32625
32650
32667
32716
32749
32771
32789
32814
32822
32836
32852
32864
32867
32875
32883
32927
32958
32960
32982
33000
33011
33012
33018
33035
33116
33133
33148
33150
33172
33193
33222
33230
33313
33324
33345
33435
33445
33447
33466
33484
33485
33496
33498
33549
33584
33590
33600
33621
33626
33687
33708
33714
33728
33738
33779
33783
33797
33804
33826
33927
33933
34022
34026
34034
34055
34056
34065
34069
34083
34112
34125
34180
34192
34315
34330
34356
34391
34392
34429
34544
34627
34640
34658
34678
34692
34697
34763
34783
34798
34807
34842
34883
34904
34913
34962
34968
34974
34978
34982
34983
35050
35117
35137
35148
35197
35206
35218
35232
35243
35249
35326
35334
35343
35350
35370
35407
35436
35472
35475
35480
35521
35528
35542
35630
35635
35639
35656
35683
35696
35701
35745
35880
35912
35951
35970
35981
35995
36000
36010
36037
36113
36122
36131
36153
36193
36210
36222
36261
36273
36295
36316
36348
36353
36392
36423
36436
36461
36485
36491
36498
36500
36512
36554
36597
36651
36674
36678
36711
36737
36750
36754
36787
36812
36855
36980
37100
37101
37133
37157
37170
37179
37298
37320
37330
37407
37460
37481
37491
37522
37552
37556
37632
37653
37703
37705
37755
37766
37790
37797
37819
37821
37851
37867
37892
37917
37975
37987
37996
38027
38030
38031
38039
38055
38081
38086
38143
38184
38204
38225
38272
38301
38319
38322
38359
38400
38414
38522
38560
38564
38584
38608
38688
38720
38737
38757
38781
38815
38889
38924
38996
39011
39054
39093
39102
39184
39195
39200
39206
39214
39250
39266
39294
39310
39327
39328
39345
39353
39377
39415
39505
39551
39570
39572
39578
39601
39605
39635
39672
39707
39718
39753
39786
39793
39848
39936
39947
39966
-1
