14
74
80
83
89
100
134
155
177
187
191
259
290
303
326
330
434
435
438
444
446
462
520
521
529
560
699
702
800
801
805
808
836
891
899
925
932
944
995
996
1019
1033
1055
1064
1076
1099
1156
1161
1164
1169
1174
1265
1273
1347
1378
1455
1469
1474
1526
1545
1550
1566
1574
1588
1594
1631
1644
1665
1673
1695
1696
1802
1817
1837
1874
1894
1964
1975
2021
2067
2071
2073
2107
2134
2142
2143
2230
2239
2249
2251
2252
2360
2369
2378
2396
2443
2455
2471
2504
2514
2515
2534
2579
2605
2637
2648
2655
2674
2695
2697
2700
2732
2740
2780
2794
2798
2864
2875
2937
2966
3037
3094
3129
3141
3171
3174
3190
3240
3258
3272
3340
3352
3364
3376
3388
3419
3434
3446
3453
3464
3467
3477
3491
3492
3500
3530
3585
3612
3615
3632
3662
3668
3724
3728
3785
3796
3797
3805
3833
3835
3839
3845
3892
3912
3990
4011
4021
4032
4093
4100
4109
4121
4122
4156
4160
4175
4185
4225
4418
4419
4472
4477
4485
4493
4502
4538
4555
4594
4610
4714
4750
4787
4863
4895
5028
5277
5279
5292
5335
5341
5386
5442
5454
5469
5479
5536
5537
5574
5622
5643
5645
5795
5819
5849
5865
5867
5868
5886
5899
5904
5905
5907
5997
6010
6107
6113
6121
6147
6171
6205
6212
6244
6257
6271
6278
6284
6301
6310
6339
6382
6385
6400
6406
6434
6441
6463
6489
6629
6660
6668
6689
6704
6769
6831
6856
6870
6881
6899
6934
6949
7035
7067
7069
7089
7103
7110
7125
7138
7141
7155
7224
7332
7333
7346
7379
7527
7597
7607
7617
7715
7735
7761
7787
7799
7844
7884
7932
7942
7956
7967
8010
8036
8038
8043
8047
8082
8100
8104
8119
8156
8184
8186
8230
8272
8301
8358
8385
8401
8488
8553
8560
8566
8593
8635
8654
8668
8677
8679
8705
8742
8756
8903
8939
8940
8959
8976
8979
9023
9025
9035
9057
9100
9128
9131
9150
9200
9228
9252
9303
9347
9367
9374
9390
9393
9426
9436
9450
9458
9470
9485
9497
9531
9534
9544
9570
9574
9698
9724
9803
9808
9817
9936
9946
9955
9993
10018
10041
10058
10075
10122
10133
10172
10176
10188
10280
10288
10351
10357
10419
10439
10496
10506
10536
10553
10639
10668
10673
10698
10724
10733
10753
10775
10803
10812
10845
10859
10900
10941
10981
11002
11021
11032
11051
11059
11065
11111
11193
11207
11218
11237
11244
11248
11251
11271
11382
11454
11475
11477
11500
11516
11561
11581
11591
11675
11682
11711
11724
11744
11760
11761
11770
11772
11800
11804
11823
11824
11877
11881
11960
11972
11977
11978
11985
11989
12036
12048
12051
12055
12094
12105
12106
12129
12136
12138
12151
12156
12160
12199
12215
12225
12236
12258
12285
12325
12375
12380
12381
12444
12449
12525
12614
12619
12626
12651
12657
12703
12720
12767
12780
12792
12818
12873
12889
12890
12902
12954
13018
13019
13038
13043
13051
13103
13111
13127
13176
13186
13227
13302
13316
13350
13392
13396
13414
13428
13440
13442
13498
13528
13536
13563
13603
13612
13616
13617
13634
13649
13722
13729
13788
13818
13850
13870
13890
13898
13900
13950
13965
14016
14021
14030
14040
14133
14153
14167
14168
14179
14197
14202
14220
14226
14240
14260
14273
14280
14303
14332
14381
14382
14416
14446
14457
14458
14465
14468
14484
14488
14499
14520
14551
14584
14601
14616
14635
14683
14687
14743
14825
14832
14844
14845
14881
14931
14954
14956
14974
14985
14987
15005
15070
15077
15103
15146
15149
15160
15198
15205
15227
15230
15250
15266
15268
15274
15326
15332
15345
15395
15434
15479
15483
15509
15525
15579
15627
15656
15664
15669
15690
15734
15745
15753
15795
15868
15876
15880
15895
16072
16126
16154
16156
16210
16225
16227
16268
16270
16304
16368
16405
16412
16424
16426
16434
16436
16447
16460
16541
16592
16597
16634
16668
16676
16729
16754
16760
16816
16827
16869
16871
16872
16939
16966
16980
16983
16990
16992
17002
17018
17039
17041
17049
17053
17054
17056
17074
17087
17090
17109
17129
17158
17175
17204
17207
17217
17300
17322
17349
17356
17398
17415
17434
17534
17539
17583
17585
17586
17624
17632
17636
17648
17702
17736
17752
17776
17786
17794
17805
17823
17865
17891
17920
17973
18003
18006
18009
18032
18125
18215
18235
18265
18276
18399
18445
18455
18468
18476
18608
18609
18634
18685
18703
18731
18760
18777
18785
18802
18831
18833
18839
18846
18876
18898
18916
19012
19027
19043
19052
19058
19079
19092
19098
19107
19126
19132
19147
19192
19204
19208
19223
19254
19285
19291
19298
19329
19348
19363
19379
19461
19477
19490
19532
19641
19654
19676
19683
19700
19759
19788
19820
19830
19939
19966
19981
20001
20017
20116
20232
20233
20275
20311
20320
20339
20354
20358
20378
20417
20428
20460
20469
20478
20501
20505
20566
20580
20627
20630
20702
20757
20767
20770
20822
20839
20898
20906
20918
20919
20923
20930
20949
20958
21096
21164
21209
21240
21315
21317
21338
21353
21394
21405
21414
21437
21448
21530
21534
21565
21727
21778
21831
21851
21898
21923
21967
22067
22077
22117
22126
22131
22133
22139
22159
22176
22204
22251
22254
22258
22331
22333
22339
22384
22392
22420
22433
22442
22447
22469
22510
22513
22518
22567
22616
22622
22702
22773
22804
22847
22848
22926
22992
23029
23046
23105
23183
23189
23194
23263
23302
23316
23322
23331
23342
23351
23372
23392
23399
23401
23406
23447
23453
23462
23489
23520
23569
23577
23617
23660
23674
23682
23719
23732
23768
23775
23787
23797
23808
23819
23824
23836
23847
23873
23890
23977
23986
24003
24015
24018
24020
24039
24040
24064
24095
24266
24273
24297
24307
24388
24491
24527
24556
24570
24601
24619
24637
24669
24675
24776
24789
24791
24808
24851
24859
24860
24890
24957
24965
24996
25005
25027
25086
25137
25186
25202
25215
25257
25265
25283
25287
25291
25305
25318
25330
25354
25360
25361
25414
25431
25455
25463
25486
25501
25560
25634
25656
25689
25703
25716
25730
25735
25752
25789
25792
25809
25832
25834
25841
25873
25899
25904
25922
25962
26018
26068
26080
26097
26153
26211
26257
26288
26301
26331
26340
26408
26558
26581
26607
26615
26620
26710
26765
26766
26801
26838
26889
26895
26949
26960
26968
26975
26998
27023
27028
27079
27096
27098
27105
27108
27129
27130
27159
27162
27190
27248
27257
27271
27286
27337
27346
27384
27413
27417
27469
27480
27486
27496
27596
27606
27681
27705
27747
27772
27783
27809
27853
27857
27931
27950
27968
27970
27989
27990
28048
28062
28063
28087
28100
28105
28111
28147
28163
28180
28191
28220
28252
28258
28277
28318
28327
28379
28501
28557
28609
28627
28652
28655
28694
28733
28763
28782
28873
28893
28902
28904
28907
28913
29018
29035
29044
29143
29153
29187
29212
29343
29353
29381
29384
29482
29526
29648
29669
29670
29689
29695
29718
29728
29773
29777
29785
29793
29923
29974
29983
30015
30032
30072
30092
30134
30164
30261
30277
30282
30295
30389
30432
30438
30464
30490
30493
30535
30568
30575
30585
30588
30594
30595
30600
30614
30622
30634
30660
30691
30701
30880
30886
30903
30951
30964
30965
30978
30986
30991
31023
31027
31051
31053
31103
31149
31163
31168
31183
31205
31285
31313
31320
31322
31331
31352
31378
31394
31418
31449
31490
31491
31564
31565
31580
31589
31675
31733
31794
31811
31834
31841
31844
31857
31863
31868
31889
31901
31926
31938
32002
32044
32046
32069
32094
32119
32163
32189
32209
32257
32281
32408
32410
32437
32475
32485
32503
32525
32531
32591
32628
32639
32667
32722
32730
32731
32783
32787
32791
32836
32920
32972
32982
33004
33031
33051
33057
33059
33098
33104
33142
33180
33186
33197
33199
33216
33250
33290
33292
33311
33324
33367
33465
33490
33538
33551
33560
33562
33647
33686
33705
33796
33799
33835
33858
33879
33962
33967
33989
34000
34003
34043
34087
34109
34150
34183
34189
34230
34235
34250
34284
34294
34315
34316
34376
34481
34484
34504
34518
34532
34557
34565
34568
34571
34574
34632
34636
34654
34656
34671
34724
34749
34779
34786
34792
34797
34887
34892
34936
34944
34970
34985
34992
35015
35020
35060
35063
35093
35101
35119
35130
35136
35165
35170
35189
35246
35376
35391
35395
35398
35405
35435
35463
35492
35503
35505
35552
35555
35591
35615
35641
35651
35655
35672
35676
35691
35696
35744
35756
35759
35805
35811
35830
35866
35887
35981
36059
36063
36070
36073
36122
36131
36143
36171
36178
36254
36262
36279
36309
36346
36407
36447
36448
36478
36484
36500
36534
36537
36572
36582
36624
36634
36644
36650
36651
36695
36738
36746
36799
36807
36844
36846
36864
36870
36947
37050
37062
37064
37067
37070
37122
37146
37156
37210
37259
37357
37359
37427
37461
37512
37519
37524
37535
37571
37651
37656
37672
37675
37713
37735
37773
37788
37790
37803
37811
37845
37849
37853
37867
37879
37930
37947
38002
38014
38018
38038
38057
38077
38152
38202
38251
38268
38269
38275
38397
38401
38402
38419
38446
38486
38493
38498
38549
38551
38575
38652
38687
38688
38700
38753
38766
38767
38783
38844
38905
38971
38987
39011
39014
39015
39086
39093
39097
39103
39155
39222
39276
39294
39300
39352
39385
39387
39417
39418
39437
39507
39516
39543
39554
39558
39573
39683
39693
39696
39749
39792
39794
39829
39847
39929
39934
39984
-1
