56
97
102
107
124
197
214
268
273
308
321
322
402
443
462
474
477
499
554
634
712
713
727
801
828
850
876
883
885
932
997
1004
1042
1154
1215
1250
1255
1263
1271
1295
1314
1409
1413
1436
1459
1503
1564
1576
1600
1609
1612
1649
1659
1662
1715
1759
1782
1828
1865
1883
1895
1905
1918
1926
1935
1941
1955
2005
2039
2061
2063
2065
2088
2118
2121
2140
2186
2195
2255
2294
2389
2410
2419
2434
2450
2458
2462
2465
2473
2478
2489
2520
2550
2561
2572
2576
2643
2670
2708
2748
2761
2767
2818
2822
2888
2930
2977
3000
3007
3027
3036
3051
3072
3073
3076
3139
3205
3263
3290
3293
3312
3314
3325
3352
3358
3369
3390
3415
3423
3443
3528
3559
3587
3643
3644
3689
3729
3735
3762
3781
3794
3937
3954
3957
3975
3982
3987
4037
4059
4069
4113
4121
4132
4142
4149
4176
4188
4205
4285
4295
4296
4337
4353
4377
4403
4412
4423
4504
4507
4581
4603
4612
4613
4620
4627
4641
4655
4680
4696
4779
4800
4807
4833
4839
4851
4894
4915
4942
4970
4990
5040
5072
5108
5109
5164
5219
5239
5254
5268
5300
5323
5372
5398
5497
5506
5508
5514
5541
5566
5578
5663
5673
5683
5709
5719
5753
5775
5814
5830
5837
5863
5913
5926
5982
5987
6012
6021
6026
6032
6098
6117
6150
6167
6172
6207
6233
6267
6287
6289
6290
6293
6299
6316
6321
6337
6574
6591
6592
6600
6608
6657
6678
6690
6803
6804
6859
6860
6867
6870
6887
6894
6913
6935
6958
6961
7022
7032
7063
7076
7087
7094
7124
7131
7136
7153
7206
7254
7261
7268
7278
7294
7314
7337
7357
7381
7544
7552
7565
7613
7618
7626
7648
7664
7690
7717
7797
7872
7953
7958
7959
7977
8008
8117
8187
8200
8261
8284
8310
8335
8343
8360
8380
8406
8456
8467
8508
8547
8556
8575
8633
8689
8740
8748
8756
8788
8792
8879
8894
8910
8921
8954
8990
9008
9029
9045
9066
9086
9160
9165
9190
9227
9271
9280
9285
9432
9463
9472
9478
9515
9516
9566
9573
9578
9614
9637
9697
9779
9840
9861
9885
9924
9959
10021
10056
10061
10094
10119
10120
10141
10172
10197
10214
10312
10316
10317
10318
10324
10333
10349
10370
10374
10380
10411
10424
10479
10514
10527
10592
10632
10640
10666
10682
10698
10705
10748
10753
10761
10788
10793
10916
10946
10975
10976
10983
11055
11077
11079
11098
11115
11157
11171
11200
11210
11231
11273
11276
11290
11309
11322
11330
11401
11421
11446
11457
11466
11518
11523
11559
11652
11659
11671
11732
11759
11792
11815
11818
11836
11843
11911
11919
11936
11970
11988
12015
12020
12128
12149
12162
12191
12195
12197
12224
12239
12242
12249
12254
12263
12351
12382
12400
12420
12456
12472
12475
12518
12542
12544
12579
12588
12617
12625
12666
12673
12692
12695
12704
12760
12768
12775
12794
12829
12878
12938
12946
12963
12987
13033
13080
13108
13156
13181
13189
13206
13214
13236
13242
13269
13278
13308
13312
13324
13344
13356
13391
13402
13431
13449
13496
13502
13652
13671
13690
13737
13747
13764
13788
13795
13812
13815
13843
13865
13880
13887
13948
13974
13986
14024
14032
14048
14059
14075
14076
14130
14161
14197
14278
14428
14438
14447
14472
14477
14513
14598
14605
14634
14678
14714
14736
14819
14861
14958
14976
14980
15080
15095
15125
15187
15194
15203
15205
15229
15234
15305
15314
15315
15344
15368
15398
15404
15413
15432
15466
15491
15493
15507
15528
15535
15563
15567
15580
15586
15593
15616
15683
15707
15720
15730
15765
15766
15769
15829
15841
15872
15874
15909
15911
15952
16006
16014
16074
16101
16116
16132
16138
16160
16202
16227
16268
16328
16354
16361
16411
16487
16495
16524
16532
16556
16632
16681
16722
16742
16770
16788
16838
16841
16851
16863
16875
16910
16926
16937
16964
16983
17003
17012
17040
17079
17108
17137
17142
17170
17186
17224
17253
17308
17322
17372
17379
17414
17546
17553
17555
17608
17625
17626
17644
17668
17669
17686
17722
17724
17737
17747
17756
17757
17867
17903
17924
17951
17991
18019
18023
18090
18161
18216
18315
18345
18386
18392
18459
18485
18518
18521
18535
18548
18560
18592
18615
18625
18632
18636
18690
18702
18717
18736
18787
18791
18798
18802
18817
18880
18889
18915
18917
18928
18951
19018
19034
19048
19089
19139
19152
19218
19223
19234
19276
19279
19368
19370
19408
19416
19429
19459
19503
19511
19512
19524
19547
19554
19674
19712
19724
19730
19750
19791
19795
19848
19871
19878
19932
19978
20002
20024
20052
20053
20071
20087
20255
20264
20266
20333
20458
20525
20530
20572
20665
20673
20689
20755
20767
20804
20810
20816
20826
20839
20855
20857
20860
20879
20882
20935
20966
21037
21054
21108
21109
21123
21176
21222
21230
21263
21346
21365
21413
21429
21454
21459
21467
21547
21553
21557
21641
21735
21742
21776
21809
21907
21914
21946
22007
22021
22034
22045
22052
22078
22093
22118
22175
22183
22193
22198
22230
22242
22344
22394
22411
22467
22528
22533
22554
22559
22583
22654
22673
22687
22723
22790
22794
22817
22838
22902
22914
22929
22992
22994
23007
23016
23077
23082
23128
23141
23208
23249
23292
23318
23327
23343
23361
23531
23539
23543
23544
23582
23589
23599
23634
23674
23681
23683
23708
23722
23827
23847
23850
23871
23883
23916
23917
23923
23928
23960
23965
23970
23995
24005
24008
24040
24129
24144
24209
24212
24213
24215
24220
24239
24284
24287
24290
24291
24314
24341
24382
24386
24409
24412
24427
24472
24550
24570
24604
24608
24631
24637
24660
24662
24668
24807
24937
24939
25060
25100
25115
25149
25164
25178
25253
25261
25306
25359
25389
25458
25512
25534
25545
25582
25643
25660
25661
25678
25742
25770
25806
25876
25903
25932
25966
25981
26060
26123
26163
26175
26180
26192
26222
26227
26230
26233
26265
26298
26310
26330
26353
26364
26373
26381
26400
26403
26468
26501
26517
26540
26541
26560
26575
26605
26660
26691
26879
26899
26913
26957
27017
27022
27042
27046
27058
27105
27140
27153
27155
27162
27169
27176
27204
27220
27222
27229
27240
27241
27253
27336
27338
27377
27483
27513
27551
27552
27596
27601
27626
27637
27651
27655
27659
27711
27721
27722
27743
27750
27766
27771
27824
27833
27845
27911
27937
27997
28016
28051
28065
28166
28178
28179
28181
28184
28212
28275
28291
28354
28378
28392
28422
28437
28444
28502
28549
28560
28564
28591
28627
28644
28668
28671
28688
28691
28705
28743
28830
28838
28850
28873
28874
28895
28901
28935
28938
28950
28951
28964
28987
29034
29036
29038
29048
29058
29063
29067
29099
29108
29113
29139
29145
29147
29170
29172
29215
29226
29255
29345
29347
29387
29393
29414
29436
29442
29478
29521
29530
29546
29561
29604
29647
29668
29669
29685
29690
29700
29732
29742
29745
29776
29786
29836
29844
29902
29906
29909
29965
29971
29974
29992
30066
30101
30153
30181
30285
30294
30298
30311
30334
30342
30400
30406
30426
30446
30458
30475
30490
30495
30547
30564
30570
30574
30593
30656
30665
30666
30673
30712
30720
30742
30747
30769
30795
30876
30900
30920
30978
30980
31033
31046
31076
31100
31119
31167
31178
31199
31217
31253
31263
31307
31345
31423
31431
31456
31490
31537
31542
31553
31599
31608
31646
31663
31688
31730
31750
31797
31820
31851
31858
31860
31861
31880
31965
32028
32032
32050
32055
32078
32091
32102
32105
32161
32162
32181
32200
32204
32249
32330
32376
32384
32420
32421
32432
32462
32471
32481
32483
32547
32563
32572
32584
32643
32689
32700
32734
32773
32779
32849
32853
32904
33052
33059
33106
33124
33151
33157
33189
33201
33225
33290
33310
33319
33382
33401
33413
33428
33475
33498
33523
33530
33548
33558
33581
33606
33623
33673
33701
33702
33708
33712
33784
33890
33901
33919
33923
33941
33953
33977
33993
34035
34060
34087
34091
34110
34144
34174
34219
34254
34256
34271
34325
34380
34411
34416
34425
34431
34463
34478
34489
34495
34510
34543
34579
34594
34597
34599
34607
34615
34622
34652
34664
34677
34683
34707
34735
34739
34767
34812
34832
34838
34846
34876
34907
34911
34949
34967
35024
35034
35066
35131
35144
35148
35163
35178
35184
35212
35214
35238
35252
35307
35340
35347
35380
35422
35501
35531
35593
35598
35659
35670
35681
35697
35737
35776
35787
35830
35870
35875
35877
35897
35905
35945
35998
36002
36024
36040
36042
36045
36050
36083
36126
36135
36156
36167
36247
36249
36283
36341
36375
36406
36432
36467
36479
36490
36552
36567
36581
36596
36597
36647
36654
36678
36679
36681
36717
36742
36765
36793
36806
36812
36838
36842
36860
36900
36903
36918
36920
36944
36976
37003
37018
37020
37041
37046
37106
37117
37122
37182
37186
37236
37270
37275
37312
37378
37408
37417
37441
37467
37472
37474
37548
37580
37587
37615
37655
37667
37711
37720
37760
37767
37824
37841
37865
37866
37906
37910
37943
37954
37955
37956
37992
37993
38044
38061
38067
38076
38115
38140
38155
38159
38230
38292
38320
38413
38484
38517
38524
38559
38561
38591
38605
38612
38635
38690
38698
38707
38712
38738
38772
38788
38826
38841
38843
38844
38872
38909
38921
38932
38948
38954
38959
38992
39032
39061
39069
39119
39258
39356
39380
39405
39423
39493
39496
39507
39532
39534
39619
39687
39721
39727
39729
39731
39758
39802
39810
39865
39886
39940
39967
-1
