0
60
62
247
294
307
325
340
351
352
353
360
398
431
467
479
533
651
667
727
766
821
859
867
869
915
918
919
930
943
966
982
1012
1018
1067
1081
1099
1125
1238
1278
1298
1300
1331
1387
1416
1437
1445
1490
1497
1563
1598
1635
1649
1650
1685
1734
1742
1743
1766
1769
1784
1805
1820
1841
1862
1940
1972
2007
2025
2037
2093
2099
2118
2184
2262
2292
2305
2306
2321
2328
2341
2347
2353
2368
2369
2384
2396
2431
2453
2466
2561
2626
2653
2664
2667
2697
2755
2779
2794
2831
2838
2856
2869
2934
2941
2966
3025
3038
3042
3105
3110
3122
3255
3258
3269
3273
3320
3382
3386
3396
3461
3463
3489
3558
3583
3591
3623
3774
3801
3842
3853
3864
3902
3972
3985
4017
4031
4044
4084
4124
4218
4228
4251
4260
4265
4279
4309
4310
4327
4339
4389
4497
4505
4520
4555
4607
4690
4726
4769
4770
4775
4841
4870
4894
4905
4947
4984
5160
5165
5181
5198
5205
5223
5263
5268
5271
5276
5281
5378
5416
5420
5486
5547
5589
5621
5644
5647
5649
5653
5656
5666
5671
5672
5674
5680
5716
5719
5746
5753
5769
5783
5788
5800
5819
5857
5858
5883
5891
5899
5908
5920
5939
5944
5984
6017
6023
6037
6040
6057
6071
6088
6097
6127
6162
6166
6182
6190
6284
6315
6319
6321
6322
6327
6356
6396
6413
6416
6452
6457
6480
6501
6507
6526
6530
6536
6545
6609
6616
6617
6655
6731
6754
6762
6772
6800
6815
6819
6822
6860
6865
6904
6940
6954
7065
7074
7104
7122
7160
7165
7180
7239
7248
7256
7348
7377
7389
7482
7504
7544
7548
7553
7612
7614
7633
7742
7773
7800
7818
7825
7836
7852
7860
7868
7928
7934
7968
7997
8015
8025
8068
8070
8092
8130
8284
8300
8305
8355
8365
8401
8404
8528
8552
8555
8565
8581
8583
8601
8622
8683
8686
8709
8760
8773
8790
8818
8847
8853
8866
8886
8906
8917
8925
9022
9032
9048
9054
9078
9083
9089
9115
9124
9161
9166
9195
9226
9233
9243
9245
9273
9322
9341
9361
9396
9400
9438
9446
9450
9466
9516
9540
9625
9644
9655
9681
9692
9735
9740
9744
9763
9789
9842
9851
9867
9876
9889
9927
9947
9949
9984
9985
10011
10018
10036
10050
10101
10110
10131
10149
10175
10183
10197
10198
10243
10317
10327
10399
10462
10469
10486
10651
10667
10668
10709
10728
10738
10758
10759
10761
10768
10780
10821
10829
10838
10876
10882
10940
10949
10954
10980
10995
10999
11010
11041
11076
11131
11159
11172
11200
11209
11217
11253
11289
11315
11345
11482
11500
11510
11518
11552
11571
11578
11584
11647
11680
11683
11742
11764
11772
11781
11826
11880
11883
11946
12009
12024
12030
12049
12078
12087
12088
12096
12103
12159
12160
12184
12242
12251
12310
12367
12385
12389
12416
12419
12429
12438
12447
12492
12502
12517
12539
12566
12584
12619
12650
12674
12688
12696
12717
12721
12737
12789
12798
12809
12885
12948
12981
13002
13003
13049
13073
13140
13184
13186
13235
13251
13314
13457
13468
13513
13518
13529
13576
13584
13612
13636
13654
13663
13677
13736
13758
13778
13786
13792
13856
13875
13931
13937
13941
13945
13979
14005
14018
14060
14075
14084
14092
14165
14183
14193
14212
14224
14230
14245
14260
14269
14270
14380
14384
14407
14421
14441
14463
14466
14489
14514
14543
14564
14574
14660
14701
14743
14754
14805
14854
14906
14911
14965
14970
14977
15042
15061
15072
15096
15167
15182
15189
15203
15226
15243
15257
15259
15260
15269
15330
15367
15417
15436
15489
15490
15503
15520
15538
15585
15613
15615
15649
15673
15758
15783
15817
15910
15921
15957
15960
15968
15970
16000
16070
16071
16072
16073
16105
16129
16172
16285
16290
16303
16310
16329
16347
16351
16352
16427
16477
16514
16524
16560
16564
16593
16604
16622
16631
16640
16668
16719
16725
16751
16790
16813
16820
16848
16853
16871
16905
16976
16990
17000
17013
17041
17064
17113
17129
17174
17184
17186
17196
17199
17204
17217
17239
17298
17314
17316
17373
17452
17488
17500
17539
17552
17559
17561
17599
17600
17621
17626
17631
17647
17655
17679
17681
17710
17717
17780
17795
17928
17941
17962
17968
18008
18014
18022
18052
18092
18138
18154
18163
18168
18182
18184
18187
18211
18217
18243
18266
18305
18323
18333
18334
18373
18377
18381
18426
18440
18447
18479
18483
18486
18496
18520
18531
18543
18576
18577
18585
18587
18672
18681
18720
18733
18792
18829
18844
18861
18868
18879
18888
18895
18905
18946
18952
18958
18999
19066
19136
19185
19231
19244
19261
19273
19288
19305
19329
19354
19376
19393
19407
19434
19460
19507
19548
19638
19644
19675
19718
19722
19726
19764
19780
19790
19887
19889
19921
20038
20057
20096
20104
20111
20125
20137
20146
20159
20195
20210
20214
20218
20220
20231
20240
20259
20309
20371
20407
20464
20531
20568
20634
20676
20725
20736
20778
20805
20824
20828
20829
20870
20900
20909
20959
21014
21037
21107
21119
21136
21200
21222
21302
21328
21332
21340
21360
21428
21432
21516
21606
21708
21717
21726
21738
21749
21763
21810
21814
21818
21878
21880
21895
21902
21929
21930
21982
21994
22011
22020
22029
22031
22036
22084
22153
22259
22264
22323
22333
22344
22380
22383
22385
22395
22398
22413
22435
22483
22569
22571
22583
22696
22727
22792
22812
22871
22897
22932
22963
23055
23068
23089
23099
23108
23117
23121
23129
23134
23166
23168
23175
23195
23202
23223
23245
23302
23358
23374
23416
23469
23472
23523
23531
23576
23582
23630
23642
23668
23692
23704
23728
23733
23743
23777
23815
23816
23873
23874
23875
23877
23942
23960
23981
24031
24041
24052
24078
24181
24229
24230
24249
24316
24326
24362
24457
24500
24504
24510
24513
24518
24557
24579
24582
24600
24616
24666
24675
24728
24732
24740
24787
24818
24835
24853
24863
24876
24883
24906
24933
24934
24995
25012
25041
25060
25123
25127
25225
25320
25369
25385
25397
25413
25442
25483
25489
25508
25570
25610
25643
25662
25729
25746
25821
25827
25858
25860
25881
25899
25915
25950
25959
25983
26001
26002
26006
26036
26108
26244
26256
26260
26307
26311
26342
26408
26459
26482
26519
26546
26556
26613
26618
26624
26628
26631
26660
26691
26698
26705
26723
26808
26832
26833
26860
26954
26955
26981
27053
27071
27120
27163
27182
27185
27188
27224
27248
27291
27349
27372
27392
27432
27436
27445
27457
27494
27546
27555
27557
27579
27599
27627
27631
27646
27664
27711
27733
27738
27742
27779
27859
27864
27874
27927
27960
27971
27994
28009
28120
28148
28161
28209
28225
28336
28369
28370
28374
28393
28414
28438
28510
28516
28539
28584
28591
28614
28640
28655
28676
28718
28719
28734
28747
28757
28773
28778
28783
28790
28803
28809
28816
28824
28827
28847
28860
28900
28914
28915
28918
28929
28981
29002
29034
29043
29044
29052
29055
29101
29137
29150
29207
29218
29222
29236
29245
29249
29424
29434
29497
29509
29539
29565
29616
29706
29748
29751
29805
29827
29841
29843
29859
29863
29925
29981
29991
30014
30109
30178
30187
30223
30243
30313
30327
30343
30368
30390
30502
30505
30515
30526
30536
30576
30608
30621
30626
30675
30685
30705
30710
30720
30731
30873
30877
30897
30928
30961
31002
31011
31082
31090
31093
31100
31128
31136
31170
31186
31190
31218
31225
31322
31326
31351
31390
31455
31497
31544
31555
31584
31593
31634
31654
31662
31694
31702
31738
31751
31759
31796
31893
31947
31963
32002
32058
32089
32107
32206
32212
32232
32248
32299
32373
32405
32420
32424
32458
32483
32484
32555
32559
32583
32585
32592
32595
32620
32677
32709
32716
32722
32762
32808
32824
32845
32849
32869
33052
33065
33180
33248
33259
33283
33299
33302
33315
33395
33419
33430
33442
33492
33537
33539
33547
33559
33605
33619
33631
33653
33701
33718
33734
33748
33772
33778
33806
33827
33858
33878
33967
33997
34011
34030
34063
34121
34137
34183
34270
34284
34340
34382
34417
34467
34510
34528
34534
34587
34594
34611
34612
34613
34619
34648
34649
34701
34722
34730
34737
34807
34831
34853
34905
34949
34956
35017
35030
35041
35054
35056
35058
35062
35211
35213
35361
35401
35415
35425
35452
35480
35497
35530
35540
35585
35628
35644
35661
35673
35693
35726
35837
35842
35857
35865
35885
35892
35932
35935
35942
35965
35968
35989
35995
36007
36107
36325
36330
36333
36335
36408
36410
36436
36459
36474
36483
36512
36521
36532
36555
36559
36576
36583
36619
36661
36669
36676
36683
36692
36700
36703
36712
36746
36751
36783
36831
36856
36880
36884
36949
36955
36987
36999
37012
37025
37055
37113
37126
37130
37133
37175
37230
37266
37282
37300
37386
37391
37439
37442
37460
37468
37483
37498
37515
37523
37525
37538
37539
37548
37570
37609
37623
37668
37708
37780
37795
37805
37825
37846
37860
37880
37881
37890
37897
37921
37924
37946
37987
38012
38015
38046
38056
38063
38070
38073
38083
38096
38136
38187
38218
38238
38253
38261
38267
38332
38352
38386
38447
38452
38498
38502
38568
38617
38618
38680
38703
38747
38752
38753
38757
38771
38810
38833
38874
38932
38960
39001
39039
39138
39152
39153
39155
39160
39180
39220
39223
39226
39244
39300
39307
39315
39368
39446
39450
39452
39456
39507
39564
39623
39638
39641
39660
39687
39728
39742
39770
39776
39800
39868
39878
39917
39926
39946
39956
-1
