46
52
67
97
110
155
251
284
292
308
311
328
330
334
350
357
359
390
427
430
460
479
517
536
553
558
569
572
586
656
658
679
772
782
813
824
830
838
843
861
895
948
1055
1088
1118
1131
1133
1203
1276
1338
1374
1426
1428
1441
1447
1478
1485
1505
1548
1573
1589
1623
1656
1690
1706
1719
1722
1724
1726
1727
1754
1760
1768
1890
1923
1978
1999
2025
2041
2052
2057
2122
2133
2182
2185
2198
2215
2217
2228
2246
2294
2371
2429
2444
2452
2484
2531
2567
2687
2702
2730
2731
2782
2814
2820
2837
2862
2866
2906
2919
2951
2965
2973
3047
3051
3056
3072
3101
3188
3235
3273
3282
3382
3440
3444
3485
3493
3557
3558
3691
3722
3786
3796
3807
3816
3849
3891
3915
3916
3924
3969
3973
3985
3998
4011
4022
4057
4067
4075
4089
4098
4101
4104
4154
4172
4227
4256
4266
4328
4330
4362
4385
4418
4459
4471
4520
4527
4545
4549
4574
4577
4601
4607
4609
4614
4617
4642
4660
4665
4727
4740
4746
4760
4762
4763
4879
4906
4907
4916
4981
4987
4988
5004
5048
5075
5102
5156
5162
5165
5170
5181
5229
5269
5289
5302
5303
5304
5310
5354
5358
5390
5395
5402
5498
5507
5522
5537
5565
5584
5608
5630
5632
5649
5668
5700
5714
5718
5720
5741
5745
5818
5887
5908
5971
5978
5984
6009
6022
6065
6130
6144
6160
6161
6166
6180
6185
6195
6200
6201
6203
6206
6228
6231
6244
6248
6311
6347
6397
6457
6491
6495
6595
6598
6611
6637
6680
6759
6771
6783
6793
6814
6855
6898
6899
6900
6914
6925
6927
6943
6951
6983
6988
6999
7017
7090
7101
7126
7134
7171
7235
7238
7269
7346
7384
7441
7444
7462
7476
7480
7484
7505
7594
7680
7688
7708
7738
7751
7752
7757
7808
7809
7824
7859
7868
7870
7887
7899
7975
8020
8055
8069
8077
8132
8138
8161
8197
8239
8389
8425
8445
8496
8534
8546
8552
8651
8662
8723
8734
8740
8763
8820
8825
8844
8849
8857
8860
8912
8914
8915
8916
8941
8943
8954
8959
9022
9026
9060
9075
9083
9095
9102
9111
9137
9166
9181
9223
9234
9254
9274
9304
9332
9340
9341
9347
9383
9389
9403
9425
9469
9522
9528
9541
9542
9577
9619
9644
9724
9813
9899
9905
9941
9989
9990
10016
10032
10051
10078
10122
10142
10163
10189
10200
10219
10227
10230
10241
10242
10294
10337
10358
10420
10424
10429
10445
10471
10472
10486
10518
10539
10551
10571
10618
10682
10683
10717
10722
10790
10810
10841
10925
10929
10958
10985
10991
11059
11082
11094
11155
11182
11240
11265
11379
11405
11505
11508
11520
11548
11565
11594
11601
11604
11606
11624
11626
11654
11674
11699
11761
11762
11771
11798
11801
11804
11808
11869
11879
11916
11945
11950
11978
12022
12038
12046
12048
12060
12113
12206
12242
12252
12296
12299
12346
12360
12423
12425
12468
12473
12482
12485
12488
12503
12544
12561
12565
12581
12595
12680
12699
12717
12761
12814
12827
12898
12901
12926
12933
12955
12995
13009
13024
13043
13091
13095
13112
13137
13140
13151
13168
13180
13310
13322
13381
13418
13492
13518
13581
13590
13638
13640
13643
13652
13670
13694
13727
13733
13750
13793
13798
13816
13819
13855
13865
13908
13913
13935
13947
13953
14015
14018
14035
14067
14085
14099
14106
14111
14178
14225
14290
14306
14324
14353
14362
14377
14417
14435
14454
14475
14506
14526
14591
14650
14749
14771
14822
14832
14837
14876
14887
14913
14936
14948
14951
14979
14994
15006
15019
15047
15102
15121
15145
15150
15211
15244
15273
15285
15293
15319
15340
15348
15365
15406
15416
15427
15439
15454
15485
15561
15566
15579
15581
15590
15600
15611
15672
15697
15719
15774
15789
15799
15800
15877
15880
15893
15925
15989
16012
16025
16055
16072
16086
16118
16199
16205
16228
16234
16238
16243
16245
16249
16294
16337
16360
16379
16384
16444
16530
16533
16546
16560
16619
16623
16632
16651
16669
16701
16711
16721
16774
16782
16883
16896
16898
16939
16952
16958
16990
17002
17006
17107
17108
17115
17118
17186
17194
17317
17364
17390
17395
17413
17439
17468
17477
17533
17545
17558
17632
17675
17686
17782
17785
17820
17856
17952
18002
18076
18134
18154
18178
18198
18216
18251
18259
18261
18266
18276
18309
18334
18336
18341
18358
18362
18395
18400
18414
18432
18451
18472
18510
18525
18530
18566
18613
18680
18693
18703
18704
18726
18797
18849
18871
18908
18978
19057
19137
19145
19161
19252
19285
19295
19328
19330
19359
19362
19391
19444
19453
19454
19473
19474
19478
19500
19523
19541
19546
19558
19601
19612
19653
19678
19679
19689
19699
19702
19819
19856
19952
20016
20026
20051
20069
20114
20121
20186
20208
20252
20270
20335
20372
20373
20397
20427
20459
20511
20534
20560
20564
20602
20646
20663
20685
20696
20737
20740
20772
20798
20824
20878
20918
20923
20935
20958
20978
20990
21004
21031
21043
21072
21074
21084
21099
21119
21197
21205
21246
21269
21294
21330
21342
21372
21384
21473
21482
21493
21499
21542
21550
21556
21563
21635
21641
21669
21673
21719
21773
21809
21812
21817
21819
21874
21880
21912
21918
21923
21931
21972
22023
22025
22056
22058
22066
22171
22176
22182
22208
22223
22238
22334
22366
22379
22403
22421
22455
22461
22521
22570
22590
22634
22651
22661
22670
22684
22704
22730
22731
22735
22780
22786
22807
22808
22841
22904
22957
22990
23011
23035
23037
23044
23048
23094
23164
23167
23190
23192
23228
23279
23300
23325
23362
23368
23389
23439
23474
23490
23518
23537
23604
23605
23623
23648
23658
23694
23748
23790
23796
23869
23888
23894
23920
23923
23954
23992
24079
24089
24135
24147
24191
24209
24211
24229
24242
24273
24315
24323
24334
24425
24429
24440
24498
24515
24553
24557
24603
24636
24657
24665
24693
24768
24775
24782
24935
24940
24984
25125
25137
25144
25173
25176
25184
25241
25250
25259
25281
25315
25364
25386
25388
25486
25527
25539
25548
25551
25576
25577
25685
25706
25748
25772
25787
25819
25826
25837
25852
25862
25952
25999
26072
26120
26241
26245
26247
26258
26312
26319
26352
26461
26476
26478
26506
26510
26516
26531
26533
26568
26605
26607
26609
26618
26641
26642
26688
26718
26792
26794
26795
26814
26816
26901
26904
26905
26912
26946
26969
26994
26997
27069
27083
27085
27126
27166
27217
27231
27237
27283
27304
27356
27361
27392
27394
27405
27418
27425
27496
27509
27517
27526
27543
27565
27605
27646
27668
27688
27714
27723
27763
27788
27796
27828
27830
27842
27845
27860
27869
27973
27983
27987
28034
28056
28069
28154
28198
28243
28303
28376
28411
28501
28521
28544
28585
28622
28624
28705
28718
28726
28734
28739
28748
28832
28837
28845
28854
28893
28898
28911
28966
28998
29029
29049
29055
29073
29074
29135
29151
29169
29179
29216
29274
29284
29298
29309
29321
29327
29334
29358
29453
29502
29508
29563
29591
29635
29656
29681
29693
29750
29774
29778
29780
29832
29847
29857
29892
29939
29965
29989
30015
30032
30033
30035
30046
30055
30096
30101
30162
30166
30168
30207
30235
30258
30271
30275
30337
30339
30362
30418
30422
30482
30560
30583
30615
30633
30641
30646
30668
30730
30756
30789
30838
30841
30887
30888
30917
30956
30965
30986
31016
31032
31048
31059
31115
31147
31162
31192
31294
31302
31375
31387
31406
31488
31514
31559
31564
31648
31653
31667
31711
31713
31732
31733
31739
31772
31803
31821
31836
31843
31894
31932
31952
31958
31971
31984
32038
32079
32084
32134
32142
32162
32199
32233
32343
32378
32397
32413
32423
32432
32434
32451
32458
32508
32544
32595
32603
32646
32649
32676
32696
32717
32808
32868
32978
33000
33038
33069
33091
33102
33166
33169
33212
33224
33228
33231
33239
33269
33304
33317
33363
33404
33439
33455
33518
33527
33565
33613
33688
33691
33693
33712
33717
33718
33772
33807
33842
33849
33858
33876
33891
33908
34007
34021
34068
34088
34094
34100
34194
34208
34212
34253
34295
34343
34344
34433
34518
34547
34567
34573
34588
34591
34593
34615
34618
34623
34628
34664
34666
34670
34674
34695
34764
34765
34775
34820
34870
34913
34939
34949
34951
34968
34992
35023
35047
35088
35093
35115
35133
35143
35172
35183
35184
35186
35207
35232
35234
35235
35252
35262
35264
35274
35326
35343
35380
35385
35404
35453
35470
35472
35508
35526
35534
35596
35598
35633
35640
35652
35688
35700
35704
35730
35756
35765
35772
35803
35810
35820
35843
35860
35864
35904
36035
36050
36052
36075
36118
36127
36135
36153
36172
36210
36226
36228
36242
36260
36266
36305
36308
36378
36410
36490
36530
36572
36598
36655
36666
36668
36676
36715
36725
36747
36788
36863
36892
36898
36901
36930
36979
37011
37021
37086
37118
37138
37193
37210
37298
37318
37359
37395
37411
37422
37497
37509
37520
37522
37539
37572
37574
37593
37613
37622
37632
37644
37660
37666
37668
37669
37732
37744
37776
37797
37798
37819
37856
37871
37882
37915
37943
37946
38019
38033
38054
38091
38146
38156
38243
38244
38256
38263
38295
38320
38322
38359
38477
38489
38510
38542
38543
38552
38576
38623
38644
38719
38875
38896
38928
38936
38972
38980
38996
38998
39050
39053
39080
39091
39120
39128
39136
39171
39200
39253
39267
39286
39343
39396
39461
39467
39580
39587
39617
39621
39651
39663
39829
39832
39939
-1
