7
8
16
47
63
88
98
109
126
155
170
172
173
211
220
235
266
298
307
391
401
411
500
522
545
549
576
620
665
709
723
784
796
801
806
856
915
934
935
937
1052
1055
1058
1161
1222
1235
1254
1299
1342
1377
1401
1403
1413
1451
1491
1496
1537
1585
1674
1677
1722
1726
1733
1750
1776
1788
1791
1811
1889
1890
1907
1920
1929
1982
2126
2151
2158
2169
2189
2193
2248
2252
2253
2258
2262
2265
2346
2365
2386
2388
2420
2448
2453
2470
2482
2510
2640
2684
2687
2713
2725
2786
2832
2883
2917
2920
2925
2929
2962
2982
3002
3009
3027
3041
3047
3071
3072
3126
3138
3174
3181
3187
3204
3253
3293
3331
3371
3415
3484
3528
3537
3562
3586
3660
3675
3704
3748
3769
3781
3791
3797
3801
3827
3831
3839
3842
3868
3894
3904
3911
3921
3922
3927
3934
3971
3983
4000
4019
4032
4042
4043
4058
4120
4173
4196
4210
4235
4238
4252
4257
4275
4280
4291
4306
4326
4328
4346
4488
4490
4533
4540
4562
4573
4616
4665
4689
4691
4701
4721
4741
4746
4826
4863
4865
4876
4897
4905
4935
4987
5036
5049
5057
5089
5104
5113
5114
5132
5134
5166
5217
5249
5304
5311
5326
5374
5424
5466
5471
5551
5568
5634
5656
5678
5690
5693
5727
5741
5781
5819
5850
5873
5884
5995
6022
6050
6060
6078
6147
6148
6158
6169
6216
6269
6272
6280
6358
6474
6480
6487
6503
6511
6521
6535
6548
6552
6590
6591
6694
6709
6745
6758
6759
6771
6805
6810
6844
6870
6876
6909
6939
6944
6951
6986
6997
7009
7071
7101
7114
7154
7167
7204
7223
7242
7351
7483
7487
7508
7512
7538
7558
7589
7597
7611
7642
7646
7700
7778
7785
7879
7887
7927
7931
7980
7995
8004
8029
8039
8045
8100
8132
8146
8147
8153
8169
8174
8186
8197
8243
8352
8359
8364
8385
8402
8453
8455
8469
8503
8515
8533
8548
8577
8611
8616
8630
8658
8728
8732
8757
8769
8814
8823
8857
8919
8953
8971
8982
8988
9000
9003
9067
9091
9124
9129
9134
9142
9149
9177
9196
9205
9234
9265
9281
9293
9298
9383
9384
9393
9435
9501
9537
9540
9555
9565
9571
9603
9604
9640
9641
9663
9687
9691
9725
9727
9776
9804
9811
9826
9837
9899
9953
9980
9986
9989
9999
10050
10057
10100
10114
10115
10156
10161
10179
10186
10216
10217
10251
10254
10353
10358
10396
10404
10490
10508
10538
10543
10632
10642
10683
10688
10693
10717
10769
10774
10800
10825
10843
10879
10895
10910
11031
11075
11096
11153
11166
11200
11214
11239
11240
11282
11294
11296
11348
11361
11411
11416
11440
11467
11477
11485
11493
11503
11516
11539
11586
11667
11672
11689
11698
11710
11724
11739
11752
11767
11779
11813
11852
11887
11895
11901
11907
11969
11971
12033
12128
12161
12196
12222
12238
12244
12257
12266
12275
12306
12312
12325
12358
12360
12501
12516
12544
12559
12570
12582
12594
12633
12662
12675
12686
12705
12731
12732
12749
12761
12773
12812
12815
12872
12878
12885
12954
12982
13054
13070
13079
13120
13137
13155
13185
13188
13250
13277
13300
13315
13332
13356
13405
13422
13428
13519
13521
13569
13578
13579
13595
13642
13659
13669
13677
13740
13742
13751
13761
13782
13792
13800
13814
13825
13833
13847
13858
13876
13891
13899
13938
13982
14013
14016
14059
14068
14092
14112
14126
14185
14209
14252
14268
14293
14300
14303
14322
14361
14396
14419
14448
14496
14522
14540
14561
14567
14601
14602
14643
14858
14891
14893
14926
14958
14967
14982
15032
15033
15079
15096
15102
15105
15130
15163
15189
15191
15202
15223
15285
15304
15355
15361
15367
15378
15382
15431
15455
15502
15531
15542
15549
15552
15589
15641
15664
15686
15778
15781
15867
15891
15947
15972
16058
16066
16071
16078
16115
16133
16154
16182
16192
16200
16215
16326
16345
16376
16384
16429
16437
16448
16520
16541
16671
16684
16690
16706
16713
16728
16756
16826
16869
16911
16935
16945
16963
16970
16979
17006
17011
17012
17088
17089
17121
17138
17243
17256
17274
17295
17307
17310
17312
17355
17356
17369
17396
17425
17510
17524
17547
17577
17583
17586
17643
17650
17663
17786
17837
17851
17876
17881
17885
17888
17895
17901
17912
17920
17936
17937
17939
18069
18079
18088
18098
18125
18204
18221
18224
18232
18341
18344
18375
18376
18392
18426
18555
18576
18669
18677
18687
18692
18694
18742
18760
18824
18831
18839
18867
18921
18949
18990
19027
19062
19068
19093
19160
19176
19199
19302
19311
19324
19330
19353
19365
19378
19408
19434
19481
19506
19533
19664
19694
19703
19729
19747
19756
19758
19794
19799
19814
19816
19856
19870
19888
19899
19916
19927
19928
19950
19953
20006
20007
20030
20055
20063
20090
20123
20124
20136
20144
20175
20190
20263
20287
20357
20404
20455
20489
20493
20498
20520
20538
20583
20596
20598
20634
20636
20678
20693
20740
20763
20806
20816
20819
20830
20879
20880
20901
20930
20951
20965
20971
20987
21003
21020
21143
21170
21180
21375
21451
21482
21495
21518
21609
21611
21619
21630
21660
21674
21761
21764
21818
21866
21867
21918
21929
21941
21976
22023
22043
22111
22127
22150
22158
22160
22221
22234
22252
22254
22267
22333
22413
22432
22434
22513
22574
22600
22601
22700
22711
22746
22759
22779
22787
22827
22905
22989
23111
23125
23140
23186
23191
23213
23234
23282
23296
23316
23371
23383
23431
23451
23486
23527
23566
23597
23635
23656
23662
23713
23716
23754
23777
23788
23818
23823
23836
23869
23933
23950
23961
24005
24044
24073
24162
24188
24193
24227
24260
24261
24282
24309
24333
24343
24348
24381
24425
24434
24541
24544
24557
24563
24565
24592
24598
24600
24661
24662
24679
24711
24714
24719
24728
24820
24870
24882
24892
24976
24986
24987
25024
25037
25114
25148
25196
25258
25261
25265
25267
25278
25363
25394
25416
25445
25446
25465
25474
25505
25509
25527
25532
25533
25589
25596
25653
25674
25688
25714
25716
25738
25740
25756
25784
25799
25839
25840
25846
25868
25888
25911
25935
26016
26089
26144
26173
26213
26234
26243
26295
26301
26335
26343
26371
26392
26419
26433
26457
26539
26556
26558
26584
26620
26622
26629
26649
26675
26729
26776
26827
26860
26955
26959
26967
27009
27068
27073
27157
27204
27227
27233
27267
27302
27374
27379
27400
27406
27413
27444
27462
27469
27511
27523
27633
27648
27670
27768
27771
27793
27819
27843
27847
27890
27937
27943
27959
27972
27979
27983
27993
28089
28108
28132
28179
28182
28288
28316
28334
28340
28369
28396
28414
28434
28471
28509
28538
28552
28632
28653
28699
28766
28808
28875
28885
28897
28910
28914
28915
28969
29087
29099
29179
29233
29234
29235
29307
29329
29339
29368
29392
29422
29461
29485
29487
29502
29528
29551
29595
29617
29690
29701
29708
29710
29751
29760
29767
29770
29808
29868
29901
29910
29991
30019
30030
30038
30068
30076
30084
30108
30152
30161
30179
30314
30339
30416
30421
30442
30487
30530
30543
30555
30559
30575
30633
30676
30710
30747
30895
30933
30957
30996
31028
31048
31102
31126
31194
31198
31273
31296
31300
31337
31369
31375
31441
31442
31448
31483
31497
31499
31580
31623
31624
31651
31679
31713
31753
31777
31801
31817
31857
31859
31861
31867
31884
31905
32002
32032
32044
32054
32061
32064
32091
32095
32102
32190
32202
32225
32228
32270
32284
32336
32342
32357
32362
32368
32418
32438
32443
32496
32515
32541
32560
32590
32596
32624
32637
32640
32643
32662
32682
32683
32684
32694
32734
32736
32807
32821
32849
32864
32900
32938
32944
32990
33069
33081
33083
33091
33093
33100
33156
33171
33215
33217
33219
33234
33240
33245
33263
33264
33320
33336
33404
33407
33502
33542
33548
33553
33577
33610
33616
33635
33647
33649
33713
33755
33760
33771
33799
33800
33837
33848
33857
33861
33899
33921
33931
33966
33974
33983
34017
34032
34071
34152
34153
34173
34190
34215
34246
34267
34272
34283
34346
34359
34396
34458
34471
34477
34510
34512
34518
34520
34547
34550
34564
34616
34621
34629
34641
34671
34702
34704
34706
34740
34747
34820
34853
34874
34910
34922
34925
34994
35013
35083
35125
35139
35145
35165
35188
35206
35208
35266
35270
35305
35344
35361
35411
35443
35509
35562
35594
35610
35711
35746
35752
35753
35786
35787
35858
35866
35875
35918
35957
36038
36097
36125
36144
36154
36158
36161
36194
36235
36263
36270
36280
36311
36313
36318
36331
36354
36358
36368
36378
36384
36417
36420
36429
36445
36454
36544
36549
36597
36608
36609
36620
36622
36673
36677
36714
36730
36752
36758
36760
36761
36764
36776
36786
36791
36808
36826
36831
36865
36881
36931
36952
36965
36979
37046
37068
37116
37146
37152
37181
37230
37236
37248
37302
37333
37391
37432
37437
37458
37487
37493
37516
37521
37532
37543
37565
37569
37591
37592
37612
37618
37638
37712
37783
37892
37914
37950
37959
37984
38001
38012
38038
38052
38059
38105
38165
38187
38197
38225
38236
38255
38291
38347
38373
38375
38433
38507
38515
38577
38584
38587
38608
38710
38714
38749
38772
38806
38832
38834
38839
38865
38866
38918
39023
39043
39047
39060
39063
39074
39115
39120
39125
39129
39159
39312
39323
39362
39365
39368
39410
39424
39450
39496
39532
39533
39549
39557
39561
39738
39754
39757
39798
39867
39876
39885
39914
39935
39987
-1
