38
87
130
142
153
175
176
192
256
257
303
367
416
440
483
488
505
613
644
651
694
745
751
778
933
937
944
955
968
994
1044
1061
1066
1080
1098
1114
1133
1154
1234
1244
1253
1261
1266
1297
1324
1326
1369
1377
1392
1400
1404
1407
1437
1471
1504
1517
1526
1528
1541
1560
1569
1634
1638
1651
1655
1657
1708
1712
1775
1777
1827
1838
1841
1850
1877
1915
1944
1975
2057
2102
2127
2168
2196
2218
2220
2227
2329
2347
2396
2400
2467
2505
2566
2617
2694
2707
2738
2754
2790
2829
2857
2905
2921
2927
2944
2961
2988
3032
3040
3055
3058
3073
3077
3375
3399
3413
3460
3461
3509
3534
3536
3557
3598
3651
3655
3687
3689
3761
3853
3857
3858
3879
3893
3895
3904
3934
3966
3981
3992
4035
4086
4091
4099
4125
4141
4152
4169
4177
4212
4251
4277
4290
4294
4314
4326
4343
4355
4368
4382
4410
4462
4465
4513
4530
4550
4564
4568
4604
4610
4705
4734
4740
4757
4760
4774
4828
4844
4908
4947
4976
4997
5133
5160
5233
5272
5274
5318
5377
5423
5449
5506
5507
5522
5525
5527
5582
5601
5606
5627
5650
5659
5667
5788
5805
5860
5875
5889
5892
5893
5923
5944
5982
6004
6111
6161
6278
6291
6351
6377
6387
6476
6522
6530
6535
6591
6622
6624
6696
6743
6763
6792
6798
6803
6810
6827
6831
6838
6855
6858
6917
6937
6948
6979
6980
6994
7007
7037
7060
7124
7136
7139
7146
7183
7202
7231
7283
7289
7367
7425
7427
7443
7460
7469
7528
7540
7555
7598
7620
7656
7690
7705
7767
7787
7816
7823
7824
7832
7838
7856
7860
7862
7875
7884
7915
7923
7960
7990
8036
8119
8146
8164
8166
8188
8196
8205
8263
8265
8282
8300
8379
8386
8399
8445
8457
8483
8485
8492
8498
8532
8599
8612
8620
8635
8637
8657
8740
8775
8789
8807
8821
8872
8883
8910
8913
8938
8942
8957
8985
9059
9126
9139
9174
9225
9235
9266
9277
9278
9319
9360
9413
9446
9451
9541
9547
9569
9622
9657
9697
9728
9731
9742
9758
9775
9804
9829
9855
9859
9890
9936
9939
9959
9970
9998
10036
10059
10091
10095
10122
10130
10133
10134
10148
10208
10237
10282
10302
10319
10330
10376
10392
10399
10400
10475
10483
10485
10506
10551
10585
10591
10649
10662
10685
10752
10805
10821
10869
10877
10912
10944
10962
10968
11016
11060
11142
11145
11215
11267
11344
11366
11377
11391
11428
11515
11537
11575
11607
11646
11647
11702
11711
11725
11728
11731
11735
11805
11830
11867
11969
11997
12041
12070
12105
12120
12209
12215
12230
12267
12297
12357
12365
12390
12462
12463
12483
12495
12524
12589
12600
12645
12650
12652
12673
12674
12680
12720
12732
12740
12743
12754
12766
12768
12802
12828
12832
12860
12866
12873
12876
12950
12989
13015
13021
13040
13050
13082
13084
13171
13172
13176
13183
13191
13211
13227
13243
13257
13323
13349
13356
13385
13390
13403
13410
13430
13436
13464
13494
13499
13532
13570
13574
13598
13690
13722
13726
13742
13758
13786
13799
13872
13889
13897
13908
13916
13921
13923
13924
13926
13946
14008
14017
14104
14158
14175
14228
14233
14272
14292
14295
14332
14348
14355
14378
14381
14394
14430
14432
14441
14477
14552
14609
14640
14653
14659
14664
14742
14751
14754
14764
14790
14792
14801
14805
14880
14911
14917
14926
14935
14966
14974
14978
15012
15019
15025
15087
15106
15133
15147
15211
15220
15225
15241
15244
15251
15260
15262
15265
15266
15267
15273
15276
15305
15343
15369
15400
15437
15468
15493
15496
15502
15538
15578
15600
15605
15657
15672
15699
15733
15764
15776
15789
15802
15803
15839
15866
15885
15977
15984
15986
16095
16119
16166
16199
16208
16215
16220
16226
16258
16276
16344
16365
16376
16462
16471
16475
16495
16500
16508
16522
16537
16560
16561
16573
16594
16643
16645
16656
16657
16719
16724
16732
16735
16755
16783
16792
16804
16834
16888
16896
16898
16904
16910
16941
16987
16998
17027
17031
17035
17042
17084
17099
17115
17135
17147
17210
17230
17315
17322
17339
17342
17344
17379
17388
17415
17443
17478
17480
17515
17534
17593
17648
17681
17697
17733
17740
17786
17818
17820
17845
17893
17895
17900
17916
17940
18003
18026
18058
18129
18167
18212
18226
18230
18245
18291
18345
18350
18358
18377
18403
18416
18447
18534
18546
18553
18558
18593
18600
18638
18658
18674
18679
18746
18768
18858
18865
18906
18913
18932
18938
18967
19108
19112
19120
19159
19161
19173
19186
19220
19281
19284
19305
19334
19339
19403
19405
19434
19436
19464
19474
19485
19521
19525
19528
19610
19630
19683
19685
19691
19730
19735
19782
19808
19835
19855
19887
19900
19913
19920
19997
20004
20011
20016
20025
20048
20072
20087
20093
20097
20112
20129
20155
20202
20250
20276
20277
20322
20325
20341
20412
20440
20484
20485
20540
20556
20574
20624
20650
20661
20684
20741
20748
20766
20804
20816
20836
20841
20853
20870
20877
20909
20918
20959
20963
20966
21007
21037
21058
21136
21240
21297
21301
21349
21460
21465
21564
21581
21645
21660
21680
21690
21703
21706
21709
21767
21780
21817
21882
21884
21930
21940
21951
21957
21978
21980
21984
22030
22040
22060
22061
22088
22103
22115
22128
22163
22182
22205
22214
22225
22238
22248
22269
22300
22310
22358
22448
22478
22567
22588
22631
22684
22687
22712
22739
22810
22840
22940
22953
22957
22978
23004
23064
23069
23075
23098
23105
23134
23198
23201
23205
23207
23222
23238
23295
23304
23314
23332
23364
23442
23447
23471
23498
23502
23508
23550
23577
23592
23612
23623
23648
23655
23660
23683
23690
23694
23701
23739
23855
23865
23905
23931
23955
23965
23991
24002
24015
24038
24055
24061
24095
24105
24121
24129
24174
24179
24182
24211
24247
24277
24282
24283
24350
24387
24413
24453
24468
24480
24488
24504
24598
24639
24701
24712
24714
24754
24760
24798
24803
24806
24901
24956
24978
24986
25016
25031
25048
25086
25129
25170
25203
25217
25246
25268
25271
25286
25300
25313
25359
25400
25402
25424
25433
25435
25437
25472
25476
25514
25515
25576
25597
25642
25653
25674
25693
25736
25780
25799
25885
25886
25905
25911
25977
25989
26028
26053
26059
26070
26086
26090
26091
26096
26127
26194
26212
26364
26381
26390
26522
26537
26629
26656
26660
26670
26703
26713
26778
26816
26828
26835
26870
27063
27064
27180
27212
27213
27254
27257
27265
27307
27319
27374
27400
27404
27420
27450
27484
27618
27624
27630
27750
27787
27792
27831
27861
27882
27894
27906
27940
27959
27966
27970
27995
28013
28027
28035
28044
28065
28071
28087
28161
28167
28181
28182
28211
28215
28240
28263
28302
28322
28345
28402
28424
28450
28565
28584
28587
28597
28601
28647
28654
28656
28679
28683
28710
28725
28746
28751
28790
28820
28857
28900
28940
28978
28997
29006
29029
29057
29091
29140
29159
29170
29176
29178
29195
29201
29217
29245
29252
29255
29273
29275
29302
29310
29323
29418
29439
29471
29480
29495
29504
29517
29519
29536
29544
29561
29590
29663
29685
29692
29703
29741
29813
29854
29873
29886
29908
29940
30001
30035
30041
30109
30134
30143
30144
30156
30208
30245
30249
30264
30299
30354
30366
30456
30478
30522
30531
30551
30603
30630
30647
30666
30671
30680
30794
30830
30848
30862
30887
30966
30972
30974
30978
30986
30998
31018
31041
31063
31064
31069
31118
31140
31161
31171
31179
31186
31231
31235
31283
31333
31371
31423
31458
31478
31502
31528
31529
31590
31591
31601
31663
31665
31687
31704
31709
31718
31758
31803
31823
31827
31840
31873
31878
31892
31931
31946
31990
31998
32007
32009
32020
32037
32044
32057
32094
32130
32178
32180
32187
32190
32205
32217
32223
32274
32314
32318
32323
32330
32357
32376
32405
32442
32498
32557
32560
32587
32626
32655
32688
32702
32768
32770
32804
32848
32901
33023
33038
33111
33116
33130
33201
33207
33248
33331
33368
33426
33509
33528
33551
33554
33663
33665
33693
33704
33785
33868
33924
33953
34025
34027
34040
34054
34076
34081
34128
34137
34164
34177
34221
34243
34307
34331
34334
34354
34397
34435
34466
34494
34500
34506
34521
34529
34552
34590
34602
34769
34806
34857
34879
34906
34921
34937
34938
34970
34977
35117
35161
35195
35275
35296
35362
35394
35472
35474
35514
35558
35596
35611
35644
35657
35660
35677
35683
35713
35732
35738
35759
35775
35883
35899
35938
35950
35955
35972
35986
35995
36018
36031
36063
36076
36151
36152
36167
36182
36228
36247
36258
36314
36322
36328
36350
36443
36454
36470
36498
36499
36507
36557
36579
36603
36607
36614
36622
36624
36644
36703
36715
36723
36743
36748
36763
36771
36774
36804
36839
36851
36878
36903
36982
37002
37014
37082
37127
37161
37241
37245
37269
37285
37303
37324
37335
37347
37400
37423
37462
37501
37549
37589
37631
37658
37674
37725
37731
37740
37747
37753
37784
37838
37914
37988
37989
37995
37996
37997
38022
38088
38089
38094
38110
38114
38185
38191
38200
38202
38212
38227
38233
38282
38296
38348
38349
38422
38430
38438
38493
38499
38570
38594
38601
38614
38671
38734
38742
38757
38809
38813
38866
38880
38889
38975
39001
39127
39160
39167
39173
39215
39265
39286
39294
39302
39311
39321
39399
39419
39491
39528
39549
39603
39613
39638
39646
39649
39650
39674
39710
39719
39882
39909
39910
39927
39937
39986
39998
-1
