29
41
87
149
183
203
235
266
273
335
343
347
350
356
428
442
444
452
453
460
504
508
534
578
586
620
624
628
672
703
722
733
810
857
859
884
904
967
1022
1039
1056
1062
1100
1109
1159
1204
1206
1230
1247
1253
1306
1333
1334
1416
1429
1449
1486
1528
1550
1645
1654
1736
1775
1782
1800
1917
1955
1959
1990
2027
2047
2082
2097
2106
2123
2190
2253
2408
2413
2566
2571
2607
2678
2724
2735
2737
2741
2757
2765
2774
2788
2809
2824
2829
2842
2952
2953
2956
2968
3017
3024
3056
3073
3079
3114
3120
3149
3157
3191
3200
3257
3275
3304
3308
3315
3391
3435
3485
3486
3540
3567
3585
3594
3636
3723
3732
3760
3792
3794
3823
3889
3897
3900
3919
3944
4019
4034
4036
4040
4053
4057
4063
4071
4119
4132
4151
4219
4224
4273
4277
4290
4295
4302
4308
4313
4326
4366
4389
4394
4418
4492
4503
4515
4527
4566
4568
4661
4725
4752
4760
4775
4793
4863
4873
4932
4933
4944
4977
5024
5044
5048
5052
5054
5128
5164
5175
5180
5185
5189
5220
5223
5241
5271
5275
5343
5418
5486
5492
5502
5506
5542
5614
5641
5654
5747
5756
5796
5889
5902
5916
5918
5920
6013
6018
6025
6055
6062
6097
6099
6101
6107
6110
6133
6146
6151
6155
6179
6205
6210
6226
6254
6268
6273
6307
6308
6422
6461
6484
6510
6531
6583
6623
6661
6682
6720
6738
6742
6755
6771
6775
6787
6819
6861
6868
6874
6932
6969
6991
7093
7126
7128
7130
7161
7167
7168
7190
7240
7246
7256
7304
7317
7320
7357
7375
7382
7392
7451
7502
7533
7590
7593
7600
7615
7707
7729
7742
7749
7853
7857
7860
7874
7945
8001
8038
8043
8057
8072
8091
8108
8115
8117
8127
8194
8207
8211
8256
8278
8296
8328
8347
8359
8369
8399
8440
8452
8531
8540
8580
8586
8616
8624
8696
8697
8700
8701
8704
8712
8723
8785
8787
8791
8795
8803
8858
8870
8879
8893
8899
8925
8962
8973
9017
9031
9092
9115
9150
9158
9167
9250
9274
9335
9397
9423
9457
9458
9467
9503
9527
9529
9566
9576
9581
9605
9616
9624
9632
9633
9667
9742
9749
9886
9923
9962
9963
9991
10007
10032
10051
10096
10125
10132
10160
10208
10215
10237
10277
10284
10296
10311
10324
10444
10577
10582
10611
10623
10650
10667
10740
10753
10755
10785
10793
10794
10824
10847
10862
10899
10926
10940
10981
10984
11014
11046
11059
11107
11295
11322
11335
11342
11361
11392
11461
11478
11540
11543
11556
11561
11566
11574
11643
11691
11695
11723
11855
11858
11898
11947
11966
11982
12005
12013
12031
12067
12085
12135
12212
12217
12228
12286
12297
12336
12425
12455
12474
12482
12501
12505
12520
12590
12652
12661
12772
12785
12815
12820
12835
12893
12935
12938
12958
13056
13117
13140
13141
13174
13183
13191
13230
13268
13281
13283
13304
13318
13428
13455
13460
13471
13478
13508
13516
13556
13562
13585
13634
13660
13661
13713
13720
13729
13738
13741
13751
13783
13847
13876
13879
13898
13991
13994
14049
14059
14068
14070
14088
14097
14143
14169
14183
14214
14218
14247
14251
14253
14255
14290
14293
14355
14375
14416
14420
14443
14465
14477
14485
14486
14519
14531
14641
14662
14676
14681
14830
14847
14856
14882
14960
14963
15019
15065
15066
15076
15086
15090
15114
15116
15138
15145
15180
15192
15206
15247
15266
15314
15354
15360
15403
15421
15478
15488
15533
15561
15566
15598
15613
15624
15688
15691
15703
15763
15781
15793
15805
15867
15914
15931
15934
15957
15968
15973
15984
15989
16001
16012
16023
16057
16066
16075
16121
16123
16154
16171
16194
16233
16272
16301
16347
16482
16502
16507
16547
16565
16603
16640
16650
16671
16674
16692
16731
16793
16798
16800
16829
16842
16874
16893
16900
16931
16933
16968
16984
16996
17004
17016
17040
17095
17109
17127
17133
17183
17196
17207
17223
17259
17303
17333
17434
17551
17574
17583
17589
17594
17604
17611
17661
17665
17698
17752
17799
17800
17910
17925
17943
18013
18021
18054
18082
18110
18151
18179
18186
18187
18191
18197
18201
18285
18292
18322
18331
18337
18383
18394
18400
18403
18435
18443
18445
18457
18466
18491
18501
18513
18548
18595
18600
18649
18682
18694
18719
18720
18819
18826
18845
18948
18974
19010
19014
19016
19028
19053
19085
19091
19175
19187
19238
19291
19317
19329
19355
19406
19434
19435
19437
19440
19445
19455
19485
19502
19572
19689
19699
19733
19736
19741
19764
19775
19853
19894
19902
19911
19918
19930
19932
19951
19965
19976
19997
20046
20067
20080
20133
20163
20249
20259
20261
20263
20283
20294
20331
20398
20420
20438
20510
20518
20534
20564
20589
20598
20615
20653
20724
20743
20808
20849
20857
20868
20916
20925
20935
20949
20969
20982
20985
21005
21016
21025
21033
21255
21269
21289
21305
21321
21347
21369
21376
21423
21442
21477
21479
21480
21489
21582
21596
21617
21618
21621
21672
21734
21746
21751
21771
21821
21847
21860
21892
21898
21912
21968
21978
21986
21999
22013
22042
22045
22067
22108
22151
22152
22209
22223
22257
22266
22423
22479
22530
22532
22533
22549
22561
22567
22569
22575
22609
22657
22670
22693
22704
22709
22737
22774
22780
22810
22831
22847
22848
22869
22895
22918
22937
22974
23012
23076
23094
23123
23138
23239
23248
23324
23408
23409
23414
23450
23460
23466
23513
23531
23542
23549
23636
23687
23731
23753
23808
23886
23911
23912
23931
23943
23970
23973
23982
23993
24005
24033
24177
24204
24211
24220
24225
24244
24331
24360
24388
24414
24417
24459
24492
24517
24539
24590
24599
24620
24640
24647
24656
24658
24676
24716
24729
24754
24823
24876
24886
24930
24942
24959
25024
25046
25051
25054
25057
25078
25081
25139
25178
25203
25232
25243
25259
25275
25299
25303
25316
25424
25427
25441
25491
25505
25568
25621
25634
25659
25727
25746
25757
25845
25887
25898
25920
26025
26027
26031
26035
26084
26115
26121
26122
26169
26223
26259
26267
26276
26278
26300
26324
26364
26460
26535
26572
26575
26586
26613
26648
26656
26671
26686
26693
26698
26701
26705
26771
26798
26806
26812
26840
26855
26897
26935
26949
26954
26963
26965
27016
27024
27035
27089
27092
27099
27117
27120
27167
27189
27206
27241
27245
27275
27282
27307
27395
27404
27414
27428
27432
27439
27440
27480
27569
27573
27578
27609
27646
27708
27754
27773
27785
27787
27816
27838
27854
27877
27894
27928
27938
27952
27958
27959
27980
28007
28069
28076
28146
28147
28151
28156
28158
28177
28178
28190
28209
28241
28260
28262
28263
28299
28333
28380
28387
28407
28412
28425
28430
28485
28487
28515
28516
28552
28553
28560
28621
28623
28638
28653
28673
28731
28744
28753
28766
28803
28840
28876
28922
28927
28940
28968
28972
28976
29067
29072
29073
29133
29150
29186
29219
29220
29291
29296
29341
29352
29383
29420
29460
29472
29487
29501
29516
29547
29550
29551
29583
29660
29716
29741
29751
29791
29816
29836
29843
29881
29928
29939
29949
29963
29987
30047
30069
30074
30111
30112
30132
30162
30169
30199
30201
30216
30233
30244
30259
30289
30308
30358
30379
30444
30448
30492
30493
30543
30563
30592
30630
30638
30677
30680
30718
30785
30793
30814
30866
30870
30884
30931
30940
30967
31078
31082
31122
31126
31134
31139
31149
31160
31174
31175
31208
31256
31278
31296
31371
31384
31401
31537
31599
31655
31673
31758
31770
31775
31777
31830
31860
31918
31921
31969
31986
31991
31998
32003
32036
32057
32096
32104
32144
32282
32292
32312
32345
32362
32376
32388
32411
32412
32424
32430
32440
32500
32526
32549
32554
32560
32722
32754
32769
32807
32813
32817
32851
32885
32886
32935
32956
33103
33117
33119
33138
33144
33179
33200
33240
33258
33260
33268
33281
33299
33312
33392
33464
33488
33523
33525
33542
33546
33572
33578
33604
33626
33690
33707
33710
33723
33777
33821
33831
33835
33873
33923
33951
33966
33979
34007
34044
34053
34059
34078
34103
34124
34153
34176
34184
34190
34192
34231
34258
34306
34340
34348
34358
34375
34376
34378
34396
34411
34417
34440
34521
34534
34572
34597
34705
34736
34743
34771
34788
34815
34819
34871
34889
34900
35029
35074
35077
35087
35089
35199
35201
35210
35211
35262
35268
35270
35315
35359
35360
35374
35378
35409
35435
35450
35456
35458
35472
35490
35496
35497
35524
35545
35566
35579
35582
35594
35610
35621
35631
35648
35725
35732
35749
35753
35774
35793
35794
35798
35803
35811
35812
35817
35859
35885
35973
36006
36026
36124
36125
36166
36184
36197
36240
36293
36407
36444
36453
36485
36509
36542
36545
36579
36629
36635
36666
36786
36816
36834
36852
36864
36882
37024
37046
37049
37053
37074
37082
37109
37129
37145
37196
37203
37263
37265
37285
37294
37298
37489
37494
37504
37550
37569
37596
37641
37721
37758
37795
37830
37839
37851
37909
37943
37980
38005
38099
38100
38125
38140
38148
38181
38192
38219
38227
38247
38249
38252
38287
38339
38407
38481
38513
38526
38595
38608
38622
38629
38763
38815
38816
38817
38883
38889
38927
38939
38982
38984
39006
39027
39038
39100
39103
39132
39151
39213
39254
39285
39322
39333
39371
39372
39392
39419
39426
39514
39518
39532
39560
39610
39614
39620
39634
39648
39669
39714
39765
39781
39787
39841
39842
39851
39865
39869
39879
39882
39935
39936
39937
39958
39978
-1
