12
59
115
126
148
162
179
212
219
295
347
353
461
479
563
589
594
666
684
739
762
772
782
802
806
813
838
911
944
948
961
1028
1072
1085
1088
1121
1126
1135
1140
1145
1161
1261
1275
1294
1297
1298
1321
1328
1344
1353
1377
1385
1402
1407
1415
1435
1440
1471
1480
1507
1527
1612
1625
1645
1665
1687
1711
1749
1793
1798
1817
1838
1841
1866
1871
1883
1974
1999
2005
2007
2024
2033
2059
2062
2115
2135
2136
2224
2239
2260
2296
2372
2409
2446
2455
2458
2480
2519
2527
2581
2608
2611
2641
2744
2790
2817
2858
2872
2900
2936
3005
3047
3052
3073
3087
3104
3131
3177
3224
3264
3265
3283
3365
3499
3510
3524
3533
3537
3545
3548
3648
3657
3661
3677
3683
3724
3737
3756
3760
3762
3790
3798
3801
3875
3889
3954
4008
4010
4022
4033
4227
4248
4308
4325
4373
4380
4400
4407
4428
4441
4450
4474
4480
4512
4548
4568
4573
4576
4609
4641
4669
4728
4751
4790
4798
4814
4895
4901
4922
5004
5012
5014
5045
5088
5104
5113
5189
5206
5211
5253
5299
5301
5306
5312
5412
5478
5482
5503
5549
5552
5553
5572
5640
5671
5674
5702
5719
5732
5752
5795
5824
5829
5830
5844
5887
5900
5944
6024
6048
6061
6101
6196
6197
6199
6211
6221
6237
6246
6285
6297
6299
6353
6357
6393
6412
6423
6434
6449
6474
6555
6587
6590
6598
6657
6676
6734
6746
6778
6788
6804
6816
6838
6852
6869
6909
6932
6987
6996
7026
7042
7124
7145
7235
7264
7294
7324
7330
7418
7481
7512
7521
7548
7573
7607
7632
7650
7682
7684
7708
7768
7777
7780
7798
7807
7811
7842
7873
7880
7888
7950
7961
7976
7979
7983
7992
8022
8053
8062
8220
8250
8255
8266
8279
8296
8313
8382
8444
8472
8487
8495
8505
8549
8598
8627
8654
8719
8734
8741
8752
8790
8824
8890
8919
8982
8992
8993
8994
9034
9043
9119
9164
9175
9193
9199
9210
9238
9255
9269
9278
9332
9353
9381
9409
9420
9441
9479
9496
9505
9509
9539
9546
9562
9610
9672
9702
9744
9753
9764
9792
9849
9933
9939
9958
9982
10019
10065
10072
10092
10108
10127
10193
10233
10234
10261
10325
10339
10359
10377
10383
10396
10400
10421
10422
10428
10456
10484
10485
10518
10531
10537
10593
10632
10638
10655
10657
10672
10692
10724
10726
10759
10786
10793
10794
10806
10809
10816
10880
10891
10930
10936
10998
11007
11010
11019
11157
11199
11237
11263
11274
11285
11304
11318
11347
11403
11408
11424
11474
11475
11495
11526
11557
11671
11682
11683
11686
11687
11792
11805
11811
11848
11851
11859
11900
11903
11926
11998
12037
12071
12076
12116
12138
12269
12276
12412
12430
12449
12477
12480
12504
12536
12543
12558
12585
12591
12596
12615
12636
12643
12645
12675
12697
12699
12713
12720
12749
12754
12816
12849
12892
12904
12910
12925
12946
12953
13064
13074
13120
13124
13153
13166
13207
13216
13218
13365
13369
13370
13410
13465
13467
13473
13500
13509
13517
13529
13545
13570
13575
13637
13666
13684
13750
13752
13776
13785
13867
13868
13872
13879
13894
13932
14016
14030
14059
14097
14127
14156
14161
14166
14192
14196
14256
14267
14292
14307
14332
14344
14377
14434
14441
14443
14528
14536
14540
14646
14672
14731
14735
14796
14802
14837
14846
14868
14871
14905
14930
14974
15029
15050
15079
15125
15150
15162
15170
15208
15224
15276
15279
15310
15317
15342
15365
15451
15452
15456
15469
15488
15502
15515
15531
15543
15555
15577
15616
15637
15643
15688
15695
15711
15714
15715
15797
15825
15931
15940
15953
15964
15970
15979
16009
16094
16118
16126
16193
16196
16201
16255
16266
16320
16369
16388
16398
16414
16416
16422
16437
16483
16520
16527
16535
16536
16562
16571
16591
16596
16636
16651
16657
16673
16702
16703
16711
16832
16907
16909
16924
16926
16932
16980
17045
17073
17119
17127
17130
17208
17222
17249
17309
17326
17332
17376
17383
17393
17428
17467
17470
17504
17507
17534
17544
17565
17623
17658
17696
17697
17828
17918
17935
17977
17985
18017
18033
18036
18066
18138
18188
18191
18199
18225
18252
18278
18340
18369
18381
18383
18393
18401
18406
18419
18502
18520
18522
18550
18552
18553
18593
18602
18605
18613
18667
18691
18701
18736
18774
18780
18792
18810
18822
18877
18894
18901
18938
18997
19030
19045
19094
19113
19150
19236
19271
19293
19295
19311
19356
19403
19434
19467
19496
19519
19526
19531
19638
19651
19670
19713
19741
19751
19809
19824
19870
19873
19889
19943
19949
20022
20023
20073
20091
20097
20101
20110
20132
20136
20153
20176
20231
20297
20299
20340
20347
20358
20379
20463
20465
20504
20510
20531
20535
20564
20589
20664
20672
20698
20725
20742
20745
20814
20840
20891
20899
20919
20976
21005
21011
21021
21045
21105
21157
21191
21212
21266
21276
21302
21331
21343
21352
21395
21411
21431
21446
21474
21510
21511
21528
21574
21583
21604
21631
21635
21651
21674
21677
21703
21735
21744
21767
21807
21830
21872
21887
21916
21947
21954
21969
21971
22021
22030
22098
22134
22137
22166
22167
22170
22237
22267
22277
22285
22286
22291
22299
22309
22337
22338
22376
22378
22403
22429
22442
22459
22503
22549
22567
22592
22658
22726
22818
22823
22860
22885
22900
22911
22913
22916
22922
22931
22965
22987
22989
22995
23092
23122
23135
23145
23163
23237
23334
23335
23421
23483
23506
23526
23534
23535
23549
23551
23570
23609
23613
23635
23649
23665
23771
23773
23779
23783
23785
23809
23819
23842
23859
23871
23910
23957
23958
23991
23999
24021
24029
24043
24082
24097
24125
24133
24136
24167
24197
24215
24217
24327
24328
24381
24386
24390
24461
24501
24540
24584
24616
24634
24783
24790
24799
24812
24818
24827
24832
24847
24854
24912
24926
24932
24936
24982
24994
24997
25064
25073
25083
25095
25127
25171
25175
25187
25212
25242
25270
25308
25326
25338
25355
25376
25435
25448
25496
25518
25538
25564
25580
25583
25638
25690
25694
25727
25755
25777
25779
25801
25803
25880
25919
25922
25952
26039
26056
26100
26106
26118
26154
26178
26245
26249
26268
26274
26278
26358
26420
26450
26458
26461
26462
26470
26516
26519
26544
26552
26621
26622
26663
26694
26695
26752
26766
26777
26784
26797
26803
26823
26850
26894
26916
26951
26973
27029
27042
27081
27087
27088
27154
27179
27182
27295
27314
27339
27389
27416
27417
27436
27453
27498
27522
27590
27604
27608
27614
27668
27676
27746
27792
27842
27862
27958
27968
27972
28028
28033
28045
28062
28077
28111
28137
28173
28186
28227
28277
28286
28379
28416
28428
28432
28469
28499
28566
28578
28588
28600
28605
28639
28647
28660
28665
28678
28689
28719
28753
28771
28801
28813
28829
28848
28895
28921
28963
28971
28979
29011
29013
29026
29028
29063
29068
29079
29103
29170
29209
29264
29274
29307
29325
29334
29385
29467
29478
29521
29538
29553
29559
29560
29569
29585
29659
29706
29736
29741
29764
29836
29851
29859
29879
29885
29918
29947
30002
30015
30033
30058
30154
30164
30200
30202
30249
30274
30297
30331
30341
30364
30372
30399
30445
30465
30469
30489
30504
30509
30525
30697
30740
30753
30763
30777
30779
30809
30892
30896
30961
31000
31058
31063
31077
31155
31169
31175
31234
31267
31273
31297
31338
31371
31410
31414
31418
31462
31475
31491
31499
31539
31566
31611
31629
31650
31689
31700
31701
31712
31720
31764
31770
31788
31810
31829
31890
31914
31952
31993
32018
32145
32154
32191
32212
32213
32240
32261
32271
32288
32345
32348
32377
32386
32403
32412
32418
32454
32502
32508
32514
32523
32551
32587
32681
32719
32730
32742
32774
32780
32786
32792
32832
32873
32922
32942
32995
33007
33023
33046
33095
33119
33149
33155
33179
33193
33213
33239
33246
33255
33269
33297
33464
33474
33478
33490
33504
33509
33638
33687
33715
33744
33745
33803
33811
33836
33874
33903
34035
34052
34104
34146
34152
34195
34225
34262
34268
34281
34297
34323
34383
34439
34478
34495
34496
34514
34534
34542
34548
34549
34556
34643
34663
34694
34760
34807
34824
34846
34857
34861
34884
34892
34901
34952
34991
34997
35006
35021
35043
35056
35059
35062
35066
35084
35089
35105
35111
35139
35175
35236
35242
35252
35255
35324
35330
35341
35371
35377
35386
35440
35453
35508
35510
35534
35552
35588
35591
35652
35676
35685
35704
35717
35756
35785
35793
35803
35805
35809
35818
35841
35860
35918
35937
35947
35986
36033
36072
36164
36175
36269
36302
36335
36413
36434
36441
36481
36490
36527
36564
36639
36706
36707
36737
36789
36850
36878
36882
36894
36944
36972
36987
37001
37025
37070
37102
37105
37107
37180
37185
37191
37201
37237
37276
37330
37462
37507
37527
37581
37653
37662
37686
37696
37754
37815
37818
37820
37839
37847
37869
37882
37894
37901
37926
37932
37963
37995
38019
38024
38134
38141
38153
38157
38169
38194
38220
38238
38314
38345
38377
38383
38465
38477
38480
38516
38550
38551
38555
38560
38635
38638
38651
38687
38697
38704
38714
38733
38739
38740
38781
38838
38848
38861
38871
38913
38954
38960
39003
39028
39051
39156
39161
39192
39203
39208
39211
39213
39238
39279
39291
39340
39434
39445
39451
39452
39484
39496
39544
39551
39597
39599
39609
39616
39626
39671
39688
39699
39709
39731
39754
39759
39777
39789
39805
39816
39861
39869
39957
39965
-1
