24
57
93
106
117
125
137
163
178
187
194
199
220
259
271
276
314
321
325
341
343
362
369
387
394
426
456
572
584
590
604
699
712
728
770
812
827
830
833
853
889
890
906
919
952
964
1001
1078
1105
1155
1162
1179
1182
1221
1244
1249
1266
1267
1326
1364
1409
1436
1485
1511
1514
1515
1530
1544
1570
1585
1712
1730
1804
1848
1855
1870
1919
1953
1988
1998
2007
2027
2063
2107
2127
2218
2225
2227
2246
2257
2308
2323
2352
2367
2375
2394
2411
2422
2442
2455
2483
2510
2521
2528
2581
2583
2604
2672
2681
2722
2735
2743
2744
2851
2892
2932
2933
2961
2992
3085
3126
3149
3208
3209
3250
3253
3324
3387
3476
3494
3513
3515
3537
3555
3598
3620
3680
3684
3691
3704
3705
3709
3723
3736
3750
3787
3805
3812
3817
3850
3858
3892
3895
3900
3931
3933
3937
3946
3953
3983
3986
3987
4052
4083
4099
4108
4114
4131
4132
4137
4151
4163
4175
4188
4243
4276
4287
4347
4388
4389
4423
4435
4473
4484
4523
4541
4551
4561
4565
4579
4592
4635
4642
4661
4705
4810
4838
4888
4926
4975
5005
5024
5047
5065
5075
5092
5102
5148
5173
5211
5263
5286
5290
5293
5331
5347
5398
5421
5445
5454
5477
5482
5513
5587
5589
5599
5601
5660
5664
5688
5690
5731
5734
5774
5782
5819
5837
5880
5892
5930
5934
5951
6020
6024
6035
6040
6070
6153
6160
6167
6186
6195
6216
6227
6321
6338
6452
6489
6492
6497
6502
6517
6523
6527
6541
6562
6568
6644
6691
6708
6712
6761
6793
6829
6831
6837
6896
6930
6985
7045
7060
7068
7106
7122
7137
7157
7221
7239
7249
7275
7276
7307
7351
7372
7376
7456
7464
7488
7521
7524
7538
7540
7824
7826
7832
7887
7947
7956
7995
8000
8025
8073
8093
8094
8114
8125
8162
8168
8185
8202
8205
8212
8217
8237
8255
8256
8273
8327
8374
8416
8419
8428
8448
8558
8630
8662
8689
8748
8783
8802
8894
8931
9015
9048
9087
9120
9128
9172
9185
9260
9270
9331
9351
9365
9409
9438
9443
9447
9507
9509
9533
9577
9593
9616
9639
9645
9649
9667
9672
9675
9680
9690
9736
9743
9769
9779
9803
9804
9819
9901
9944
10004
10052
10057
10059
10083
10123
10181
10211
10215
10260
10262
10290
10292
10314
10353
10354
10375
10438
10443
10453
10483
10519
10521
10524
10626
10687
10720
10781
10857
10860
10876
10934
10939
10942
10955
10967
11008
11012
11076
11091
11094
11133
11171
11215
11269
11276
11278
11280
11295
11318
11321
11332
11367
11380
11382
11434
11435
11463
11480
11486
11490
11542
11543
11559
11566
11575
11594
11598
11649
11654
11684
11691
11757
11880
11894
11896
12004
12013
12025
12043
12061
12064
12085
12098
12103
12112
12138
12156
12163
12165
12253
12278
12283
12292
12385
12430
12457
12464
12477
12554
12567
12595
12596
12674
12696
12698
12719
12730
12731
12772
12798
12819
12885
12896
12933
12941
12945
12991
13009
13027
13048
13053
13086
13105
13169
13214
13218
13219
13242
13243
13274
13369
13370
13418
13466
13469
13485
13499
13508
13525
13576
13582
13595
13642
13728
13755
13781
13895
13930
13956
13963
13966
14111
14119
14124
14173
14199
14236
14271
14281
14321
14327
14334
14377
14379
14404
14467
14501
14509
14535
14543
14660
14669
14675
14687
14725
14728
14760
14768
14888
14912
14916
14925
14949
14953
14958
14993
15063
15067
15082
15104
15105
15107
15124
15136
15193
15226
15253
15262
15312
15315
15372
15390
15430
15462
15520
15573
15585
15635
15650
15655
15723
15779
15782
15836
15838
15878
15939
16016
16076
16084
16123
16136
16153
16166
16169
16200
16210
16261
16372
16386
16443
16470
16483
16547
16603
16632
16643
16666
16678
16759
16797
16868
16878
16880
16902
16924
16950
17058
17092
17105
17113
17175
17177
17180
17255
17256
17272
17304
17321
17323
17328
17350
17447
17464
17507
17515
17524
17532
17558
17559
17574
17586
17608
17722
17767
17841
17933
17956
18029
18041
18063
18070
18164
18180
18197
18234
18245
18252
18269
18283
18291
18339
18367
18390
18402
18416
18417
18428
18441
18456
18511
18519
18572
18585
18643
18648
18658
18715
18751
18757
18768
18823
18829
18858
18933
18938
18982
19010
19020
19072
19091
19096
19134
19163
19171
19175
19178
19233
19251
19286
19295
19302
19337
19341
19369
19375
19400
19414
19419
19435
19451
19464
19496
19498
19511
19595
19620
19651
19730
19759
19810
19827
19842
19845
19850
19859
19911
19933
19934
19967
20030
20033
20035
20060
20064
20156
20196
20223
20250
20264
20283
20311
20318
20352
20398
20408
20410
20416
20426
20438
20442
20451
20458
20482
20497
20523
20525
20535
20619
20676
20738
20743
20760
20770
20787
20803
20809
20818
20838
20846
20853
20855
20861
20867
20915
20916
20998
21002
21016
21026
21100
21104
21124
21149
21168
21230
21260
21426
21446
21472
21491
21512
21516
21541
21566
21604
21656
21657
21667
21678
21682
21721
21745
21758
21772
21808
21850
21852
21854
21887
21910
21947
21965
21967
22025
22053
22054
22059
22076
22103
22122
22175
22225
22227
22239
22254
22308
22337
22375
22426
22442
22447
22469
22500
22591
22602
22643
22708
22714
22721
22725
22743
22787
22797
22801
22806
22892
22922
22926
22948
22998
23016
23039
23073
23105
23108
23109
23114
23125
23208
23248
23253
23258
23289
23319
23346
23444
23456
23484
23509
23561
23587
23619
23723
23724
23728
23775
23800
23804
23886
23901
23920
23930
23955
23976
24103
24126
24159
24184
24189
24221
24232
24236
24238
24255
24258
24264
24329
24338
24351
24368
24383
24384
24426
24457
24472
24497
24531
24624
24648
24673
24741
24789
24815
24883
24889
24907
24909
24915
24917
24923
24935
25067
25069
25124
25132
25152
25154
25177
25194
25217
25419
25433
25446
25517
25539
25619
25660
25696
25697
25745
25761
25781
25802
25833
25863
25880
25916
25939
25940
25946
25995
26003
26010
26068
26112
26118
26125
26136
26145
26184
26230
26242
26256
26262
26315
26324
26330
26343
26364
26366
26554
26574
26585
26589
26600
26654
26681
26747
26779
26782
26795
26798
26872
26877
26894
26908
26945
27017
27020
27110
27124
27134
27141
27174
27225
27262
27271
27286
27351
27391
27404
27408
27441
27484
27511
27512
27518
27530
27531
27559
27568
27584
27595
27639
27693
27695
27707
27710
27716
27727
27729
27800
27848
27916
27949
28021
28023
28044
28119
28142
28165
28236
28280
28333
28334
28347
28387
28422
28425
28460
28492
28500
28524
28530
28568
28578
28592
28610
28617
28626
28627
28631
28648
28727
28731
28734
28773
28777
28828
28846
28850
28929
28940
28952
28974
28975
28979
28985
28994
28998
29009
29025
29029
29036
29052
29063
29070
29087
29125
29143
29167
29186
29268
29277
29297
29333
29353
29364
29391
29405
29412
29436
29440
29444
29446
29520
29543
29546
29551
29557
29634
29659
29660
29673
29746
29775
29807
29819
29823
29832
29845
29862
29887
29896
29915
29923
29933
29990
30011
30079
30084
30086
30136
30162
30188
30210
30217
30226
30256
30268
30272
30316
30347
30391
30421
30496
30513
30543
30550
30554
30584
30620
30653
30681
30683
30725
30729
30742
30748
30785
30794
30805
30843
30859
30875
30925
30952
30995
31000
31035
31056
31233
31270
31283
31297
31306
31325
31338
31342
31365
31368
31395
31432
31447
31467
31486
31487
31647
31674
31687
31697
31712
31735
31771
31773
31818
31826
31851
31857
31888
31895
31896
31971
31980
31996
32061
32067
32079
32091
32136
32217
32247
32330
32343
32375
32507
32522
32525
32582
32590
32603
32609
32647
32653
32659
32701
32775
32785
32806
32875
32904
32926
32952
32988
33053
33055
33068
33106
33198
33252
33295
33323
33359
33363
33369
33442
33526
33536
33537
33541
33581
33649
33670
33693
33698
33717
33723
33730
33767
33771
33784
33793
33801
33833
33861
33875
33891
33940
33943
33977
33990
34031
34032
34051
34144
34173
34189
34198
34204
34244
34279
34289
34320
34331
34333
34358
34404
34407
34428
34432
34453
34465
34498
34555
34612
34662
34665
34674
34724
34840
34850
34863
34872
34918
34923
34928
34959
34971
34984
34985
34993
34996
34997
35030
35034
35056
35104
35111
35160
35166
35182
35252
35377
35408
35433
35463
35477
35502
35559
35614
35632
35661
35669
35690
35710
35715
35744
35753
35786
35789
35839
35861
35957
35972
35987
36035
36070
36083
36099
36100
36115
36165
36181
36185
36186
36206
36242
36292
36380
36397
36411
36480
36559
36586
36603
36624
36634
36668
36715
36739
36757
36763
36777
36799
36853
36861
36873
36897
36928
36992
36998
37001
37014
37039
37054
37082
37110
37111
37176
37214
37219
37225
37261
37308
37317
37330
37357
37363
37380
37386
37402
37422
37432
37444
37477
37495
37503
37524
37551
37574
37588
37610
37677
37713
37745
37781
37795
37796
37817
37872
37892
37916
37918
37919
37959
37968
38031
38061
38116
38135
38252
38268
38304
38326
38332
38353
38400
38431
38445
38531
38579
38589
38744
38759
38772
38776
38829
38844
38847
38883
38908
38923
38936
38961
39008
39020
39043
39087
39113
39121
39135
39180
39253
39270
39284
39340
39344
39357
39367
39397
39447
39459
39481
39494
39560
39571
39618
39653
39663
39671
39697
39707
39717
39725
39747
39778
39786
39795
39810
39820
39839
39875
39917
39943
39956
39971
39982
-1
