3
35
67
215
235
238
248
256
306
328
394
431
436
441
472
480
533
560
619
642
650
652
660
693
733
736
744
827
828
856
865
906
962
977
1018
1025
1030
1036
1101
1130
1140
1189
1196
1217
1234
1235
1269
1331
1340
1345
1353
1362
1378
1398
1420
1429
1433
1453
1462
1472
1518
1521
1526
1552
1576
1577
1586
1587
1593
1600
1602
1630
1683
1693
1712
1766
1806
1809
1825
1832
1843
1846
1855
1926
1930
1945
1957
1961
1967
1982
2002
2006
2027
2032
2036
2059
2061
2076
2109
2122
2218
2222
2237
2248
2265
2314
2319
2377
2379
2402
2414
2416
2440
2458
2459
2529
2538
2594
2603
2661
2663
2676
2729
2774
2800
2853
2867
2916
2931
3014
3024
3048
3074
3099
3114
3122
3224
3237
3289
3374
3375
3405
3428
3438
3547
3551
3592
3598
3616
3664
3667
3678
3686
3706
3723
3751
3782
3860
3863
3873
3879
3911
3912
3916
3953
3954
4022
4064
4075
4227
4239
4275
4292
4330
4365
4382
4444
4496
4501
4516
4596
4607
4611
4625
4626
4628
4650
4652
4657
4658
4668
4674
4704
4716
4741
4768
4787
4795
4849
4856
4857
4874
4875
4918
4923
4932
4955
5013
5022
5031
5130
5157
5158
5167
5183
5200
5216
5222
5223
5257
5277
5366
5417
5427
5436
5488
5494
5537
5577
5583
5671
5689
5730
5732
5759
5778
5816
5852
5865
5927
5980
5999
6067
6161
6166
6188
6201
6213
6226
6231
6241
6288
6332
6354
6388
6395
6403
6425
6442
6461
6462
6476
6478
6502
6543
6622
6669
6697
6700
6710
6735
6773
6789
6805
6819
6822
6826
6843
6855
6862
6875
6882
6888
6900
6901
6906
6946
7015
7092
7100
7117
7120
7129
7156
7171
7173
7180
7219
7256
7271
7276
7327
7481
7521
7545
7560
7562
7578
7582
7664
7671
7672
7679
7737
7786
7839
7889
7892
7899
8004
8035
8063
8166
8168
8185
8221
8268
8300
8312
8332
8348
8365
8373
8385
8412
8471
8490
8537
8569
8593
8643
8671
8740
8749
8786
8890
8958
8963
8976
8977
9043
9050
9056
9061
9073
9093
9104
9110
9150
9160
9177
9183
9206
9227
9263
9292
9330
9353
9393
9396
9436
9506
9532
9557
9561
9569
9582
9589
9590
9646
9653
9667
9668
9678
9740
9751
9773
9775
9871
9882
9952
9961
9984
10009
10051
10128
10147
10149
10161
10163
10171
10179
10195
10211
10283
10284
10287
10316
10339
10350
10361
10395
10462
10465
10501
10542
10580
10586
10595
10641
10647
10659
10698
10713
10747
10754
10763
10771
10774
10795
10810
10835
10852
10854
10883
10896
10946
11004
11023
11047
11051
11152
11210
11212
11218
11253
11268
11279
11285
11314
11317
11369
11378
11437
11448
11470
11508
11517
11564
11625
11626
11642
11659
11683
11694
11733
11768
11770
11858
11972
11978
11980
12001
12044
12094
12148
12192
12201
12227
12244
12315
12338
12388
12418
12444
12457
12460
12479
12507
12522
12634
12652
12685
12714
12715
12762
12817
12857
12877
12908
12920
12960
12969
12973
12975
12976
12995
12998
13047
13097
13114
13122
13132
13205
13246
13263
13274
13292
13328
13350
13389
13411
13441
13526
13535
13569
13584
13670
13677
13683
13732
13813
13844
13855
13861
13894
13946
13948
14000
14026
14059
14076
14093
14121
14211
14248
14253
14309
14321
14332
14342
14355
14416
14422
14439
14481
14530
14531
14552
14561
14623
14638
14644
14647
14688
14808
14837
14839
14878
14890
14964
14980
15018
15035
15036
15038
15093
15114
15118
15160
15173
15187
15205
15225
15233
15262
15269
15296
15326
15365
15374
15414
15426
15459
15463
15486
15494
15499
15507
15515
15525
15530
15604
15614
15664
15689
15726
15755
15804
15805
15894
15918
15929
15955
15978
16001
16082
16100
16172
16199
16210
16224
16296
16307
16320
16352
16376
16390
16432
16514
16523
16584
16589
16624
16662
16676
16677
16689
16705
16722
16777
16805
16840
16861
16877
16882
16893
16900
16941
16974
17008
17018
17064
17106
17137
17170
17176
17208
17217
17261
17285
17316
17359
17360
17364
17391
17393
17396
17478
17498
17511
17543
17556
17586
17597
17609
17660
17666
17716
17735
17748
17772
17797
17843
17850
17957
18000
18046
18165
18172
18204
18300
18310
18317
18340
18407
18426
18443
18472
18484
18517
18533
18543
18600
18621
18630
18641
18648
18653
18658
18689
18718
18739
18770
18775
18869
18884
18900
18932
18938
18940
18953
19008
19014
19015
19039
19065
19068
19097
19166
19179
19195
19197
19250
19267
19275
19305
19306
19371
19374
19439
19449
19490
19508
19527
19574
19582
19586
19613
19652
19680
19683
19689
19787
19841
19861
19863
19874
19884
19930
19966
19993
19994
20022
20034
20096
20140
20147
20202
20243
20296
20387
20389
20397
20406
20435
20445
20577
20580
20584
20660
20742
20778
20780
20786
20793
20813
20857
20930
20935
20946
20957
20958
21017
21030
21041
21054
21122
21126
21157
21172
21181
21203
21255
21256
21316
21336
21424
21451
21457
21488
21515
21523
21544
21565
21598
21719
21733
21767
21797
21809
21819
21838
21841
21892
21937
21944
21982
21996
22001
22007
22030
22032
22051
22066
22082
22135
22143
22154
22184
22186
22206
22215
22216
22217
22220
22221
22256
22300
22305
22324
22378
22406
22410
22439
22441
22449
22453
22476
22507
22528
22542
22655
22667
22678
22689
22740
22749
22804
22826
22843
22876
22880
22881
22954
22993
23046
23058
23121
23122
23125
23198
23225
23241
23251
23316
23321
23368
23415
23426
23435
23438
23494
23501
23514
23546
23590
23591
23622
23671
23678
23717
23791
23806
23814
23827
23890
23905
23926
23968
23983
23997
23999
24003
24027
24082
24084
24107
24155
24178
24196
24217
24227
24255
24332
24339
24354
24384
24400
24405
24440
24450
24470
24498
24506
24547
24553
24569
24585
24596
24637
24643
24669
24672
24700
24714
24790
24798
24810
24834
24843
24853
24858
24943
24986
25033
25046
25051
25061
25068
25074
25097
25103
25107
25115
25134
25151
25205
25223
25241
25252
25300
25308
25334
25340
25354
25386
25447
25467
25476
25528
25537
25547
25557
25606
25662
25692
25718
25766
25768
25969
25980
25982
25993
26027
26033
26072
26082
26104
26152
26227
26288
26338
26346
26381
26416
26491
26498
26515
26539
26585
26602
26691
26695
26787
26828
26834
26887
26902
26964
26988
27003
27035
27061
27118
27122
27139
27158
27184
27203
27214
27223
27230
27252
27262
27355
27361
27379
27392
27406
27424
27446
27452
27484
27551
27571
27573
27617
27621
27623
27732
27769
27789
27840
27868
27877
27887
27907
27923
27981
27985
27995
28052
28065
28107
28151
28174
28189
28240
28241
28254
28276
28293
28336
28341
28366
28371
28384
28465
28474
28487
28494
28496
28509
28533
28574
28743
28745
28756
28760
28763
28788
28792
28831
28856
28860
28889
28906
28912
28917
29017
29043
29088
29098
29106
29116
29128
29170
29185
29221
29274
29289
29316
29328
29361
29380
29383
29387
29480
29507
29532
29546
29565
29593
29595
29633
29636
29657
29658
29661
29667
29689
29703
29709
29724
29739
29820
29838
29968
29994
29997
30006
30034
30049
30081
30127
30137
30187
30213
30235
30288
30316
30328
30357
30365
30386
30413
30418
30439
30490
30497
30499
30524
30579
30596
30602
30609
30633
30636
30650
30733
30736
30762
30768
30794
30797
30833
30837
30847
30855
30890
30894
30919
30989
31001
31006
31029
31061
31083
31088
31131
31144
31163
31198
31209
31236
31252
31344
31415
31421
31445
31487
31492
31556
31587
31726
31731
31743
31789
31791
31824
31845
31875
31905
31923
31961
32000
32010
32032
32041
32113
32124
32161
32212
32244
32260
32291
32293
32324
32325
32340
32349
32383
32536
32593
32598
32617
32626
32631
32712
32734
32769
32857
32873
32904
32947
32961
32989
33006
33028
33060
33061
33062
33100
33152
33153
33168
33264
33275
33284
33331
33332
33356
33363
33404
33461
33482
33497
33503
33534
33566
33577
33581
33583
33588
33599
33601
33654
33667
33668
33671
33714
33768
33772
33787
33791
33792
33799
33826
33833
33864
33883
33904
33934
33949
33952
33958
33995
33996
34039
34064
34095
34101
34104
34143
34158
34195
34227
34265
34268
34296
34303
34328
34376
34438
34443
34463
34520
34548
34552
34563
34587
34635
34706
34716
34720
34737
34738
34764
34782
34796
34835
34844
34861
34871
34954
35072
35100
35120
35172
35207
35216
35218
35233
35260
35313
35329
35339
35346
35389
35486
35500
35505
35602
35607
35635
35650
35653
35668
35802
35828
35850
35862
35870
35890
35925
35978
35983
36015
36053
36095
36109
36145
36152
36180
36192
36224
36254
36268
36325
36331
36337
36416
36463
36479
36499
36503
36559
36731
36773
36809
36841
36843
36900
36926
36939
36953
36955
36956
36968
36984
37100
37124
37128
37135
37139
37192
37237
37259
37270
37309
37317
37342
37354
37460
37519
37529
37584
37591
37593
37605
37611
37613
37640
37641
37669
37690
37711
37721
37754
37761
37766
37769
37772
37858
37875
37936
38031
38042
38048
38108
38110
38127
38170
38180
38198
38203
38238
38275
38344
38366
38416
38420
38473
38481
38496
38507
38575
38594
38645
38652
38811
38849
38850
38881
38925
38933
38936
38946
38978
38989
39062
39076
39124
39165
39225
39299
39361
39418
39490
39498
39533
39538
39549
39621
39644
39738
39749
39752
39753
39794
39800
39828
39890
39907
39916
39952
39963
39993
39996
-1
