16
46
91
173
232
271
339
376
419
453
464
465
490
536
539
593
662
685
697
725
729
762
791
805
819
850
859
873
960
992
1012
1126
1140
1159
1172
1175
1221
1228
1254
1256
1279
1280
1297
1349
1357
1392
1423
1523
1585
1610
1655
1690
1726
1744
1772
1783
1785
1817
1831
1845
1895
1922
1925
1949
1969
1974
1998
2033
2038
2061
2066
2073
2083
2091
2105
2119
2176
2197
2319
2321
2373
2425
2449
2470
2522
2570
2597
2604
2670
2736
2742
2830
2866
2886
2898
2920
2940
2949
3111
3124
3197
3222
3225
3235
3259
3260
3297
3367
3381
3387
3407
3414
3429
3438
3449
3469
3476
3479
3481
3483
3500
3528
3555
3572
3596
3667
3744
3749
3764
3833
3846
3851
3894
3927
3960
4003
4089
4124
4163
4191
4212
4213
4257
4264
4271
4315
4319
4331
4340
4358
4424
4426
4445
4460
4462
4472
4485
4506
4547
4566
4581
4582
4629
4637
4640
4641
4662
4702
4771
4782
4791
4799
4807
4853
4862
4922
4933
4965
5001
5070
5086
5115
5140
5181
5185
5209
5213
5216
5220
5232
5240
5303
5313
5332
5354
5388
5475
5547
5568
5573
5645
5780
5819
5865
5871
5877
5891
5892
5893
5919
5958
5984
6000
6008
6009
6076
6082
6094
6097
6108
6114
6120
6187
6191
6202
6206
6256
6258
6263
6321
6344
6353
6393
6397
6398
6406
6409
6411
6428
6447
6480
6481
6488
6506
6527
6539
6560
6566
6652
6685
6696
6709
6716
6744
6749
6819
6841
6988
7005
7007
7026
7186
7199
7208
7215
7218
7317
7321
7421
7422
7457
7467
7500
7544
7562
7597
7607
7627
7630
7665
7683
7748
7764
7778
7802
7806
7829
7874
7898
7929
7969
7978
8003
8035
8056
8059
8111
8114
8119
8123
8136
8138
8143
8147
8155
8161
8167
8203
8208
8242
8254
8261
8265
8268
8293
8333
8343
8344
8365
8367
8393
8456
8528
8574
8583
8594
8618
8691
8744
8751
8754
8775
8822
8823
8850
8878
8879
8888
8949
8951
8968
9030
9038
9045
9060
9062
9064
9070
9110
9124
9169
9186
9213
9226
9238
9334
9363
9379
9466
9534
9551
9573
9622
9625
9656
9665
9672
9676
9708
9809
9879
9929
9958
9982
10049
10052
10105
10113
10149
10249
10283
10301
10336
10340
10341
10344
10388
10399
10402
10427
10443
10452
10482
10537
10541
10572
10683
10695
10710
10789
10811
10814
10920
10958
11058
11083
11085
11098
11110
11122
11161
11162
11188
11260
11303
11330
11390
11439
11451
11461
11473
11496
11526
11617
11627
11669
11672
11697
11704
11706
11742
11804
11810
11824
11835
11867
11885
11890
11939
11954
11968
11982
11998
12006
12040
12059
12065
12095
12097
12106
12164
12181
12182
12185
12206
12221
12243
12260
12269
12288
12308
12329
12330
12351
12357
12406
12419
12477
12517
12559
12575
12578
12583
12592
12608
12639
12644
12667
12701
12724
12728
12756
12764
12765
12845
12931
12940
12961
12974
13102
13143
13179
13181
13198
13201
13290
13309
13326
13327
13335
13343
13385
13416
13434
13442
13456
13471
13509
13514
13532
13578
13585
13658
13672
13758
13811
13872
13882
13920
13937
13980
13991
13999
14019
14038
14079
14107
14121
14154
14159
14317
14332
14353
14371
14416
14480
14523
14541
14553
14559
14583
14619
14646
14662
14718
14719
14737
14748
14764
14790
14815
14820
14848
15030
15033
15057
15067
15069
15071
15074
15094
15129
15131
15140
15180
15187
15214
15233
15291
15314
15337
15361
15366
15367
15420
15424
15432
15460
15530
15556
15588
15619
15663
15709
15732
15743
15803
15849
15856
15879
15880
15933
15990
15991
16019
16027
16071
16072
16082
16094
16103
16111
16123
16130
16138
16143
16148
16248
16309
16319
16331
16350
16394
16395
16403
16442
16449
16451
16483
16521
16545
16554
16587
16592
16594
16601
16643
16667
16685
16708
16712
16746
16780
16806
16814
16837
16864
16889
16947
16979
16993
16996
17017
17049
17106
17111
17112
17130
17165
17179
17187
17226
17227
17239
17250
17294
17372
17415
17416
17442
17444
17483
17549
17568
17582
17592
17597
17662
17676
17683
17689
17727
17730
17768
17771
17779
17815
17835
17838
17849
17861
17918
17921
17953
17958
17961
18005
18021
18034
18067
18087
18093
18105
18159
18166
18168
18185
18187
18213
18240
18242
18281
18294
18309
18311
18439
18444
18460
18580
18589
18603
18646
18683
18684
18703
18772
18883
18889
18939
18952
18998
19029
19041
19229
19240
19288
19296
19321
19325
19337
19353
19356
19376
19419
19430
19432
19435
19445
19454
19519
19540
19542
19580
19584
19640
19643
19659
19686
19727
19737
19742
19821
19849
19879
19882
19893
19911
19927
19945
19951
19968
20011
20015
20021
20046
20070
20128
20131
20169
20175
20182
20207
20219
20229
20272
20274
20278
20349
20366
20417
20487
20502
20510
20532
20564
20637
20643
20653
20719
20722
20822
20849
20865
20915
20917
20963
20965
20975
20982
20993
21021
21092
21165
21180
21199
21222
21238
21253
21318
21338
21343
21353
21393
21405
21465
21476
21497
21504
21551
21644
21674
21688
21708
21711
21717
21766
21829
21849
21910
21940
21964
21966
22002
22019
22085
22100
22104
22105
22131
22156
22167
22173
22183
22218
22285
22350
22352
22362
22377
22386
22432
22485
22512
22522
22541
22567
22579
22590
22602
22616
22627
22681
22686
22691
22702
22744
22766
22798
22804
22822
22825
22840
22844
22853
22862
22876
22896
22900
22912
22938
22967
23003
23078
23083
23090
23098
23126
23130
23165
23203
23230
23238
23250
23278
23282
23309
23330
23338
23411
23542
23561
23580
23590
23681
23705
23728
23737
23795
23883
23945
23952
23994
24025
24047
24049
24066
24069
24112
24116
24134
24153
24160
24169
24225
24257
24270
24324
24332
24378
24386
24412
24461
24465
24498
24502
24536
24581
24601
24616
24619
24685
24722
24727
24738
24747
24807
24842
24845
24850
24894
24896
24902
24935
25040
25066
25112
25125
25145
25157
25177
25184
25218
25220
25255
25271
25280
25310
25335
25359
25427
25428
25449
25524
25531
25576
25643
25646
25658
25692
25696
25765
25792
25807
25814
25822
25853
25858
25901
25923
25988
25994
26031
26069
26118
26143
26157
26167
26185
26193
26195
26254
26275
26305
26311
26355
26383
26433
26446
26460
26465
26511
26512
26534
26546
26558
26579
26583
26680
26696
26697
26698
26700
26736
26766
26770
26818
26820
26844
26852
26883
26896
26929
26938
27012
27021
27025
27101
27180
27206
27244
27254
27262
27276
27332
27378
27387
27416
27419
27421
27441
27473
27489
27508
27530
27544
27664
27682
27722
27740
27805
27825
27840
27924
27946
27950
27980
28015
28036
28040
28042
28062
28073
28074
28089
28104
28142
28170
28236
28242
28298
28303
28304
28314
28334
28351
28377
28385
28431
28467
28487
28501
28629
28658
28709
28717
28724
28727
28859
28891
28901
28934
28962
29001
29037
29052
29088
29101
29106
29135
29164
29177
29192
29194
29199
29213
29229
29379
29382
29478
29551
29596
29610
29655
29720
29796
29841
29845
29853
29866
29869
29876
29889
29894
29903
29909
29913
29914
30018
30066
30072
30086
30123
30219
30225
30300
30303
30313
30372
30387
30389
30437
30467
30512
30535
30539
30542
30584
30671
30717
30776
30846
30851
30870
31038
31072
31105
31119
31133
31168
31201
31290
31298
31308
31313
31356
31396
31409
31434
31473
31482
31529
31553
31556
31564
31578
31588
31618
31661
31705
31708
31726
31791
31821
31831
31834
31844
31902
31942
31944
31971
31980
31999
32004
32029
32059
32067
32095
32132
32136
32143
32145
32162
32239
32273
32322
32335
32337
32339
32437
32474
32507
32518
32532
32547
32553
32559
32614
32647
32652
32690
32698
32713
32735
32813
32824
32826
32875
32896
32910
32950
32970
32975
32994
33026
33043
33120
33135
33152
33181
33195
33196
33234
33260
33275
33291
33333
33368
33383
33391
33425
33462
33478
33532
33547
33562
33610
33611
33630
33701
33735
33765
33786
33791
33828
33831
33841
33909
33962
33971
33974
33989
33992
34019
34020
34060
34065
34108
34173
34250
34299
34320
34321
34346
34348
34405
34409
34468
34482
34483
34500
34505
34549
34573
34583
34592
34632
34643
34688
34767
34791
34795
34889
34903
34908
34914
35008
35016
35042
35094
35204
35237
35247
35270
35292
35302
35315
35357
35368
35394
35409
35411
35457
35483
35499
35516
35541
35546
35555
35571
35641
35710
35743
35765
35786
35870
35911
35999
36003
36010
36024
36046
36088
36090
36110
36128
36166
36209
36256
36259
36309
36319
36320
36329
36357
36366
36423
36436
36499
36535
36587
36609
36618
36629
36699
36707
36716
36726
36752
36774
36816
36826
36836
36951
36980
37108
37116
37158
37161
37178
37201
37215
37222
37235
37284
37321
37324
37335
37377
37399
37427
37428
37490
37498
37564
37567
37568
37677
37681
37718
37732
37763
37771
37817
37823
37825
37882
37886
37894
37945
37956
37959
38028
38077
38079
38135
38140
38180
38199
38217
38252
38264
38269
38290
38306
38339
38350
38370
38421
38423
38428
38450
38465
38527
38542
38563
38570
38624
38639
38680
38705
38712
38721
38723
38734
38794
38818
38825
38845
38907
38949
38955
38963
38973
39045
39069
39078
39094
39102
39169
39192
39207
39233
39271
39280
39317
39359
39397
39400
39428
39542
39559
39563
39570
39574
39583
39611
39621
39627
39645
39660
39685
39695
39708
39791
39842
39855
39932
39937
39944
39964
-1
