32
118
127
161
166
174
215
218
237
277
304
402
437
449
465
490
498
620
625
628
669
677
702
723
746
806
838
862
883
911
941
972
994
1041
1042
1059
1070
1243
1270
1285
1306
1307
1326
1331
1348
1358
1403
1418
1420
1442
1447
1455
1470
1488
1498
1533
1541
1543
1568
1571
1584
1585
1595
1600
1601
1611
1640
1644
1688
1723
1735
1755
1760
1761
1762
1795
1813
1859
1891
1940
1941
1984
2004
2018
2032
2035
2118
2141
2155
2227
2242
2278
2306
2382
2415
2421
2429
2482
2569
2571
2580
2589
2591
2617
2666
2753
2769
2775
2783
2811
2835
2849
2959
2969
2974
2985
3020
3028
3045
3052
3059
3075
3097
3146
3177
3198
3225
3248
3250
3257
3267
3305
3357
3363
3369
3380
3386
3397
3414
3436
3439
3442
3444
3530
3541
3576
3590
3628
3659
3749
3752
4020
4037
4087
4092
4100
4102
4162
4189
4192
4221
4265
4266
4312
4341
4359
4372
4379
4440
4459
4479
4495
4525
4530
4551
4590
4592
4599
4625
4666
4752
4775
4813
4829
5020
5036
5040
5076
5081
5082
5085
5103
5141
5149
5152
5153
5175
5210
5215
5223
5279
5280
5329
5404
5447
5477
5576
5581
5592
5617
5640
5664
5695
5712
5754
5782
5784
5844
5847
5850
5922
5943
5952
5965
5978
6026
6035
6069
6095
6097
6104
6139
6161
6166
6175
6183
6187
6250
6263
6281
6299
6368
6468
6491
6497
6501
6571
6577
6580
6628
6634
6670
6703
6721
6772
6812
6824
6862
6904
6905
6981
7016
7038
7054
7097
7100
7102
7130
7131
7164
7168
7193
7228
7234
7250
7273
7275
7308
7327
7331
7366
7384
7408
7429
7432
7460
7468
7479
7502
7515
7599
7630
7634
7675
7694
7724
7728
7758
7795
7819
7840
7860
7888
7909
7916
8019
8040
8073
8105
8115
8123
8151
8162
8207
8219
8321
8325
8365
8409
8421
8445
8468
8486
8539
8564
8593
8613
8644
8659
8693
8731
8779
8800
8812
8817
8820
8854
8871
8888
8968
8978
9011
9014
9023
9130
9180
9218
9234
9250
9296
9304
9312
9322
9329
9333
9342
9349
9360
9375
9413
9444
9455
9509
9517
9537
9611
9638
9663
9710
9774
9787
9807
9812
9838
9891
9916
9931
9941
9947
9955
9985
10000
10023
10034
10068
10072
10077
10129
10134
10178
10192
10247
10323
10350
10354
10379
10461
10482
10509
10517
10520
10573
10617
10702
10734
10745
10810
10865
10877
10895
10972
10983
10988
11081
11111
11115
11170
11257
11331
11370
11401
11412
11425
11436
11471
11479
11516
11529
11535
11539
11556
11571
11584
11702
11745
11821
11853
11861
11904
11961
12004
12017
12020
12021
12035
12041
12042
12049
12108
12143
12151
12232
12234
12289
12319
12324
12333
12364
12407
12414
12439
12454
12497
12523
12583
12652
12703
12724
12898
12922
12978
13040
13046
13052
13111
13130
13135
13142
13146
13166
13191
13216
13230
13232
13290
13292
13303
13348
13382
13478
13479
13516
13520
13534
13535
13589
13609
13677
13689
13706
13716
13725
13737
13741
13778
13798
13839
13845
13887
13940
13964
14018
14020
14067
14080
14137
14140
14147
14189
14196
14212
14235
14247
14267
14285
14370
14463
14465
14492
14550
14551
14555
14570
14571
14592
14600
14619
14623
14630
14633
14639
14660
14684
14695
14715
14719
14790
14799
14853
14858
14877
14886
14902
14935
15030
15074
15077
15087
15113
15142
15167
15188
15193
15204
15222
15250
15270
15278
15331
15363
15365
15367
15384
15422
15533
15614
15633
15643
15695
15721
15742
15743
15751
15789
15815
15831
15845
15859
15867
15869
15898
15909
15953
16113
16118
16259
16313
16332
16341
16370
16425
16439
16505
16517
16547
16550
16566
16593
16637
16701
16703
16742
16744
16779
16787
16868
16904
16933
16935
17008
17016
17041
17050
17051
17057
17081
17115
17120
17135
17146
17173
17194
17251
17259
17293
17343
17405
17417
17431
17477
17483
17501
17510
17544
17563
17654
17712
17725
17807
17822
17833
17848
17876
17892
17930
17932
17949
17963
17971
18015
18019
18030
18056
18070
18080
18095
18127
18164
18192
18220
18249
18313
18331
18343
18382
18399
18400
18434
18456
18475
18578
18615
18691
18725
18734
18877
18938
18956
18989
19056
19082
19103
19126
19148
19149
19178
19221
19268
19283
19300
19313
19318
19321
19353
19360
19415
19427
19518
19519
19555
19570
19573
19593
19625
19706
19741
19758
19775
19840
19842
19939
19960
20004
20009
20023
20059
20102
20186
20190
20217
20261
20307
20315
20383
20397
20457
20514
20538
20562
20566
20616
20633
20660
20667
20693
20733
20739
20753
20796
20817
20831
20850
20916
21055
21083
21178
21183
21187
21190
21197
21217
21244
21250
21267
21305
21315
21336
21350
21359
21446
21449
21453
21470
21488
21514
21520
21557
21568
21579
21649
21661
21693
21695
21731
21732
21790
21805
21806
21810
21819
21856
21867
21868
21880
21904
21917
21937
21951
21978
21990
21994
22027
22029
22060
22078
22092
22138
22162
22168
22209
22257
22266
22278
22279
22281
22286
22304
22339
22500
22554
22567
22572
22588
22672
22682
22694
22699
22745
22752
22759
22774
22787
22797
22802
22841
22863
22866
22880
22915
22916
22977
22978
23031
23037
23049
23094
23110
23126
23196
23213
23224
23236
23242
23262
23263
23322
23394
23451
23494
23504
23510
23577
23578
23613
23625
23648
23668
23679
23690
23725
23735
23758
23768
23772
23786
23827
23857
23926
23939
23982
24087
24103
24113
24178
24182
24184
24185
24186
24210
24270
24348
24358
24387
24423
24456
24475
24481
24492
24497
24508
24516
24528
24529
24552
24566
24606
24607
24610
24640
24648
24655
24676
24701
24752
24782
24797
24814
24846
24872
24880
24917
24960
24964
25054
25063
25074
25119
25140
25145
25150
25159
25160
25191
25211
25296
25336
25390
25417
25422
25439
25440
25456
25458
25490
25494
25560
25590
25622
25638
25667
25689
25748
25771
25780
25845
25849
25867
25868
25890
25954
25968
25983
25995
26046
26055
26070
26137
26142
26143
26146
26160
26270
26301
26304
26315
26337
26382
26390
26414
26517
26541
26546
26549
26563
26609
26663
26676
26680
26699
26722
26747
26771
26793
26822
26837
26881
26979
26981
26989
26994
27093
27136
27144
27159
27174
27221
27270
27305
27312
27317
27329
27335
27417
27486
27489
27516
27529
27540
27603
27657
27674
27690
27705
27743
27780
27886
27922
27949
27976
28003
28025
28031
28065
28089
28109
28139
28155
28162
28279
28357
28361
28443
28477
28484
28491
28539
28541
28547
28548
28553
28569
28575
28579
28701
28702
28709
28714
28719
28722
28745
28749
28773
28797
28822
28832
28853
28857
28903
28914
28950
28987
29006
29053
29063
29131
29159
29167
29190
29207
29245
29267
29336
29344
29361
29398
29449
29482
29488
29531
29640
29661
29701
29705
29729
29756
29842
29853
29854
29868
29958
29965
29974
29975
29976
29993
30018
30020
30021
30080
30128
30130
30145
30171
30184
30198
30204
30218
30259
30261
30269
30294
30380
30459
30517
30558
30617
30639
30665
30668
30725
30745
30777
30803
30845
30848
30876
30890
30924
30927
30950
30956
30968
30990
31000
31024
31028
31083
31100
31102
31122
31167
31184
31188
31192
31196
31237
31238
31264
31285
31288
31322
31333
31460
31480
31509
31528
31530
31590
31670
31680
31704
31711
31732
31781
31822
31926
31962
31975
32022
32055
32131
32186
32214
32225
32228
32233
32261
32293
32333
32337
32349
32357
32391
32425
32430
32475
32490
32494
32530
32683
32761
32767
32775
32805
32808
32814
32826
32849
32875
32896
32907
32943
32963
33051
33053
33059
33074
33098
33104
33155
33159
33173
33183
33226
33258
33279
33338
33356
33400
33404
33459
33460
33467
33524
33592
33614
33615
33621
33626
33647
33662
33678
33691
33710
33711
33725
33758
33768
33794
33807
33831
33840
33859
33874
33904
33940
34066
34076
34079
34126
34143
34150
34234
34245
34278
34295
34351
34355
34358
34450
34469
34476
34529
34539
34543
34552
34583
34698
34722
34739
34764
34769
34772
34773
34785
34789
34808
34839
34874
34889
34927
34952
34961
35002
35017
35074
35144
35172
35185
35217
35239
35247
35267
35277
35346
35351
35369
35372
35435
35455
35471
35505
35558
35580
35584
35590
35593
35600
35635
35662
35669
35690
35714
35736
35780
35856
35884
35909
35918
35935
35939
35944
35948
35953
35962
35980
36007
36008
36012
36047
36051
36055
36065
36098
36119
36151
36172
36179
36203
36207
36228
36273
36276
36284
36304
36319
36335
36346
36349
36397
36423
36425
36427
36444
36553
36564
36583
36602
36604
36622
36625
36629
36650
36695
36735
36736
36758
36799
36822
36823
36863
36865
36879
36893
36907
36949
36962
36971
37036
37065
37084
37107
37112
37197
37221
37230
37237
37265
37287
37288
37293
37322
37327
37328
37355
37357
37365
37398
37408
37410
37413
37432
37445
37485
37492
37585
37611
37619
37625
37632
37638
37641
37721
37725
37760
37820
37828
37894
37921
37937
37986
38006
38248
38249
38260
38379
38388
38397
38398
38497
38521
38528
38573
38602
38605
38703
38729
38765
38808
38813
38838
38884
38898
38920
38933
38956
38966
39001
39006
39014
39035
39042
39057
39135
39161
39179
39196
39211
39234
39243
39293
39294
39323
39337
39363
39366
39415
39427
39430
39442
39458
39460
39477
39479
39529
39538
39545
39553
39568
39628
39687
39705
39860
39898
39936
39952
39969
39975
39979
39990
-1
