27
47
59
84
163
164
202
239
267
285
297
373
385
414
422
425
432
438
445
449
529
546
553
564
577
583
610
624
630
638
648
680
698
734
778
782
789
802
820
839
854
870
920
943
1154
1162
1192
1255
1266
1272
1276
1448
1468
1560
1562
1563
1566
1587
1633
1648
1703
1836
1851
1890
1905
1941
1993
1996
2011
2040
2094
2108
2127
2138
2141
2161
2168
2175
2204
2244
2261
2333
2335
2435
2437
2476
2496
2506
2619
2626
2632
2641
2643
2656
2659
2672
2690
2703
2723
2759
2851
2871
2936
2975
2982
3014
3056
3065
3083
3084
3111
3137
3155
3196
3231
3238
3248
3252
3264
3308
3343
3345
3353
3379
3408
3472
3523
3527
3539
3561
3563
3613
3630
3690
3696
3717
3731
3753
3756
3781
3789
3793
3796
3806
3839
3842
3886
3895
3898
3899
3924
3937
3964
3997
4020
4022
4054
4091
4131
4172
4194
4227
4235
4248
4295
4299
4344
4365
4378
4409
4454
4493
4509
4535
4556
4575
4601
4605
4629
4635
4653
4686
4764
4775
4813
4826
4835
4884
4912
4915
4927
4930
4946
4971
4984
5035
5065
5103
5110
5112
5164
5192
5261
5308
5424
5432
5443
5485
5549
5555
5573
5628
5658
5699
5702
5707
5726
5752
5818
5844
5897
5912
5927
5941
5969
6000
6013
6057
6097
6103
6117
6124
6153
6199
6221
6257
6271
6323
6360
6396
6398
6407
6413
6428
6440
6454
6483
6489
6541
6558
6607
6609
6615
6625
6655
6660
6694
6741
6749
6750
6758
6764
6767
6777
6841
6898
6939
6958
6970
7001
7014
7038
7074
7110
7114
7222
7230
7238
7244
7361
7407
7418
7452
7459
7462
7467
7503
7523
7592
7601
7626
7688
7740
7760
7765
7795
7801
7805
7823
7845
7885
7894
7958
8007
8029
8044
8049
8093
8118
8119
8132
8189
8267
8316
8401
8411
8424
8450
8459
8498
8512
8606
8645
8676
8678
8696
8735
8831
8859
8978
9012
9020
9087
9107
9139
9172
9237
9294
9316
9334
9392
9431
9466
9471
9480
9486
9497
9505
9529
9532
9536
9556
9621
9630
9631
9644
9650
9651
9663
9675
9706
9709
9714
9752
9786
9790
9792
9843
9862
9865
9894
9919
9920
9994
10013
10061
10094
10115
10152
10163
10213
10240
10252
10253
10265
10267
10273
10290
10320
10400
10432
10438
10516
10524
10525
10543
10551
10559
10570
10694
10714
10719
10740
10842
10864
10869
10971
10995
11019
11082
11214
11222
11224
11240
11242
11259
11291
11316
11321
11338
11393
11417
11430
11460
11462
11515
11534
11568
11586
11610
11617
11634
11643
11645
11701
11772
11782
11805
11816
11847
11898
11899
11900
11917
11946
11958
11962
11977
11979
12000
12002
12049
12063
12067
12101
12131
12172
12189
12259
12271
12276
12284
12307
12374
12412
12421
12444
12449
12452
12462
12482
12486
12492
12498
12528
12542
12545
12609
12614
12633
12684
12703
12705
12750
12756
12819
12830
12919
12930
12931
12990
13034
13042
13059
13067
13076
13095
13101
13111
13128
13220
13237
13245
13337
13338
13433
13444
13469
13473
13496
13580
13597
13606
13616
13622
13734
13797
13824
13887
13891
13912
13924
13928
13969
13972
13998
14001
14010
14040
14045
14067
14083
14115
14139
14150
14202
14212
14221
14231
14301
14340
14415
14427
14428
14439
14443
14499
14512
14679
14684
14693
14697
14717
14725
14732
14738
14753
14793
14802
14814
14822
14858
14864
14876
14908
14949
15025
15037
15069
15072
15076
15082
15096
15098
15120
15153
15167
15208
15242
15250
15302
15316
15320
15355
15366
15368
15371
15374
15394
15410
15513
15567
15569
15580
15592
15594
15614
15640
15702
15707
15736
15752
15755
15770
15780
15784
15817
15829
15843
15940
16015
16089
16136
16158
16173
16183
16235
16318
16324
16351
16380
16382
16391
16399
16430
16506
16516
16539
16574
16576
16579
16629
16649
16668
16688
16731
16753
16853
16947
16978
16997
17030
17031
17076
17113
17124
17129
17137
17156
17166
17268
17276
17288
17327
17346
17360
17418
17440
17490
17570
17621
17628
17657
17750
17765
17771
17772
17809
17810
17815
17860
17875
17893
17963
18017
18186
18221
18252
18260
18266
18272
18292
18413
18426
18514
18601
18671
18694
18713
18776
18785
18797
18802
18808
18856
18858
18933
18955
18978
18986
19000
19014
19061
19066
19069
19073
19074
19087
19101
19124
19149
19201
19246
19262
19264
19303
19316
19321
19327
19346
19384
19472
19475
19502
19540
19549
19587
19712
19768
19794
19822
19830
19833
19845
19872
19873
19895
19899
19928
19969
19987
20054
20067
20164
20169
20171
20184
20208
20241
20280
20294
20350
20351
20357
20365
20378
20426
20438
20455
20462
20479
20503
20594
20619
20636
20638
20656
20698
20710
20742
20783
20787
20804
20835
20851
20881
20900
20923
20957
21038
21043
21090
21118
21124
21136
21164
21171
21229
21248
21325
21336
21339
21341
21347
21352
21370
21373
21410
21434
21456
21460
21469
21486
21487
21504
21514
21518
21526
21540
21561
21574
21575
21585
21602
21621
21649
21666
21669
21683
21745
21755
21760
21785
21800
21823
21833
21869
21941
21950
21973
21975
22002
22012
22016
22023
22056
22074
22090
22160
22175
22192
22219
22225
22241
22258
22263
22279
22332
22375
22398
22518
22538
22541
22568
22729
22735
22809
22851
22889
22910
22913
22974
23007
23026
23109
23193
23215
23223
23246
23264
23277
23284
23287
23294
23295
23298
23336
23345
23421
23433
23437
23470
23489
23510
23527
23564
23572
23591
23632
23654
23665
23686
23782
23798
23812
23818
23866
23904
23923
23945
23981
24009
24010
24078
24134
24164
24222
24231
24240
24241
24249
24259
24269
24301
24407
24418
24419
24435
24461
24468
24476
24478
24484
24511
24518
24523
24609
24627
24637
24640
24676
24703
24745
24747
24757
24762
24787
24817
24820
24840
24861
24900
24911
24979
24990
24991
24994
25011
25034
25040
25149
25204
25230
25252
25253
25263
25289
25351
25378
25458
25502
25511
25517
25606
25610
25683
25686
25715
25725
25742
25759
25766
25770
25872
25879
25881
25932
26001
26014
26048
26076
26094
26119
26164
26174
26188
26190
26267
26281
26306
26318
26348
26369
26375
26388
26435
26506
26515
26524
26543
26553
26624
26627
26630
26645
26649
26650
26673
26676
26682
26753
26797
26811
26882
26886
26891
26911
26991
27003
27014
27031
27037
27073
27097
27124
27126
27196
27237
27267
27324
27346
27358
27396
27427
27443
27521
27524
27555
27571
27687
27747
27765
27787
27806
27809
27810
27861
27896
27908
27962
27971
28008
28039
28071
28141
28162
28184
28218
28232
28234
28283
28295
28319
28336
28381
28395
28402
28425
28484
28488
28490
28494
28525
28547
28549
28551
28581
28593
28632
28633
28649
28745
28746
28755
28818
28837
28840
28900
28923
28929
28934
28965
28998
29021
29049
29095
29121
29163
29209
29262
29264
29282
29369
29382
29413
29476
29507
29570
29581
29600
29663
29665
29699
29701
29711
29800
29807
29839
29872
29930
29960
29968
29984
30005
30013
30029
30031
30064
30071
30145
30169
30186
30200
30202
30212
30255
30329
30359
30406
30429
30451
30509
30512
30529
30537
30541
30660
30692
30722
30725
30764
30805
30860
30880
30949
30961
30972
30979
31029
31058
31081
31117
31133
31199
31247
31266
31348
31396
31404
31509
31524
31548
31565
31576
31590
31620
31644
31742
31748
31760
31805
31810
31819
31832
31838
31895
31928
31972
31986
32009
32015
32086
32129
32149
32160
32202
32235
32310
32355
32380
32426
32428
32452
32461
32473
32486
32498
32573
32581
32597
32615
32649
32671
32709
32758
32798
32819
32825
32836
32897
32948
32967
32969
32970
32994
33005
33020
33037
33092
33191
33219
33231
33248
33275
33297
33305
33314
33353
33356
33372
33384
33423
33448
33457
33475
33495
33496
33550
33551
33616
33649
33675
33686
33717
33738
33739
33750
33770
33788
33844
33851
33860
33890
33954
33972
33980
33985
33987
33989
34001
34052
34081
34093
34106
34112
34132
34158
34159
34206
34228
34249
34255
34287
34319
34320
34451
34452
34497
34505
34566
34583
34589
34606
34631
34647
34699
34703
34710
34722
34744
34748
34762
34766
34772
34798
34808
34825
34849
34931
34976
34992
34995
35000
35020
35120
35125
35139
35144
35147
35201
35219
35271
35272
35281
35338
35398
35400
35417
35429
35465
35483
35492
35503
35525
35533
35549
35582
35603
35616
35631
35669
35738
35785
35788
35805
35866
35901
36010
36025
36051
36121
36139
36145
36206
36237
36266
36271
36272
36340
36373
36400
36422
36438
36457
36471
36495
36520
36568
36571
36577
36593
36637
36651
36664
36673
36716
36724
36727
36729
36730
36739
36745
36771
36778
36813
36831
36864
36873
36887
36951
36970
36981
37000
37001
37006
37027
37028
37036
37111
37120
37191
37236
37257
37275
37289
37298
37346
37353
37380
37422
37427
37490
37505
37512
37516
37532
37600
37623
37635
37648
37674
37722
37819
37840
37864
37878
37917
37933
37952
37984
38051
38080
38132
38178
38268
38293
38297
38309
38343
38388
38418
38424
38480
38491
38495
38502
38506
38560
38593
38618
38673
38718
38722
38725
38785
38803
38821
38848
38849
38883
38888
38950
38980
39003
39048
39117
39118
39150
39171
39192
39198
39199
39269
39370
39391
39457
39492
39499
39502
39535
39539
39545
39549
39570
39571
39586
39588
39596
39615
39637
39654
39658
39694
39727
39745
39805
39844
39856
39902
39940
-1
