11
21
26
49
71
78
98
100
134
143
147
209
255
272
274
283
303
308
348
355
367
371
416
421
546
588
671
699
718
745
755
784
797
800
807
824
854
868
869
881
919
951
1010
1013
1016
1040
1046
1092
1093
1186
1234
1274
1328
1376
1409
1419
1441
1450
1487
1513
1519
1558
1574
1584
1666
1715
1724
1762
1770
1774
1809
1873
1882
1883
1904
1930
1931
1953
1971
1980
2023
2027
2055
2152
2190
2204
2205
2265
2286
2297
2303
2312
2321
2356
2397
2398
2417
2431
2445
2455
2466
2471
2478
2545
2549
2634
2674
2713
2723
2737
2891
2917
2948
2970
3029
3050
3087
3103
3120
3122
3168
3177
3218
3284
3317
3323
3348
3370
3399
3406
3431
3446
3512
3514
3521
3548
3551
3591
3676
3703
3744
3765
3774
3820
3897
3910
3916
3963
3996
3999
4076
4082
4092
4110
4117
4239
4242
4248
4249
4280
4346
4396
4410
4431
4458
4521
4572
4594
4595
4600
4655
4720
4723
4792
4856
4861
4909
4916
4923
4928
4935
4938
5033
5036
5076
5138
5168
5176
5202
5262
5269
5306
5366
5386
5456
5557
5559
5578
5614
5638
5662
5707
5731
5735
5808
5828
5865
5876
5883
5949
5959
6014
6018
6023
6112
6119
6136
6146
6152
6159
6164
6253
6269
6349
6397
6398
6415
6499
6524
6545
6548
6551
6554
6619
6626
6665
6677
6692
6716
6739
6744
6764
6817
6827
6836
6893
6895
6897
6906
6918
7031
7049
7057
7068
7079
7125
7187
7200
7221
7284
7290
7299
7309
7313
7331
7344
7363
7421
7425
7429
7484
7520
7558
7595
7604
7633
7681
7706
7733
7765
7777
7791
7814
7819
7855
7856
7864
7868
7892
7932
7937
7986
8002
8003
8021
8103
8111
8158
8173
8185
8220
8249
8262
8289
8328
8371
8390
8431
8438
8448
8449
8544
8550
8553
8586
8599
8677
8752
8777
8827
8833
8878
8892
8938
8940
9040
9074
9174
9204
9259
9302
9315
9323
9388
9462
9486
9489
9537
9562
9627
9629
9654
9699
9705
9753
9754
9774
9776
9782
9812
9882
9889
9890
9936
9954
9974
9989
9992
10007
10049
10059
10066
10070
10072
10081
10112
10119
10124
10134
10140
10173
10190
10195
10211
10214
10222
10237
10265
10323
10324
10328
10357
10360
10376
10378
10475
10481
10517
10537
10552
10553
10579
10624
10669
10679
10702
10731
10748
10774
10778
10800
10849
11014
11055
11098
11112
11115
11119
11150
11156
11193
11196
11200
11205
11298
11350
11353
11373
11391
11401
11408
11445
11460
11461
11518
11549
11574
11604
11630
11660
11681
11682
11716
11739
11771
11777
11796
11797
11845
11855
11869
11924
11934
11973
11994
12081
12181
12183
12186
12222
12244
12287
12310
12319
12363
12370
12373
12420
12423
12457
12462
12496
12563
12564
12597
12608
12648
12679
12688
12690
12691
12714
12737
12743
12758
12760
12813
12861
12868
12869
12887
12943
12983
12999
13012
13037
13080
13090
13117
13127
13143
13202
13203
13256
13271
13359
13362
13377
13410
13413
13427
13450
13487
13494
13496
13517
13536
13561
13562
13644
13651
13657
13673
13678
13685
13686
13713
13718
13769
13775
13809
13825
13876
13888
13902
13974
14007
14093
14106
14129
14149
14170
14195
14202
14210
14271
14282
14303
14366
14387
14448
14485
14496
14539
14639
14640
14663
14674
14717
14740
14741
14777
14781
14873
14933
14936
14951
14977
14996
15020
15043
15100
15101
15102
15127
15133
15139
15169
15222
15273
15315
15405
15406
15434
15436
15486
15503
15540
15583
15628
15640
15652
15686
15691
15694
15711
15740
15745
15839
15840
15849
15894
15906
15956
15963
15970
15989
16015
16041
16067
16073
16098
16125
16146
16151
16216
16243
16259
16287
16294
16319
16322
16342
16365
16423
16438
16462
16478
16481
16494
16510
16531
16536
16539
16575
16579
16581
16582
16584
16599
16604
16631
16655
16657
16714
16728
16735
16741
16745
16773
16806
16890
16894
16907
16929
17076
17092
17119
17120
17131
17149
17165
17186
17238
17242
17253
17262
17303
17323
17329
17336
17350
17361
17365
17396
17437
17443
17493
17508
17516
17517
17552
17637
17653
17677
17680
17686
17702
17703
17750
17752
17773
17817
17854
17864
17881
17893
17896
18002
18083
18120
18122
18135
18142
18153
18186
18215
18370
18394
18409
18475
18517
18532
18557
18560
18648
18681
18725
18731
18739
18742
18746
18773
18808
18823
18824
18830
18847
18970
18989
19068
19097
19113
19118
19121
19142
19170
19223
19277
19282
19297
19382
19394
19420
19461
19483
19485
19502
19529
19596
19616
19672
19683
19695
19715
19754
19760
19812
19814
19838
19850
19856
19893
19987
20029
20072
20124
20132
20148
20173
20186
20203
20267
20299
20309
20322
20369
20383
20387
20399
20461
20468
20500
20529
20588
20597
20653
20677
20687
20690
20692
20721
20746
20815
20877
20879
20938
20939
20954
20955
20957
20987
20996
21017
21099
21100
21103
21118
21126
21139
21142
21146
21149
21164
21184
21196
21254
21291
21299
21323
21327
21396
21403
21500
21541
21563
21601
21638
21674
21679
21714
21734
21783
21802
21811
21847
21913
21920
21926
21932
21975
21991
21995
22024
22037
22081
22093
22130
22132
22151
22210
22241
22270
22298
22308
22310
22351
22401
22420
22430
22442
22464
22468
22477
22484
22493
22567
22583
22584
22655
22671
22684
22686
22722
22723
22725
22729
22884
22903
23012
23048
23137
23175
23179
23190
23202
23204
23206
23251
23308
23312
23358
23392
23409
23446
23470
23489
23502
23504
23591
23606
23684
23728
23743
23815
23844
23868
23876
23919
23930
23940
23941
23958
23959
23964
23982
23992
24000
24007
24020
24118
24163
24205
24258
24278
24284
24297
24387
24466
24553
24578
24579
24596
24643
24658
24719
24749
24768
24789
24795
24804
24820
24825
24830
24846
24895
24902
24946
24965
24967
25051
25053
25082
25138
25161
25180
25199
25201
25235
25237
25244
25300
25316
25339
25345
25352
25400
25401
25478
25545
25553
25555
25575
25579
25614
25636
25642
25644
25667
25668
25683
25696
25764
25765
25831
25856
25866
25874
25887
25956
25978
25987
25990
26044
26064
26075
26079
26088
26117
26133
26157
26160
26162
26178
26293
26325
26395
26420
26421
26501
26548
26565
26586
26613
26615
26708
26731
26756
26794
26800
26812
26824
26870
26935
26952
26973
27029
27041
27049
27050
27053
27054
27055
27060
27143
27147
27152
27155
27248
27275
27301
27311
27336
27396
27412
27424
27458
27469
27565
27574
27589
27604
27614
27630
27640
27679
27680
27730
27751
27789
27820
27870
27906
27918
27960
28003
28011
28032
28084
28129
28139
28144
28182
28187
28257
28262
28287
28297
28300
28302
28368
28395
28399
28435
28468
28480
28481
28501
28510
28566
28594
28615
28654
28656
28696
28698
28719
28727
28795
28809
28826
28877
28882
28889
28922
28923
28971
28982
28991
28995
29030
29043
29054
29066
29116
29155
29183
29366
29398
29440
29476
29480
29486
29487
29507
29561
29582
29609
29652
29654
29662
29695
29751
29778
29805
29817
29825
29938
30002
30018
30036
30038
30039
30068
30077
30115
30136
30155
30188
30196
30199
30216
30273
30325
30328
30339
30353
30374
30378
30416
30419
30426
30449
30593
30609
30618
30631
30663
30668
30675
30739
30759
30765
30788
30800
30874
30878
30908
30912
30920
30922
30935
30977
30982
30996
30998
31007
31026
31034
31061
31103
31128
31187
31237
31274
31413
31428
31474
31567
31575
31587
31604
31637
31655
31676
31800
31820
31851
31876
31879
31917
31942
31945
32118
32125
32150
32176
32224
32255
32273
32274
32275
32277
32279
32320
32332
32352
32369
32374
32376
32393
32402
32445
32449
32579
32612
32615
32631
32632
32662
32665
32674
32705
32719
32720
32725
32742
32759
32775
32819
32839
32860
32880
32889
32911
32974
32993
33006
33037
33067
33085
33106
33155
33169
33172
33199
33237
33242
33260
33261
33274
33288
33309
33329
33330
33331
33332
33383
33430
33455
33525
33528
33559
33565
33575
33586
33601
33609
33615
33621
33644
33659
33707
33722
33778
33798
33851
33900
33904
33908
33953
33983
33998
34033
34035
34064
34068
34145
34256
34297
34368
34387
34438
34451
34510
34519
34565
34583
34594
34602
34635
34771
34796
34798
34809
34853
34895
34975
34984
34992
34996
35013
35069
35079
35095
35105
35121
35145
35167
35176
35199
35249
35252
35305
35380
35413
35440
35466
35503
35551
35552
35569
35632
35661
35668
35676
35689
35701
35710
35713
35715
35731
35743
35756
35791
35803
35844
35901
35909
35910
35918
35939
35954
36050
36069
36077
36090
36133
36137
36195
36214
36217
36260
36372
36374
36376
36419
36438
36494
36538
36564
36587
36588
36589
36624
36649
36650
36654
36676
36686
36732
36796
36805
36821
36828
36832
36893
36912
36913
36915
36919
36932
36995
37048
37067
37091
37109
37111
37130
37154
37214
37244
37247
37255
37282
37308
37417
37497
37518
37521
37523
37537
37539
37549
37570
37595
37661
37721
37746
37749
37813
37830
37922
38035
38036
38083
38084
38101
38116
38187
38206
38208
38237
38290
38385
38396
38403
38427
38440
38459
38472
38521
38536
38661
38679
38716
38743
38746
38785
38786
38809
38814
38827
38900
38978
38982
39006
39044
39054
39118
39135
39149
39153
39215
39220
39253
39290
39300
39343
39430
39486
39529
39530
39565
39579
39650
39708
39741
39755
39773
39788
39791
39872
39873
39880
39885
39910
39928
39938
39994
-1
