57
61
87
100
197
209
224
266
342
393
415
452
459
471
487
555
569
589
603
606
624
635
637
695
698
720
752
753
820
826
906
970
976
998
999
1002
1026
1032
1076
1127
1149
1176
1187
1204
1247
1284
1286
1315
1329
1408
1465
1478
1493
1564
1593
1600
1628
1660
1669
1693
1704
1750
1752
1763
1781
1800
1815
1857
1867
1876
1931
1935
1949
1955
1997
2030
2063
2117
2132
2135
2157
2223
2237
2252
2333
2347
2349
2372
2373
2382
2417
2438
2473
2533
2636
2651
2654
2723
2728
2739
2767
2768
2781
2797
2822
2871
2875
2876
2878
2944
2990
3036
3060
3112
3144
3161
3220
3275
3318
3333
3342
3347
3355
3384
3385
3413
3414
3437
3444
3451
3473
3474
3495
3505
3565
3635
3659
3660
3882
3884
3915
3927
3945
3949
3973
3976
3977
3983
3994
4074
4125
4131
4147
4183
4186
4294
4300
4306
4310
4350
4394
4410
4437
4466
4474
4519
4562
4628
4640
4691
4759
4802
4840
4860
4911
4914
4936
4937
5013
5028
5038
5118
5141
5153
5167
5190
5191
5291
5307
5312
5354
5387
5390
5400
5425
5431
5446
5467
5512
5539
5546
5559
5567
5581
5582
5603
5606
5643
5697
5726
5755
5773
5777
5806
5812
5826
5828
5879
5887
5889
5901
5920
5957
6015
6023
6055
6069
6126
6128
6154
6157
6192
6193
6203
6229
6250
6316
6349
6364
6382
6426
6428
6463
6537
6539
6541
6547
6552
6570
6586
6591
6654
6676
6680
6723
6762
6763
6792
6961
6965
7001
7004
7026
7087
7095
7099
7114
7190
7218
7229
7254
7256
7258
7279
7288
7410
7454
7467
7502
7513
7514
7675
7677
7680
7700
7720
7753
7759
7809
7821
7829
7879
7933
7934
7940
7965
7979
7981
8009
8065
8103
8165
8185
8202
8208
8231
8233
8239
8243
8256
8257
8269
8323
8409
8446
8480
8524
8596
8602
8623
8635
8677
8679
8706
8724
8731
8747
8748
8804
8818
8830
8898
8928
8952
9094
9112
9129
9205
9221
9253
9255
9267
9285
9300
9350
9351
9355
9469
9481
9487
9556
9600
9610
9615
9651
9701
9774
9775
9796
9816
9835
9838
9872
9920
9921
9933
9950
9994
10004
10091
10130
10136
10149
10161
10179
10188
10193
10209
10225
10234
10263
10311
10321
10356
10417
10418
10428
10481
10483
10555
10589
10598
10619
10646
10656
10699
10709
10720
10835
10837
10864
10868
10910
10938
11019
11061
11135
11174
11206
11213
11216
11226
11227
11241
11256
11303
11317
11346
11348
11364
11371
11381
11413
11435
11451
11466
11485
11489
11571
11591
11611
11704
11707
11736
11805
11876
11889
11912
11939
11952
11994
11997
12006
12098
12102
12115
12119
12125
12135
12146
12154
12160
12170
12187
12197
12244
12265
12325
12337
12411
12476
12487
12500
12504
12506
12544
12569
12599
12644
12649
12688
12695
12707
12717
12738
12770
12775
12785
12816
12841
12923
12938
12959
12964
12966
12994
12999
13025
13082
13176
13220
13228
13306
13345
13371
13408
13420
13446
13515
13565
13587
13619
13635
13636
13665
13668
13709
13712
13730
13776
13849
13875
13890
13895
13899
13938
13999
14006
14061
14066
14083
14086
14090
14124
14131
14175
14198
14270
14284
14287
14315
14329
14334
14337
14407
14475
14508
14509
14533
14586
14588
14591
14606
14607
14608
14684
14714
14730
14735
14806
14815
14833
14883
14899
14932
14989
15013
15068
15090
15113
15123
15147
15160
15244
15255
15311
15342
15343
15378
15412
15426
15486
15490
15491
15552
15553
15568
15572
15577
15608
15626
15676
15685
15699
15723
15728
15744
15748
15789
15799
15818
15940
15956
15967
15973
15977
15993
16018
16082
16098
16120
16148
16191
16207
16211
16212
16219
16229
16303
16311
16325
16408
16421
16551
16593
16599
16610
16628
16632
16650
16675
16733
16743
16760
16777
16780
16797
16823
16830
16832
16851
16871
16898
16902
16951
16952
16956
16970
16973
17008
17014
17026
17069
17079
17087
17093
17110
17158
17162
17163
17172
17215
17226
17258
17310
17368
17372
17398
17439
17456
17479
17485
17492
17522
17538
17603
17634
17648
17651
17692
17715
17716
17717
17729
17772
17774
17818
17844
17865
17905
17922
17977
18010
18017
18081
18089
18112
18142
18150
18238
18243
18259
18266
18275
18282
18289
18291
18306
18318
18366
18389
18391
18421
18426
18441
18450
18451
18511
18520
18543
18570
18575
18658
18659
18670
18677
18679
18726
18760
18766
18781
18809
18834
18835
18868
18926
18932
18977
18982
19080
19083
19093
19103
19213
19254
19284
19298
19305
19313
19330
19402
19470
19495
19550
19615
19624
19650
19680
19682
19684
19731
19774
19818
19847
19866
19867
19885
19898
19924
19926
19969
19983
20081
20088
20089
20195
20272
20281
20289
20329
20410
20490
20494
20504
20542
20559
20566
20579
20620
20628
20636
20656
20658
20677
20707
20771
20830
20937
21009
21023
21028
21036
21038
21084
21085
21114
21124
21126
21127
21134
21146
21158
21159
21166
21240
21248
21257
21265
21288
21329
21334
21349
21390
21439
21478
21507
21649
21655
21684
21700
21722
21743
21774
21798
21819
21837
21838
21875
21880
21901
21909
21915
21938
21970
21989
22070
22084
22096
22108
22109
22206
22223
22225
22305
22309
22313
22318
22348
22367
22386
22432
22570
22598
22599
22612
22649
22665
22675
22677
22680
22702
22708
22723
22739
22761
22780
22855
22903
22918
22963
22965
22981
22993
23021
23076
23081
23089
23093
23094
23107
23138
23146
23154
23212
23226
23239
23247
23275
23277
23324
23357
23366
23367
23385
23389
23397
23399
23422
23425
23449
23457
23550
23586
23618
23630
23633
23636
23640
23646
23659
23706
23738
23747
23779
23791
23797
23798
23822
23823
23981
23982
23983
23995
24018
24073
24076
24226
24260
24296
24340
24354
24389
24449
24461
24486
24488
24539
24575
24599
24633
24643
24657
24669
24677
24771
24794
24797
24808
24810
24816
24865
24880
24888
24938
24946
24955
24961
25005
25017
25054
25074
25153
25181
25214
25229
25260
25290
25291
25292
25307
25312
25322
25351
25354
25451
25479
25498
25519
25547
25597
25622
25706
25707
25734
25758
25759
25784
25810
25826
25854
25905
25935
25972
26019
26048
26073
26115
26126
26225
26239
26247
26297
26311
26346
26378
26408
26459
26476
26489
26494
26504
26515
26622
26636
26640
26651
26660
26692
26696
26731
26795
26799
26857
26874
26888
27018
27034
27049
27082
27336
27346
27365
27385
27392
27422
27447
27522
27586
27717
27732
27759
27807
27826
27848
27896
27957
27993
28026
28070
28075
28083
28100
28126
28149
28314
28376
28388
28454
28464
28467
28491
28515
28655
28678
28679
28707
28711
28715
28716
28734
28814
28869
28880
28988
29006
29017
29026
29028
29088
29116
29178
29191
29192
29198
29233
29240
29251
29253
29255
29301
29327
29333
29387
29394
29446
29494
29511
29557
29577
29656
29675
29679
29692
29702
29742
29782
29789
29795
29815
29816
29834
29865
29883
29890
29924
30021
30023
30026
30028
30036
30056
30066
30095
30101
30130
30148
30170
30178
30209
30244
30255
30288
30363
30407
30419
30425
30430
30448
30459
30464
30551
30576
30590
30594
30651
30680
30745
30805
30809
30815
30820
30860
30883
30886
30894
30937
30940
30952
30955
31083
31099
31138
31145
31152
31163
31195
31330
31354
31398
31426
31429
31430
31435
31457
31484
31485
31540
31546
31547
31558
31563
31587
31615
31631
31636
31644
31669
31672
31703
31771
31773
31815
31823
31836
31838
31856
31883
31889
31898
31913
31944
32022
32075
32152
32178
32208
32237
32264
32265
32278
32313
32348
32386
32401
32406
32451
32458
32467
32484
32504
32538
32572
32611
32633
32636
32651
32686
32687
32698
32740
32748
32774
32858
32875
32902
32912
32917
32921
32995
33011
33034
33041
33080
33084
33086
33133
33144
33173
33182
33208
33245
33298
33320
33359
33375
33431
33444
33447
33471
33476
33540
33555
33578
33579
33635
33669
33673
33742
33756
33760
33790
33825
33855
34005
34006
34090
34095
34103
34165
34196
34203
34214
34229
34232
34251
34355
34379
34400
34436
34486
34571
34575
34611
34633
34668
34688
34721
34722
34724
34738
34851
34856
34861
34894
34917
34935
34944
34947
34962
34998
35008
35019
35039
35048
35079
35134
35175
35220
35253
35254
35261
35287
35290
35298
35301
35350
35419
35452
35468
35597
35625
35649
35705
35725
35740
35753
35769
35785
35790
35796
35806
35827
35837
35861
35878
35890
35892
35895
35913
35949
35961
35981
36017
36080
36104
36106
36121
36138
36177
36182
36210
36359
36360
36421
36458
36468
36481
36561
36596
36668
36677
36737
36789
36822
36823
36844
36857
36894
36898
36919
36924
36933
36947
36950
36955
36963
36974
36979
36982
37008
37045
37122
37128
37152
37158
37163
37179
37217
37219
37227
37239
37320
37346
37357
37364
37389
37430
37442
37451
37587
37628
37633
37654
37667
37685
37711
37770
37797
37801
37820
37885
37902
37910
37913
37922
37924
37936
37951
37955
37998
38042
38063
38065
38093
38141
38151
38191
38208
38215
38216
38260
38268
38286
38314
38331
38339
38346
38353
38370
38387
38392
38408
38491
38530
38554
38563
38609
38678
38746
38771
38800
38853
38901
38926
38942
38957
38970
39030
39091
39136
39222
39237
39243
39269
39279
39317
39355
39358
39384
39404
39416
39491
39507
39523
39538
39550
39565
39572
39601
39733
39745
39747
39873
39895
39896
39941
39943
39961
39975
39986
-1
