15
59
61
66
89
95
186
224
228
232
233
243
246
337
349
362
382
386
406
455
483
584
600
622
628
644
690
713
754
808
820
831
856
882
912
915
944
955
1016
1032
1033
1055
1120
1128
1144
1166
1177
1222
1228
1252
1319
1347
1349
1353
1388
1394
1491
1503
1561
1572
1576
1708
1713
1751
1763
1815
1858
1893
1904
2000
2074
2077
2117
2130
2182
2191
2193
2204
2237
2255
2292
2297
2298
2303
2312
2323
2326
2327
2347
2352
2375
2378
2387
2404
2431
2446
2477
2480
2485
2487
2496
2565
2586
2600
2603
2690
2743
2798
2846
2864
2867
2896
2902
2920
2939
2951
2952
2978
3007
3029
3053
3054
3142
3146
3149
3227
3228
3257
3288
3307
3327
3364
3374
3384
3424
3432
3449
3504
3508
3547
3550
3572
3641
3670
3686
3723
3803
3844
3857
3859
3924
3958
3961
3967
4015
4034
4051
4052
4070
4078
4089
4113
4167
4171
4179
4235
4266
4391
4423
4425
4431
4442
4443
4503
4514
4525
4551
4622
4650
4681
4685
4707
4723
4733
4776
4809
4817
4835
4855
4858
4867
4906
4914
4944
4973
4976
5051
5055
5093
5098
5109
5141
5158
5170
5200
5243
5249
5314
5325
5341
5350
5463
5503
5504
5520
5547
5631
5668
5669
5694
5720
5746
5917
5922
5945
5948
5949
5950
5966
5997
6061
6105
6144
6187
6224
6243
6274
6280
6285
6359
6387
6413
6424
6469
6513
6521
6527
6528
6573
6609
6651
6673
6775
6777
6779
6788
6800
6802
6817
6860
6925
6974
7057
7062
7071
7161
7216
7228
7248
7341
7361
7421
7459
7485
7586
7638
7688
7807
7843
7878
7889
7914
7934
7987
8005
8021
8045
8049
8066
8110
8124
8173
8186
8201
8220
8273
8276
8332
8336
8349
8429
8492
8512
8537
8600
8608
8613
8637
8638
8703
8737
8764
8818
8832
8851
8882
8888
8898
8914
9045
9093
9149
9170
9191
9248
9266
9292
9365
9387
9416
9426
9445
9467
9486
9487
9536
9538
9567
9617
9665
9677
9690
9704
9754
9765
9787
9789
9810
9812
9834
9886
9903
9939
9953
9960
9979
9981
9994
10012
10015
10049
10079
10085
10093
10103
10104
10112
10144
10203
10241
10246
10314
10353
10361
10373
10387
10400
10425
10439
10448
10471
10581
10590
10620
10632
10667
10688
10717
10724
10765
10799
10801
10816
10865
10885
10888
10897
10926
10991
11033
11091
11160
11174
11180
11208
11212
11256
11272
11278
11337
11383
11440
11464
11467
11481
11487
11492
11527
11531
11554
11566
11625
11636
11648
11649
11672
11680
11699
11703
11727
11756
11901
11903
11939
11957
12019
12077
12093
12105
12123
12142
12154
12156
12211
12277
12307
12326
12330
12369
12378
12380
12400
12506
12507
12543
12569
12595
12623
12627
12646
12719
12732
12751
12759
12775
12898
12903
12921
12980
12996
13055
13066
13072
13083
13127
13138
13178
13179
13186
13188
13189
13206
13213
13279
13280
13282
13288
13326
13381
13438
13468
13488
13513
13527
13546
13630
13632
13643
13662
13675
13679
13697
13734
13793
13833
13859
13948
13959
13970
13979
14063
14095
14118
14139
14185
14203
14211
14226
14245
14256
14292
14296
14323
14332
14339
14352
14397
14406
14437
14474
14496
14516
14532
14542
14546
14575
14586
14598
14620
14634
14649
14684
14703
14713
14745
14746
14762
14795
14807
14815
14817
14843
14929
14942
14943
14996
15053
15133
15170
15174
15184
15211
15215
15239
15264
15347
15350
15414
15497
15513
15557
15570
15638
15643
15687
15711
15714
15718
15725
15740
15769
15822
15847
15849
15851
15869
15909
15953
15977
16037
16045
16046
16051
16056
16083
16089
16096
16143
16180
16194
16201
16214
16215
16226
16242
16246
16281
16324
16378
16413
16420
16466
16496
16506
16513
16516
16564
16579
16609
16615
16683
16700
16761
16781
16808
16833
16834
16839
16840
16886
16945
16957
16966
16979
16988
16990
17026
17036
17060
17067
17088
17116
17155
17189
17215
17276
17288
17293
17328
17376
17377
17380
17440
17452
17474
17477
17508
17518
17520
17542
17587
17611
17621
17626
17711
17770
17782
17809
17827
17873
17898
17917
17973
17990
17995
18019
18047
18090
18110
18123
18186
18224
18368
18414
18468
18474
18522
18526
18538
18562
18667
18684
18685
18687
18714
18770
18800
18807
18888
18919
18952
19043
19097
19106
19119
19131
19141
19142
19152
19155
19157
19175
19205
19213
19214
19235
19319
19334
19389
19393
19403
19438
19466
19482
19495
19496
19520
19525
19592
19637
19641
19649
19691
19698
19718
19774
19781
19822
19826
19848
19849
19870
19878
19887
19900
19915
19968
20010
20019
20050
20061
20071
20078
20183
20212
20229
20233
20264
20275
20299
20328
20411
20453
20500
20503
20566
20609
20625
20636
20649
20663
20705
20709
20712
20718
20725
20740
20744
20747
20757
20758
20795
20799
20842
20891
20893
20934
20950
20956
20966
21004
21007
21057
21078
21094
21099
21115
21116
21158
21172
21211
21309
21314
21322
21350
21381
21496
21502
21505
21566
21568
21585
21623
21631
21637
21723
21783
21796
21824
21833
21864
21888
21896
21921
21980
22049
22052
22075
22118
22133
22157
22190
22270
22276
22279
22296
22320
22326
22356
22375
22434
22448
22535
22550
22554
22567
22584
22618
22636
22650
22668
22696
22744
22751
22786
22808
22816
22837
22843
22867
22885
22886
22926
22934
22967
22976
22978
22997
23031
23034
23042
23046
23047
23103
23168
23183
23214
23217
23244
23266
23268
23307
23327
23381
23435
23454
23459
23464
23523
23569
23588
23613
23615
23630
23741
23757
23758
23862
23905
23911
23931
23934
23965
24018
24025
24042
24079
24096
24132
24137
24195
24234
24238
24249
24286
24310
24312
24313
24318
24345
24385
24396
24407
24447
24448
24456
24461
24495
24522
24524
24546
24580
24613
24646
24667
24668
24698
24733
24740
24756
24774
24786
24805
24810
24823
24847
24852
24853
24858
24911
24963
25054
25063
25082
25107
25108
25109
25144
25145
25153
25165
25187
25191
25197
25208
25220
25230
25240
25270
25289
25297
25300
25313
25315
25360
25368
25435
25484
25490
25526
25548
25551
25564
25566
25610
25617
25635
25648
25694
25746
25755
25777
25819
25824
25830
25845
25882
25905
25931
25966
25974
26088
26138
26155
26170
26201
26202
26222
26310
26326
26337
26338
26348
26366
26385
26407
26410
26415
26443
26451
26478
26493
26534
26544
26561
26615
26639
26650
26660
26674
26686
26706
26719
26821
26836
26843
26870
26871
26873
26879
26885
26894
26895
26952
26966
27007
27041
27078
27097
27117
27128
27158
27159
27212
27264
27293
27352
27374
27457
27475
27476
27492
27540
27564
27584
27625
27639
27656
27670
27755
27774
27816
27949
27991
28087
28105
28165
28223
28240
28243
28261
28301
28307
28334
28368
28400
28431
28460
28468
28493
28523
28558
28623
28678
28692
28734
28747
28808
28904
28905
28934
28996
29010
29028
29045
29046
29074
29096
29098
29134
29151
29285
29321
29356
29385
29445
29449
29458
29468
29486
29488
29527
29544
29580
29604
29612
29620
29647
29652
29669
29703
29768
29784
29797
29805
29809
29823
29834
29933
29937
29942
30021
30043
30136
30152
30161
30162
30203
30207
30279
30346
30354
30356
30404
30467
30494
30499
30558
30584
30604
30707
30727
30734
30756
30780
30795
30910
30922
30962
30964
31049
31054
31068
31108
31116
31147
31186
31222
31248
31327
31337
31360
31383
31411
31437
31450
31460
31468
31470
31476
31513
31526
31617
31619
31621
31626
31659
31674
31703
31743
31745
31797
31816
31834
31879
31885
31915
31917
31931
31943
31951
31993
32043
32124
32169
32182
32193
32218
32237
32279
32283
32322
32324
32328
32329
32348
32355
32357
32379
32384
32410
32411
32415
32425
32431
32435
32484
32490
32494
32500
32598
32650
32735
32751
32774
32779
32833
32850
32859
32900
32947
32963
32974
32997
33007
33018
33019
33059
33124
33135
33144
33188
33189
33225
33400
33403
33467
33485
33488
33491
33498
33538
33542
33574
33597
33603
33610
33624
33636
33659
33728
33752
33761
33770
33782
33787
33914
33962
33980
34047
34073
34078
34094
34129
34160
34201
34233
34272
34289
34304
34318
34323
34329
34373
34388
34426
34452
34474
34483
34486
34508
34533
34565
34647
34654
34668
34684
34685
34719
34725
34740
34758
34766
34788
34817
34826
34831
34834
34859
34907
34910
34939
35008
35009
35043
35076
35129
35160
35168
35206
35271
35292
35305
35409
35419
35424
35436
35451
35453
35455
35464
35487
35535
35557
35617
35650
35673
35727
35806
35807
35818
35842
35891
35917
35947
35949
35950
35953
35987
36002
36003
36023
36025
36077
36130
36135
36165
36173
36183
36196
36201
36225
36271
36294
36331
36417
36459
36484
36501
36555
36559
36604
36654
36671
36690
36710
36722
36772
36791
36856
36960
37005
37012
37072
37084
37190
37232
37284
37341
37385
37386
37399
37434
37467
37518
37542
37604
37653
37729
37753
37808
37811
37817
37819
37917
37929
37958
37975
38030
38103
38119
38122
38124
38128
38147
38219
38225
38233
38308
38309
38325
38331
38424
38428
38494
38518
38521
38545
38546
38589
38603
38608
38679
38719
38772
38778
38789
38810
38814
38815
38837
38850
38859
38861
38895
38911
38934
38951
38989
39084
39096
39128
39199
39201
39218
39240
39250
39270
39280
39290
39329
39336
39360
39375
39449
39458
39467
39473
39585
39587
39650
39717
39733
39752
39786
39787
39833
39902
39904
39995
-1
