5
6
31
33
59
65
104
130
146
147
180
228
235
241
299
306
325
333
448
461
483
513
569
590
651
670
796
816
836
901
920
935
948
980
984
994
996
1019
1027
1029
1035
1070
1134
1154
1188
1254
1261
1266
1276
1278
1281
1283
1302
1314
1354
1379
1429
1453
1470
1479
1505
1540
1554
1592
1595
1628
1629
1727
1749
1754
1756
1760
1783
1833
1839
1862
1870
1872
1924
1938
1983
2005
2036
2042
2060
2099
2136
2144
2160
2161
2198
2255
2290
2359
2372
2426
2435
2441
2446
2452
2498
2526
2527
2532
2538
2589
2644
2661
2679
2689
2690
2691
2710
2737
2752
2758
2801
2809
2817
2824
2861
2898
2949
2950
2951
2962
3022
3027
3035
3070
3116
3129
3141
3173
3273
3274
3277
3285
3330
3334
3362
3381
3464
3533
3561
3563
3594
3603
3645
3786
3803
3812
3816
3898
3912
3913
3955
4041
4063
4099
4141
4144
4245
4251
4257
4268
4272
4309
4350
4354
4389
4400
4492
4546
4566
4588
4611
4683
4698
4716
4717
4740
4750
4762
4771
4779
4781
4789
4790
4801
4810
4815
4839
4848
4850
4860
4893
4900
4908
4911
5012
5061
5118
5132
5175
5193
5216
5224
5229
5277
5286
5331
5344
5356
5386
5413
5431
5459
5490
5492
5548
5674
5680
5715
5739
5794
5795
5841
5893
5917
5969
5979
5997
6008
6049
6051
6126
6168
6183
6235
6254
6296
6297
6353
6354
6355
6382
6401
6461
6532
6541
6542
6565
6656
6665
6689
6721
6737
6746
6836
6874
6878
6950
6967
6986
7074
7083
7161
7168
7175
7184
7189
7213
7214
7244
7297
7311
7332
7433
7452
7461
7516
7580
7595
7609
7626
7671
7678
7685
7687
7689
7707
7713
7720
7725
7730
7738
7745
7792
7815
7842
7853
7900
7989
7995
8016
8026
8057
8085
8104
8189
8214
8227
8259
8266
8271
8273
8275
8298
8327
8370
8388
8408
8411
8427
8437
8441
8444
8496
8522
8539
8569
8585
8589
8594
8600
8633
8636
8649
8681
8712
8737
8776
8783
8784
8859
8865
8893
8933
8982
9018
9025
9074
9161
9192
9261
9313
9369
9375
9377
9398
9430
9475
9504
9536
9573
9619
9639
9682
9700
9705
9709
9729
9794
9822
9823
9842
9900
9955
10022
10068
10113
10120
10173
10224
10292
10333
10335
10348
10382
10412
10420
10422
10440
10446
10472
10531
10538
10545
10563
10590
10611
10640
10650
10713
10727
10728
10749
10766
10788
10943
10946
11013
11033
11049
11050
11056
11152
11160
11202
11222
11290
11331
11343
11356
11384
11472
11476
11479
11531
11542
11550
11568
11610
11622
11634
11684
11685
11720
11728
11805
11818
11905
11934
11963
11973
12004
12035
12112
12158
12160
12203
12238
12239
12258
12268
12290
12303
12347
12385
12462
12473
12477
12503
12512
12532
12568
12587
12614
12619
12670
12681
12696
12773
12789
12793
12807
12809
12851
12890
12898
12914
12990
13080
13105
13136
13140
13153
13203
13233
13237
13245
13291
13307
13348
13375
13385
13398
13419
13456
13471
13554
13586
13608
13623
13644
13646
13647
13672
13735
13738
13751
13775
13795
13843
13868
13933
13942
14022
14072
14136
14153
14193
14209
14237
14241
14259
14275
14280
14284
14319
14343
14371
14393
14419
14453
14459
14522
14532
14544
14553
14561
14661
14758
14782
14850
14860
14914
14923
14929
14947
14966
14968
14981
14982
15029
15087
15088
15112
15122
15142
15153
15168
15183
15206
15214
15250
15261
15268
15289
15301
15332
15337
15342
15365
15389
15394
15406
15418
15448
15473
15476
15487
15506
15514
15567
15576
15600
15603
15691
15766
15857
15915
15923
15962
15968
15990
16011
16051
16058
16064
16103
16213
16245
16266
16327
16337
16351
16405
16455
16475
16495
16496
16556
16573
16585
16613
16619
16641
16649
16684
16699
16720
16751
16802
16804
16807
16837
16859
16943
16963
16984
17021
17061
17071
17090
17170
17197
17204
17241
17269
17317
17332
17334
17421
17494
17509
17549
17561
17576
17606
17618
17631
17633
17635
17685
17715
17728
17773
17853
17899
18036
18088
18109
18158
18191
18297
18309
18342
18405
18416
18429
18458
18466
18480
18483
18504
18519
18634
18656
18671
18711
18764
18791
18831
18891
18984
19039
19058
19073
19108
19127
19142
19203
19229
19269
19296
19298
19299
19314
19316
19361
19400
19435
19449
19512
19519
19525
19541
19556
19595
19633
19651
19652
19681
19685
19686
19695
19696
19722
19772
19779
19785
19805
19810
19820
19835
19885
19927
20000
20012
20029
20048
20115
20130
20191
20224
20284
20360
20368
20393
20408
20440
20463
20500
20519
20523
20546
20562
20578
20606
20686
20700
20734
20736
20773
20785
20794
20833
20890
20905
20935
20958
21001
21004
21017
21056
21062
21093
21125
21135
21190
21212
21245
21295
21320
21331
21332
21363
21365
21407
21437
21447
21485
21518
21530
21539
21613
21623
21676
21748
21759
21774
21781
21832
21834
21835
21843
21905
21910
21947
21984
22044
22081
22134
22161
22176
22202
22203
22211
22213
22297
22325
22345
22354
22366
22369
22376
22426
22431
22444
22470
22498
22545
22559
22578
22581
22608
22624
22628
22652
22715
22753
22841
22853
22896
22905
23060
23069
23082
23106
23139
23234
23325
23329
23334
23356
23359
23403
23434
23454
23479
23489
23497
23539
23547
23549
23555
23557
23579
23591
23658
23680
23712
23715
23718
23722
23788
23834
23866
23899
23915
23918
23930
23946
23982
23986
24026
24063
24075
24120
24125
24134
24153
24189
24219
24256
24264
24283
24325
24331
24366
24382
24437
24464
24474
24487
24542
24553
24556
24570
24615
24625
24635
24670
24679
24686
24772
24783
24785
24788
24802
24811
24854
24864
24918
24925
25023
25026
25050
25076
25103
25135
25177
25360
25367
25465
25469
25473
25487
25489
25519
25562
25564
25592
25593
25599
25613
25719
25720
25788
25798
25818
25825
25828
25832
25839
25958
25982
26028
26038
26122
26162
26175
26197
26229
26242
26245
26284
26291
26297
26326
26331
26362
26429
26447
26456
26460
26482
26488
26528
26531
26588
26607
26620
26634
26635
26640
26677
26715
26737
26762
26797
26802
26807
26855
26862
26865
26911
26940
26964
26990
27000
27008
27011
27063
27099
27108
27146
27163
27292
27322
27359
27418
27423
27464
27513
27537
27609
27635
27750
27764
27783
27838
27847
27866
27872
27914
27940
27955
27959
27974
27990
27999
28001
28115
28136
28169
28207
28225
28244
28367
28419
28492
28501
28503
28508
28532
28538
28539
28609
28658
28663
28677
28699
28703
28714
28738
28746
28767
28770
28772
28787
28820
28839
28872
28873
28888
28898
28936
28948
28981
29004
29008
29009
29043
29047
29058
29087
29124
29247
29263
29288
29308
29317
29328
29331
29384
29430
29449
29457
29459
29498
29512
29521
29578
29582
29610
29636
29661
29689
29701
29718
29725
29728
29751
29756
29773
29801
29806
29820
29828
29832
29840
29857
29862
29867
29925
29938
29955
29970
29997
30041
30090
30141
30157
30194
30220
30240
30324
30331
30364
30367
30418
30469
30478
30552
30569
30646
30647
30658
30690
30751
30784
30812
30826
30868
30875
30879
30899
30930
30956
30957
30960
30966
30982
30990
31026
31030
31056
31085
31114
31146
31150
31152
31200
31206
31230
31234
31250
31295
31301
31336
31347
31392
31407
31439
31536
31555
31610
31612
31637
31676
31680
31723
31744
31757
31791
31793
31816
31844
31899
31904
31942
31967
31972
32029
32143
32162
32241
32244
32253
32267
32268
32313
32335
32346
32353
32358
32365
32373
32390
32436
32477
32479
32484
32497
32498
32507
32510
32639
32657
32701
32732
32772
32775
32853
32857
32884
32888
32940
33059
33097
33112
33157
33163
33168
33198
33243
33252
33295
33305
33351
33445
33506
33514
33520
33524
33540
33583
33703
33722
33748
33775
33815
33868
33869
33870
33898
33924
33925
33950
34009
34071
34073
34143
34153
34231
34233
34256
34267
34268
34281
34330
34353
34380
34383
34401
34433
34437
34450
34460
34486
34525
34529
34533
34546
34549
34554
34582
34601
34602
34625
34673
34679
34727
34792
34794
34797
34803
34822
34841
34843
34903
34965
34970
34984
35014
35047
35103
35162
35183
35258
35282
35345
35351
35357
35368
35392
35396
35402
35464
35482
35537
35539
35590
35598
35618
35650
35714
35724
35777
35783
35786
35810
35850
35877
35878
35889
35921
35952
35997
36066
36067
36077
36101
36105
36114
36129
36166
36244
36254
36283
36298
36333
36334
36351
36354
36374
36377
36399
36407
36438
36458
36459
36484
36503
36508
36525
36555
36599
36610
36676
36688
36770
36789
36827
36829
36855
36861
36886
36896
36897
36920
36928
36934
36990
37002
37005
37011
37015
37036
37086
37125
37156
37159
37254
37265
37292
37296
37300
37304
37312
37331
37343
37369
37413
37421
37460
37482
37548
37567
37591
37609
37620
37640
37670
37679
37720
37722
37736
37740
37827
37871
37903
37912
37935
37942
37973
37977
37988
38036
38056
38065
38070
38090
38095
38216
38235
38265
38311
38318
38324
38339
38414
38426
38429
38447
38494
38528
38547
38586
38697
38737
38740
38777
38782
38793
38869
38875
38879
38882
38891
38898
38938
38939
38942
38977
38984
38993
39007
39023
39041
39052
39077
39086
39100
39116
39123
39125
39218
39226
39234
39249
39261
39265
39301
39380
39390
39391
39398
39465
39477
39484
39530
39616
39640
39644
39649
39662
39663
39683
39688
39697
39711
39790
39823
39845
39869
39960
-1
