25
68
89
122
125
131
188
194
203
223
256
287
306
368
399
400
406
407
435
454
457
487
511
536
551
630
633
662
779
787
836
842
847
856
865
873
902
905
915
917
949
954
995
1027
1068
1082
1106
1117
1125
1136
1181
1214
1235
1285
1319
1329
1388
1415
1418
1445
1501
1508
1510
1514
1521
1729
1746
1755
1759
1767
1790
1807
1816
1826
1891
1961
1978
1993
2012
2052
2053
2062
2065
2082
2085
2094
2154
2160
2182
2204
2218
2243
2246
2251
2281
2292
2303
2354
2367
2380
2386
2387
2412
2415
2416
2447
2506
2518
2533
2544
2564
2620
2623
2674
2681
2720
2778
2786
2848
2851
2858
2866
2887
2888
2936
2944
2952
2959
2968
2973
2999
3041
3112
3153
3171
3204
3211
3217
3222
3236
3253
3277
3288
3295
3332
3357
3359
3418
3425
3452
3486
3515
3526
3591
3671
3713
3756
3806
3848
3915
3916
3961
3964
3979
4024
4038
4042
4102
4135
4153
4173
4187
4248
4267
4270
4311
4345
4348
4357
4404
4432
4474
4516
4534
4599
4602
4605
4609
4660
4662
4676
4744
4845
4915
4952
4954
4977
4985
4988
4993
5002
5008
5037
5047
5143
5178
5182
5190
5261
5286
5391
5423
5450
5475
5498
5590
5706
5733
5752
5790
5812
5863
5864
5933
5946
5948
5966
5979
6013
6033
6104
6133
6147
6182
6190
6242
6264
6302
6381
6390
6424
6437
6464
6481
6483
6506
6532
6585
6595
6630
6694
6714
6733
6752
6756
6763
6829
6858
6868
6879
6893
6917
6920
6921
6931
6941
6944
6960
6992
7064
7113
7221
7234
7258
7274
7332
7357
7475
7496
7508
7551
7596
7642
7690
7696
7701
7702
7710
7741
7786
7840
7861
7888
7965
7974
8054
8164
8181
8186
8441
8447
8455
8512
8550
8573
8581
8591
8673
8697
8712
8729
8782
8783
8801
8812
8828
8838
8862
8911
8940
8948
8961
8968
8982
8993
9103
9128
9186
9212
9282
9313
9330
9339
9359
9369
9370
9384
9395
9416
9476
9511
9553
9640
9657
9679
9707
9718
9729
9742
9743
9754
9776
9778
9806
9829
9851
9879
9883
9898
9903
9908
9911
9923
9926
9958
9961
10025
10085
10088
10097
10098
10118
10169
10171
10175
10210
10247
10275
10285
10288
10294
10301
10315
10361
10362
10375
10408
10417
10488
10503
10512
10530
10577
10641
10651
10653
10655
10660
10669
10762
10777
10821
10843
10849
10895
10904
10965
10980
10993
11065
11075
11118
11194
11195
11221
11238
11247
11259
11269
11272
11279
11436
11452
11474
11485
11489
11504
11505
11517
11528
11536
11539
11543
11562
11599
11606
11629
11652
11670
11699
11708
11735
11797
11821
11844
11846
11861
11870
11917
11919
11943
12049
12107
12130
12146
12210
12218
12230
12233
12235
12245
12261
12291
12305
12417
12435
12461
12465
12503
12507
12579
12633
12644
12717
12725
12733
12775
12802
12838
12842
12857
12858
12878
12911
12923
12935
12946
12970
12980
13062
13072
13105
13120
13140
13167
13190
13211
13216
13242
13244
13263
13282
13296
13381
13390
13439
13440
13523
13544
13572
13606
13672
13705
13727
13747
13756
13779
13836
13851
13857
13881
13902
13940
13952
13971
14007
14076
14170
14183
14195
14196
14241
14250
14277
14319
14331
14347
14390
14397
14429
14431
14478
14556
14594
14596
14612
14621
14629
14630
14642
14650
14719
14741
14813
14825
14834
14837
14890
14966
15045
15071
15076
15084
15128
15185
15265
15278
15288
15297
15300
15328
15360
15413
15418
15462
15500
15535
15536
15557
15583
15588
15656
15657
15718
15748
15753
15784
15787
15809
15837
15885
15911
15938
15968
15970
16027
16057
16071
16078
16125
16164
16185
16244
16300
16302
16313
16438
16447
16470
16474
16485
16494
16495
16513
16532
16584
16592
16593
16608
16658
16669
16702
16710
16713
16722
16733
16737
16744
16745
16759
16774
16891
16913
16967
16968
17002
17019
17045
17070
17089
17114
17129
17172
17177
17204
17241
17251
17263
17272
17290
17335
17345
17359
17360
17374
17399
17432
17446
17476
17508
17512
17533
17578
17608
17640
17656
17672
17682
17684
17721
17750
17754
17761
17777
17785
17838
17844
17863
17864
17895
17899
17910
17932
17939
17940
17943
17950
18010
18075
18086
18110
18123
18141
18166
18217
18233
18258
18263
18311
18336
18397
18403
18423
18446
18449
18453
18465
18510
18526
18534
18535
18554
18590
18603
18640
18653
18681
18763
18806
18809
18819
18829
18831
18841
18842
18893
18929
18976
19000
19008
19054
19066
19136
19147
19159
19185
19197
19225
19243
19306
19320
19341
19387
19459
19504
19517
19526
19560
19618
19646
19650
19658
19722
19723
19742
19770
19849
19852
19866
19867
19882
19900
19984
20050
20066
20077
20126
20150
20163
20194
20212
20213
20234
20274
20286
20290
20295
20303
20329
20447
20463
20464
20473
20475
20479
20535
20563
20589
20596
20646
20652
20702
20704
20728
20741
20747
20762
20875
20905
20944
20968
20982
21002
21017
21018
21036
21045
21105
21117
21154
21157
21198
21219
21232
21269
21306
21316
21328
21336
21350
21359
21386
21401
21412
21418
21423
21630
21632
21692
21699
21706
21726
21738
21744
21787
21790
21838
21841
21848
21899
21961
22022
22026
22027
22032
22056
22145
22157
22193
22213
22244
22250
22255
22259
22276
22289
22294
22307
22315
22373
22401
22404
22425
22453
22481
22487
22509
22571
22581
22585
22683
22721
22723
22744
22758
22760
22772
22802
22822
22878
22881
22889
22918
22929
22960
23037
23068
23097
23118
23122
23126
23181
23208
23224
23306
23315
23317
23329
23348
23397
23402
23450
23473
23480
23492
23509
23555
23632
23647
23661
23668
23679
23702
23752
23769
23774
23777
23785
23799
23838
23845
23847
23859
23864
23899
23921
23925
23927
23932
23961
23962
23990
23993
24000
24019
24033
24041
24051
24279
24307
24354
24360
24425
24431
24456
24492
24560
24573
24582
24585
24623
24633
24660
24666
24744
24747
24750
24751
24844
25011
25035
25040
25046
25065
25084
25158
25181
25218
25219
25231
25256
25263
25394
25408
25457
25468
25549
25554
25558
25603
25627
25644
25702
25735
25751
25779
25796
25822
25826
25926
26027
26050
26088
26106
26128
26191
26205
26218
26221
26325
26364
26396
26446
26472
26490
26618
26628
26631
26635
26647
26648
26693
26696
26768
26776
26796
26808
26809
26825
26839
26848
26880
26898
26954
26989
26992
27090
27133
27167
27189
27195
27208
27248
27260
27263
27266
27278
27300
27311
27314
27322
27340
27341
27386
27404
27488
27502
27514
27515
27590
27602
27614
27621
27637
27741
27757
27766
27818
27827
27853
27864
27876
27922
27928
27932
27936
27951
28089
28099
28104
28131
28209
28238
28288
28304
28311
28322
28344
28377
28397
28461
28462
28463
28468
28489
28498
28511
28517
28547
28703
28731
28828
28857
28910
28949
28976
28985
29010
29019
29140
29179
29214
29216
29226
29233
29235
29267
29273
29290
29299
29331
29335
29340
29355
29403
29418
29432
29488
29530
29593
29598
29603
29637
29695
29725
29733
29735
29759
29766
29823
29838
29935
29965
29975
29996
30080
30082
30090
30095
30116
30137
30139
30164
30167
30188
30252
30267
30304
30306
30335
30443
30476
30482
30487
30500
30535
30556
30569
30593
30680
30718
30798
30813
30867
30890
30915
30929
30939
30947
30974
31036
31090
31111
31120
31163
31167
31193
31215
31333
31334
31344
31367
31374
31404
31415
31447
31455
31494
31495
31496
31505
31533
31536
31540
31571
31666
31669
31710
31737
31738
31742
31800
31810
31832
31861
31868
31878
31927
31967
31971
32044
32051
32052
32106
32119
32125
32146
32219
32316
32330
32363
32421
32450
32472
32480
32484
32533
32631
32643
32739
32741
32780
32785
32802
32814
32815
32825
32827
32874
32897
32963
32988
33000
33004
33009
33023
33055
33101
33107
33119
33210
33216
33270
33283
33320
33329
33359
33448
33462
33468
33480
33544
33588
33603
33605
33619
33641
33642
33711
33727
33792
33806
33848
33914
33961
33971
34028
34029
34032
34117
34148
34149
34216
34248
34269
34271
34272
34294
34335
34385
34407
34462
34540
34604
34638
34661
34691
34701
34739
34753
34757
34775
34777
34780
34797
34872
34884
34901
34920
34949
34954
34955
34993
35002
35085
35120
35121
35129
35184
35229
35230
35323
35341
35407
35427
35521
35555
35588
35605
35622
35634
35640
35677
35703
35713
35715
35728
35773
35817
35827
35830
35881
35899
35907
35909
35934
35939
35945
36048
36056
36086
36114
36122
36169
36173
36184
36203
36240
36253
36276
36290
36352
36371
36372
36382
36383
36417
36465
36521
36526
36538
36548
36611
36647
36651
36684
36707
36713
36720
36730
36791
36812
36855
36875
36881
36895
36916
36971
37011
37018
37026
37043
37050
37127
37147
37161
37269
37272
37273
37274
37277
37354
37381
37387
37445
37468
37526
37531
37578
37611
37638
37642
37662
37678
37690
37764
37766
37774
37795
37841
37848
37865
37875
37901
37905
37920
37942
37961
37975
37984
38005
38070
38128
38168
38189
38193
38239
38286
38306
38342
38429
38445
38453
38462
38468
38510
38538
38552
38566
38609
38617
38635
38645
38669
38686
38701
38725
38777
38880
38938
38963
39018
39053
39054
39075
39095
39096
39123
39135
39147
39148
39163
39191
39269
39280
39312
39354
39381
39394
39443
39456
39466
39475
39545
39547
39617
39652
39653
39657
39663
39686
39711
39765
39792
39816
39826
39848
39861
39937
39990
-1
