18
54
56
76
103
135
164
188
200
210
236
279
298
344
349
425
434
456
461
508
580
658
674
728
748
767
786
808
811
823
857
860
866
913
916
948
999
1004
1037
1043
1103
1115
1138
1190
1237
1302
1312
1319
1341
1362
1434
1471
1497
1508
1515
1561
1620
1644
1678
1723
1747
1777
1786
1827
1828
1848
1896
1922
1933
1936
1944
1953
2007
2046
2091
2123
2165
2178
2189
2209
2224
2229
2247
2263
2288
2302
2307
2312
2367
2385
2388
2418
2490
2515
2533
2538
2548
2638
2642
2670
2676
2699
2736
2786
2787
2803
2855
2899
2919
2960
2967
2979
3026
3030
3130
3142
3244
3262
3270
3315
3333
3344
3353
3371
3392
3427
3454
3471
3490
3494
3503
3556
3561
3591
3648
3658
3659
3673
3677
3748
3812
3818
3864
3883
3900
3915
3974
3979
3992
3997
4005
4015
4016
4211
4328
4338
4345
4363
4373
4375
4422
4429
4450
4454
4494
4582
4621
4629
4662
4682
4729
4754
4784
4790
4873
4921
4937
4938
4940
4984
5009
5028
5129
5132
5193
5292
5294
5299
5310
5318
5320
5337
5384
5396
5410
5415
5436
5467
5508
5518
5520
5536
5566
5582
5714
5772
5785
5802
5854
5911
5918
5935
5937
5946
5975
6083
6091
6123
6162
6173
6174
6197
6218
6253
6269
6306
6333
6351
6377
6421
6442
6456
6473
6476
6481
6536
6544
6561
6570
6583
6621
6635
6642
6650
6689
6701
6744
6786
6837
6859
6885
6887
6951
7054
7070
7076
7128
7140
7142
7161
7173
7188
7211
7212
7227
7273
7294
7298
7310
7329
7404
7415
7426
7431
7446
7453
7456
7457
7468
7469
7471
7499
7521
7554
7570
7617
7635
7642
7714
7720
7736
7745
7760
7808
7813
7834
7844
7869
7881
7933
7949
7992
8002
8050
8102
8105
8111
8137
8140
8164
8167
8184
8205
8237
8248
8261
8278
8290
8310
8328
8334
8352
8390
8462
8468
8478
8494
8517
8520
8571
8578
8597
8633
8662
8665
8673
8681
8738
8740
8757
8774
8810
8812
8835
8841
8860
8866
8882
8957
8972
9017
9025
9045
9084
9121
9139
9158
9171
9231
9265
9266
9333
9394
9404
9422
9457
9460
9484
9486
9493
9512
9574
9590
9604
9644
9675
9689
9697
9739
9762
9784
9795
9796
9799
9806
9813
9917
9979
9982
10004
10034
10173
10235
10272
10325
10359
10458
10508
10530
10532
10534
10559
10573
10581
10617
10645
10732
10737
10766
10784
10822
10841
10896
10929
10934
10935
10988
11004
11009
11025
11048
11058
11116
11243
11291
11388
11403
11404
11427
11436
11446
11545
11603
11633
11636
11660
11677
11721
11724
11735
11736
11762
11767
11808
11810
11877
11901
11908
11938
11957
11977
11989
11995
12045
12067
12107
12139
12167
12177
12196
12204
12206
12255
12291
12382
12385
12396
12397
12403
12423
12435
12469
12472
12483
12510
12557
12586
12592
12601
12608
12619
12647
12666
12710
12746
12766
12832
12833
12854
12864
12890
12910
12934
12988
12991
13002
13056
13068
13086
13089
13096
13148
13153
13191
13214
13223
13282
13296
13317
13319
13334
13352
13373
13386
13402
13418
13449
13452
13476
13498
13527
13531
13537
13554
13637
13707
13751
13808
13840
13883
13920
13932
13941
13968
14057
14096
14101
14104
14112
14125
14174
14177
14184
14214
14217
14225
14257
14258
14285
14299
14374
14376
14393
14411
14421
14430
14470
14497
14520
14546
14568
14672
14682
14692
14704
14799
14823
14850
14863
14895
14941
14958
14965
14971
14982
15003
15014
15023
15128
15134
15200
15231
15242
15252
15280
15284
15285
15388
15399
15405
15434
15449
15474
15499
15510
15553
15568
15584
15589
15594
15746
15852
15870
15956
15965
15975
16009
16016
16019
16065
16130
16133
16138
16173
16192
16217
16224
16260
16269
16306
16383
16409
16449
16520
16521
16610
16628
16643
16696
16738
16778
16782
16914
16952
17012
17037
17100
17122
17208
17227
17248
17295
17301
17306
17384
17403
17407
17470
17478
17481
17539
17644
17696
17715
17724
17728
17750
17769
17797
17812
17813
17831
17877
17927
17931
18044
18049
18069
18155
18187
18214
18266
18271
18272
18281
18299
18304
18310
18349
18358
18378
18417
18434
18446
18450
18454
18470
18480
18490
18503
18525
18588
18614
18646
18664
18783
18794
18795
18826
18834
18838
18844
18923
18948
19009
19018
19036
19046
19064
19087
19146
19149
19164
19182
19192
19217
19220
19229
19239
19273
19346
19355
19394
19442
19460
19465
19475
19481
19543
19591
19620
19648
19655
19657
19677
19732
19749
19753
19766
19780
19784
19790
19835
19926
19955
19966
19979
19980
20027
20092
20096
20124
20182
20252
20281
20284
20286
20312
20315
20334
20407
20436
20441
20465
20474
20577
20578
20641
20662
20684
20748
20752
20758
20827
20850
20859
20869
20871
20898
20901
20924
20926
20997
20998
21009
21036
21044
21045
21118
21126
21130
21175
21219
21228
21389
21430
21462
21520
21539
21598
21601
21611
21699
21733
21755
21780
21800
21812
21820
21833
21866
21867
21870
21887
21893
21908
21935
21959
21979
21989
21992
22000
22066
22072
22073
22093
22110
22119
22168
22212
22219
22252
22265
22309
22320
22344
22349
22365
22376
22382
22406
22412
22444
22449
22506
22526
22553
22580
22592
22609
22666
22670
22772
22786
22789
22817
22845
22856
22937
23011
23035
23038
23069
23080
23085
23107
23111
23117
23196
23217
23222
23248
23253
23266
23291
23294
23298
23335
23341
23344
23431
23453
23480
23494
23532
23557
23601
23652
23665
23671
23702
23719
23733
23787
23840
23853
23872
23905
23918
23937
23944
23980
23997
24024
24039
24092
24121
24122
24126
24138
24142
24160
24162
24199
24228
24232
24249
24262
24307
24317
24362
24371
24391
24392
24405
24415
24439
24457
24491
24498
24530
24535
24569
24580
24584
24601
24618
24660
24709
24799
24809
24822
24897
24948
24951
24964
25041
25086
25098
25121
25148
25174
25338
25348
25361
25366
25386
25446
25457
25475
25498
25514
25566
25574
25593
25596
25627
25637
25645
25661
25667
25668
25685
25721
25749
25777
25819
25827
25882
25883
25902
25909
25919
25926
26116
26150
26156
26177
26187
26263
26294
26425
26437
26464
26478
26518
26530
26537
26549
26569
26597
26605
26635
26702
26741
26749
26763
26807
26881
26950
26956
26960
27065
27106
27149
27165
27182
27232
27234
27237
27246
27269
27271
27288
27302
27396
27420
27441
27510
27518
27572
27589
27663
27703
27710
27811
27883
27984
27993
28001
28042
28070
28073
28075
28082
28119
28170
28190
28200
28228
28276
28327
28336
28364
28403
28425
28447
28456
28523
28579
28586
28591
28593
28617
28624
28627
28669
28725
28762
28795
28801
28829
28836
28856
28857
28916
28945
28967
28973
29008
29019
29032
29040
29068
29073
29088
29090
29123
29152
29158
29160
29192
29195
29225
29226
29287
29303
29358
29373
29402
29436
29452
29467
29519
29537
29560
29573
29584
29592
29595
29602
29635
29636
29663
29671
29689
29699
29702
29741
29760
29761
29810
29833
29846
29873
29950
29952
29963
29995
30026
30054
30062
30128
30129
30164
30172
30181
30195
30234
30274
30354
30359
30435
30486
30491
30507
30508
30555
30574
30609
30716
30717
30723
30901
30926
30963
30974
30979
31014
31070
31075
31080
31107
31157
31182
31221
31223
31304
31353
31359
31361
31402
31422
31453
31534
31545
31552
31560
31580
31590
31625
31649
31665
31694
31729
31753
31756
31806
31812
31849
31875
31912
31922
31938
31947
31958
31971
32030
32044
32047
32082
32097
32228
32233
32320
32336
32374
32402
32425
32432
32468
32489
32528
32560
32569
32585
32604
32606
32611
32693
32704
32719
32737
32800
32873
32880
32891
32897
32914
32915
32917
32918
32949
32954
32993
33015
33028
33077
33084
33104
33167
33177
33183
33209
33229
33245
33252
33267
33282
33306
33342
33384
33458
33487
33489
33517
33578
33633
33636
33646
33668
33702
33711
33863
33885
33909
33926
33959
33970
33997
34000
34022
34033
34038
34122
34138
34151
34180
34214
34279
34287
34325
34330
34404
34440
34493
34495
34529
34546
34562
34638
34639
34645
34777
34793
34796
34806
34855
34919
34955
34989
35003
35063
35076
35087
35105
35110
35143
35206
35212
35247
35252
35270
35313
35353
35390
35412
35414
35450
35553
35584
35628
35644
35676
35679
35701
35716
35729
35796
35815
35853
35854
35907
35908
35955
35986
35992
35998
36012
36016
36045
36046
36050
36056
36068
36092
36142
36144
36166
36170
36177
36191
36261
36284
36287
36297
36344
36362
36376
36386
36418
36459
36473
36484
36490
36527
36539
36544
36561
36587
36626
36659
36680
36690
36699
36735
36761
36762
36817
36820
36846
36886
36915
36925
37002
37012
37020
37051
37075
37076
37090
37100
37117
37121
37151
37177
37199
37201
37205
37217
37244
37250
37279
37281
37313
37437
37457
37462
37471
37536
37605
37640
37646
37654
37656
37724
37725
37776
37784
37843
37851
37860
37886
37892
37893
37901
37903
37943
37992
38046
38055
38071
38084
38095
38097
38098
38154
38187
38251
38290
38312
38315
38318
38323
38338
38388
38389
38417
38450
38456
38495
38527
38531
38557
38575
38608
38627
38643
38698
38828
38842
38856
38875
38917
38933
38937
38947
38976
38979
38995
39161
39297
39338
39448
39463
39479
39487
39511
39566
39610
39621
39639
39642
39655
39656
39661
39692
39701
39706
39723
39737
39805
39822
39860
39871
39923
39937
39954
39972
39998
-1
