12
68
69
72
82
98
130
140
174
184
218
267
272
273
280
291
328
363
372
431
461
465
481
507
529
546
554
560
632
657
658
661
685
743
745
752
759
768
777
810
820
826
871
884
887
893
904
911
917
926
929
940
959
967
993
997
1009
1034
1039
1051
1070
1094
1158
1168
1183
1193
1254
1274
1294
1310
1394
1410
1412
1419
1456
1469
1504
1514
1543
1557
1581
1590
1632
1635
1650
1705
1742
1745
1817
1829
1876
1941
1950
2029
2030
2035
2042
2121
2152
2164
2184
2222
2223
2231
2249
2284
2302
2306
2309
2343
2353
2367
2404
2422
2431
2439
2524
2565
2582
2585
2629
2636
2637
2686
2704
2742
2763
2766
2769
2783
2817
2819
2847
2881
2937
2992
3040
3059
3079
3109
3111
3192
3202
3261
3278
3286
3374
3423
3451
3460
3475
3500
3502
3564
3589
3630
3650
3654
3667
3717
3781
3794
3802
3820
3831
3889
3901
3917
3941
3942
3953
3971
3988
3998
4077
4095
4122
4148
4175
4196
4304
4314
4330
4364
4367
4375
4469
4487
4602
4634
4635
4693
4694
4760
4761
4848
4853
4937
4949
4961
4981
5029
5050
5061
5092
5097
5176
5181
5190
5217
5247
5261
5288
5376
5403
5413
5443
5452
5457
5507
5513
5521
5529
5530
5572
5590
5635
5665
5669
5777
5820
5839
5861
5886
5916
5973
5999
6033
6087
6110
6124
6208
6223
6253
6303
6307
6355
6357
6385
6423
6469
6503
6517
6545
6591
6616
6661
6698
6741
6790
6794
6884
6890
6892
6926
6936
6954
6983
7019
7020
7021
7036
7046
7053
7056
7060
7065
7085
7088
7148
7155
7163
7204
7230
7232
7234
7276
7407
7418
7451
7464
7466
7482
7525
7533
7553
7557
7766
7787
7802
7809
7813
7879
7929
7954
8059
8064
8084
8122
8130
8138
8140
8146
8150
8168
8200
8253
8255
8351
8452
8484
8494
8501
8509
8513
8550
8632
8646
8667
8671
8711
8734
8773
8787
8830
8860
8884
8902
8986
8991
8992
8993
9066
9110
9111
9136
9175
9181
9211
9222
9264
9283
9314
9364
9371
9376
9441
9481
9491
9503
9556
9584
9588
9630
9688
9691
9699
9709
9717
9728
9733
9769
9809
9830
9838
9845
9876
9901
9939
9946
9966
9997
10018
10026
10038
10039
10050
10060
10067
10115
10143
10181
10187
10192
10290
10306
10340
10346
10347
10360
10383
10390
10410
10412
10431
10438
10446
10477
10492
10503
10518
10542
10551
10595
10602
10610
10615
10619
10665
10679
10682
10722
10729
10774
10814
10836
10883
10894
10911
10916
10927
10939
11004
11031
11043
11060
11072
11089
11102
11117
11143
11218
11229
11297
11307
11442
11452
11461
11467
11525
11582
11588
11662
11706
11707
11711
11733
11760
11776
11810
11867
11918
11933
11946
11959
11967
11971
12064
12104
12105
12133
12151
12223
12283
12287
12315
12320
12323
12352
12405
12560
12588
12641
12653
12656
12704
12711
12720
12725
12734
12746
12870
12901
12917
12937
12953
13000
13038
13061
13126
13149
13189
13190
13205
13230
13232
13254
13280
13282
13294
13370
13387
13409
13428
13519
13547
13589
13595
13621
13645
13650
13679
13695
13738
13752
13788
13816
13931
13973
14004
14021
14022
14025
14032
14045
14100
14143
14181
14195
14220
14221
14277
14282
14317
14345
14378
14399
14404
14443
14481
14509
14512
14524
14550
14572
14665
14668
14683
14705
14723
14733
14850
14858
14953
14955
14960
14961
14976
14979
14987
15010
15016
15022
15043
15100
15151
15174
15178
15201
15208
15211
15230
15249
15298
15341
15360
15368
15374
15434
15471
15490
15513
15522
15541
15624
15647
15678
15688
15692
15701
15739
15750
15752
15807
15867
15905
15918
15948
15992
16025
16041
16093
16094
16114
16173
16191
16216
16234
16239
16253
16272
16318
16345
16405
16413
16414
16429
16431
16508
16515
16533
16548
16594
16612
16664
16706
16735
16799
16872
16893
16895
16899
16998
17004
17015
17026
17071
17081
17150
17156
17171
17204
17216
17370
17402
17409
17411
17428
17464
17465
17476
17504
17507
17511
17522
17554
17679
17787
17788
17812
17852
17889
17923
17930
17981
18012
18031
18045
18053
18061
18071
18073
18147
18177
18184
18251
18263
18308
18391
18472
18491
18502
18512
18522
18534
18549
18550
18592
18594
18620
18634
18675
18699
18704
18718
18752
18760
18846
18911
18917
18918
18952
18954
18957
18958
18961
18978
18991
19026
19028
19039
19105
19187
19190
19200
19219
19234
19239
19241
19245
19270
19295
19313
19314
19368
19392
19411
19416
19417
19492
19523
19572
19584
19604
19624
19717
19754
19782
19806
19822
19859
19912
19934
19943
19975
20011
20026
20029
20055
20067
20077
20128
20139
20188
20219
20273
20310
20321
20362
20371
20431
20450
20461
20489
20493
20500
20523
20558
20648
20651
20699
20734
20741
20743
20781
20786
20808
20840
20873
20921
20945
20958
20974
20976
21006
21016
21026
21099
21106
21184
21189
21196
21221
21226
21241
21254
21265
21275
21304
21346
21353
21366
21369
21372
21400
21405
21430
21470
21487
21516
21525
21529
21554
21558
21600
21655
21663
21664
21681
21692
21790
21875
21906
21935
21948
21959
21965
22001
22002
22058
22068
22091
22124
22144
22162
22208
22276
22310
22322
22336
22342
22379
22382
22530
22547
22585
22620
22624
22628
22693
22695
22725
22741
22790
22805
22825
22828
22868
22895
22897
22898
22917
22918
22924
22956
22987
23006
23029
23039
23057
23064
23127
23133
23146
23162
23188
23201
23227
23247
23265
23282
23319
23338
23362
23368
23500
23501
23516
23564
23585
23592
23629
23630
23669
23692
23830
23848
23867
23877
23975
23982
24023
24027
24029
24037
24064
24073
24108
24155
24186
24223
24245
24257
24271
24276
24343
24347
24401
24407
24417
24439
24444
24472
24492
24568
24576
24577
24584
24607
24646
24662
24679
24683
24717
24776
24795
24805
24823
24838
24869
24871
24880
24890
24975
24982
24990
25003
25009
25020
25027
25074
25088
25109
25196
25201
25258
25275
25336
25367
25376
25403
25427
25432
25538
25554
25575
25647
25673
25698
25699
25727
25729
25776
25810
25832
25835
25852
25857
25875
25880
25884
25955
25968
26019
26020
26033
26057
26094
26101
26126
26152
26158
26181
26222
26261
26279
26303
26314
26324
26327
26334
26367
26382
26383
26447
26457
26475
26513
26532
26554
26567
26583
26604
26617
26742
26772
26784
26802
26845
26891
26905
26922
26939
26951
26962
26973
26991
26998
27007
27021
27025
27063
27065
27117
27134
27161
27202
27204
27215
27366
27394
27419
27434
27453
27454
27459
27508
27537
27549
27585
27589
27607
27672
27699
27723
27738
27781
27802
27837
27848
27856
27892
27898
27906
27948
27979
27990
27992
28006
28008
28013
28031
28035
28067
28095
28104
28115
28144
28168
28190
28228
28233
28285
28314
28335
28364
28381
28408
28416
28417
28436
28461
28519
28545
28614
28641
28700
28718
28730
28754
28773
28812
28853
28860
28885
28911
28929
28979
29054
29055
29064
29125
29128
29134
29157
29167
29201
29215
29292
29332
29344
29353
29425
29462
29496
29519
29599
29643
29652
29653
29738
29744
29776
29891
29943
29980
30034
30038
30041
30074
30160
30198
30228
30240
30243
30246
30285
30305
30311
30317
30378
30403
30492
30494
30544
30624
30631
30646
30673
30787
30807
30875
30886
30926
30959
30996
31015
31072
31074
31090
31109
31124
31229
31305
31415
31456
31494
31513
31542
31548
31558
31597
31612
31642
31648
31678
31696
31697
31708
31709
31719
31749
31753
31765
31835
31872
31917
31951
31956
31962
31981
32000
32015
32018
32062
32083
32088
32091
32103
32138
32175
32208
32216
32246
32247
32288
32291
32298
32359
32377
32438
32507
32510
32512
32516
32530
32560
32587
32656
32691
32700
32712
32714
32751
32754
32758
32800
32824
32833
32841
32874
32906
32921
32950
32997
33032
33033
33045
33074
33107
33113
33132
33137
33167
33181
33204
33206
33214
33227
33234
33276
33367
33425
33476
33496
33506
33547
33578
33591
33627
33630
33651
33653
33659
33663
33672
33731
33734
33753
33774
33777
33784
33824
33847
33852
33864
33872
33875
33918
33925
33930
33937
33959
34007
34022
34085
34127
34155
34186
34191
34244
34254
34268
34326
34382
34408
34468
34481
34560
34572
34604
34634
34662
34664
34675
34714
34764
34854
34870
34897
34950
34964
35008
35029
35052
35180
35198
35246
35326
35376
35432
35433
35509
35519
35522
35524
35546
35600
35635
35642
35656
35699
35714
35728
35743
35805
35837
35870
35904
36007
36016
36032
36038
36067
36071
36072
36087
36093
36096
36161
36173
36252
36261
36298
36326
36375
36390
36401
36450
36454
36472
36501
36506
36529
36542
36596
36660
36697
36702
36743
36824
36825
36855
36874
36899
36979
37004
37026
37087
37097
37104
37112
37119
37135
37148
37244
37286
37290
37338
37397
37528
37529
37555
37570
37607
37664
37688
37694
37729
37772
37836
37841
37846
37878
37906
37938
37984
38017
38042
38069
38071
38137
38139
38151
38156
38157
38165
38179
38207
38261
38324
38358
38360
38376
38422
38454
38553
38572
38630
38641
38673
38780
38781
38847
38870
38892
38894
38915
38922
38928
38946
38956
38969
39015
39041
39052
39072
39099
39103
39108
39123
39172
39230
39264
39272
39307
39429
39450
39453
39467
39545
39560
39564
39592
39615
39643
39651
39656
39716
39723
39752
39755
39770
39820
39843
39898
39925
39927
39971
39985
-1