21
77
80
100
117
130
133
145
152
153
163
166
190
193
195
196
197
222
235
259
374
396
419
434
440
449
459
463
488
503
522
529
530
531
558
604
622
624
641
649
674
693
705
732
751
791
821
825
834
835
850
864
868
895
909
946
949
991
1040
1062
1087
1089
1123
1134
1148
1168
1201
1253
1272
1281
1373
1381
1389
1393
1401
1423
1426
1432
1443
1446
1497
1498
1510
1513
1524
1549
1572
1647
1713
1717
1783
1789
1791
1841
1849
1874
1899
1920
1960
1968
1983
1998
2036
2087
2096
2109
2161
2182
2192
2210
2233
2295
2304
2393
2403
2415
2420
2438
2439
2496
2514
2553
2569
2626
2662
2671
2677
2679
2802
2815
2826
2829
2855
2864
2888
2937
3011
3047
3061
3121
3123
3134
3138
3161
3204
3224
3268
3288
3300
3315
3321
3333
3349
3395
3438
3448
3470
3472
3491
3492
3497
3562
3615
3706
3738
3785
3794
3807
3808
3814
3816
3817
3821
3841
3881
3892
3914
3925
3956
3980
3988
4007
4026
4035
4136
4139
4151
4191
4239
4240
4244
4373
4423
4428
4460
4490
4511
4531
4537
4582
4584
4662
4690
4713
4773
4852
4854
4862
4929
4953
4965
4993
5004
5006
5019
5022
5035
5044
5060
5069
5083
5098
5105
5126
5142
5159
5179
5229
5259
5278
5344
5489
5499
5535
5537
5546
5603
5630
5633
5642
5646
5665
5678
5701
5713
5750
5779
5799
5801
5806
5875
5876
5916
5958
5995
6105
6111
6120
6136
6151
6174
6242
6250
6302
6309
6318
6332
6345
6374
6385
6404
6420
6450
6475
6606
6620
6677
6683
6686
6731
6743
6775
6779
6807
6810
6843
6949
7039
7132
7134
7149
7173
7194
7211
7245
7283
7297
7307
7366
7387
7443
7450
7451
7488
7503
7521
7522
7601
7602
7621
7663
7695
7700
7736
7737
7788
7816
7826
7835
7865
7870
7887
7937
7942
7963
7972
7984
7994
8014
8020
8054
8091
8120
8186
8209
8274
8306
8308
8385
8396
8423
8436
8453
8468
8484
8508
8518
8543
8562
8572
8602
8629
8631
8637
8658
8733
8744
8784
8805
8839
8911
8922
8930
8945
8955
8978
8997
9020
9051
9062
9130
9131
9160
9222
9246
9281
9293
9335
9351
9365
9415
9500
9502
9527
9545
9560
9562
9574
9626
9717
9783
9837
9847
9888
9927
9954
10003
10004
10072
10075
10092
10096
10116
10129
10169
10214
10255
10283
10299
10377
10414
10455
10488
10516
10570
10616
10629
10665
10671
10685
10723
10727
10767
10770
10782
10817
10857
10862
10870
10884
10926
10938
10958
10999
11010
11037
11048
11092
11141
11150
11153
11197
11205
11233
11253
11254
11272
11339
11408
11413
11428
11438
11440
11449
11534
11621
11652
11714
11715
11734
11770
11774
11805
11863
11869
11998
12003
12010
12033
12041
12051
12073
12098
12118
12148
12192
12193
12199
12206
12207
12232
12261
12299
12302
12303
12310
12324
12325
12339
12364
12388
12420
12426
12512
12593
12625
12627
12705
12709
12739
12740
12743
12745
12746
12757
12814
12850
12852
12863
12933
12973
13040
13058
13080
13171
13172
13175
13243
13265
13290
13305
13311
13316
13341
13350
13355
13379
13431
13434
13484
13527
13544
13578
13589
13609
13613
13673
13690
13694
13698
13708
13746
13765
13792
13832
13836
13946
13961
13963
13975
13997
14072
14143
14226
14278
14290
14291
14297
14328
14380
14410
14440
14489
14493
14537
14548
14642
14720
14723
14738
14767
14768
14779
14798
14893
14910
14921
14924
14929
14934
14936
15021
15027
15031
15069
15070
15127
15129
15150
15178
15210
15296
15301
15325
15331
15338
15346
15360
15472
15528
15531
15556
15571
15576
15579
15609
15611
15615
15619
15643
15648
15654
15797
15799
15824
15921
15926
15927
15937
15954
15962
16021
16034
16070
16080
16086
16106
16116
16162
16197
16205
16227
16257
16285
16364
16370
16382
16421
16543
16566
16714
16719
16782
16874
16882
16895
16903
16922
16923
16951
16956
17010
17039
17041
17043
17059
17097
17130
17187
17190
17272
17280
17303
17332
17341
17378
17463
17505
17510
17512
17517
17518
17571
17588
17596
17708
17726
17741
17767
17776
17781
17800
17802
17807
17819
17840
17869
17874
17932
17943
17949
17954
17983
17999
18007
18014
18020
18062
18105
18115
18148
18162
18166
18168
18172
18193
18209
18277
18327
18332
18397
18406
18426
18443
18489
18496
18551
18570
18614
18625
18660
18688
18727
18762
18765
18775
18783
18803
18891
18905
18929
18976
19013
19025
19048
19067
19123
19163
19164
19243
19306
19317
19324
19475
19514
19515
19516
19521
19564
19603
19643
19687
19701
19757
19760
19766
19788
19839
19914
19918
19919
19956
20008
20071
20093
20152
20283
20297
20443
20450
20452
20492
20533
20544
20586
20630
20642
20672
20690
20706
20748
20841
20862
20875
20877
20925
20944
20968
21009
21097
21098
21123
21164
21167
21214
21233
21312
21357
21388
21395
21397
21419
21424
21478
21481
21485
21501
21511
21526
21533
21547
21558
21563
21584
21668
21670
21699
21713
21796
21854
21898
21902
21910
21933
21997
22021
22022
22123
22153
22169
22251
22261
22263
22275
22290
22295
22330
22333
22337
22388
22419
22423
22457
22464
22466
22492
22499
22545
22564
22588
22618
22655
22671
22694
22707
22725
22760
22783
22837
22854
22918
22939
22970
22981
23026
23035
23056
23057
23069
23102
23109
23115
23116
23188
23209
23219
23236
23240
23309
23315
23318
23320
23327
23346
23390
23451
23463
23526
23586
23608
23657
23665
23668
23704
23732
23737
23762
23837
23857
23947
23995
24053
24090
24099
24149
24152
24186
24214
24277
24281
24307
24357
24369
24374
24416
24509
24622
24623
24654
24698
24712
24713
24723
24756
24788
24791
24838
24868
24932
25139
25159
25186
25188
25242
25262
25296
25333
25354
25357
25432
25467
25532
25535
25625
25671
25701
25743
25783
25785
25790
25805
25843
25903
25928
25934
25939
25955
25963
26001
26038
26104
26131
26198
26234
26251
26256
26260
26292
26312
26357
26452
26499
26592
26618
26684
26744
26750
26790
26808
26828
26845
26892
26898
26899
26907
26962
26980
27024
27026
27061
27090
27115
27119
27128
27164
27166
27203
27213
27236
27281
27308
27313
27375
27412
27415
27434
27442
27448
27478
27499
27500
27568
27582
27587
27588
27598
27626
27641
27667
27719
27741
27745
27783
27807
27819
27855
27864
27873
27874
27876
27893
27916
27963
27988
28002
28078
28122
28150
28182
28183
28192
28202
28208
28300
28391
28399
28427
28471
28475
28498
28511
28515
28521
28540
28558
28606
28634
28694
28707
28710
28717
28758
28819
28834
28866
28884
28939
28950
28991
29007
29025
29033
29040
29046
29109
29146
29173
29191
29193
29224
29229
29235
29247
29251
29256
29330
29355
29368
29371
29380
29414
29464
29520
29572
29591
29629
29663
29680
29706
29710
29711
29727
29756
29762
29796
29865
29887
29914
29935
29936
29974
30050
30085
30129
30148
30214
30216
30258
30269
30297
30337
30339
30345
30352
30377
30378
30447
30481
30490
30510
30521
30546
30577
30578
30606
30648
30656
30666
30681
30714
30744
30761
30765
30770
30783
30796
30815
30822
30874
30983
30990
31018
31025
31046
31053
31055
31066
31135
31158
31185
31189
31202
31210
31216
31227
31232
31274
31306
31373
31391
31437
31443
31448
31479
31503
31508
31516
31525
31558
31578
31620
31639
31648
31701
31703
31716
31719
31735
31737
31793
31847
31850
31854
31881
31919
31928
31938
32019
32117
32132
32138
32146
32228
32241
32251
32256
32261
32338
32344
32364
32407
32415
32419
32472
32484
32528
32605
32614
32621
32656
32722
32804
32812
32867
32902
32919
32923
32965
33074
33172
33194
33201
33211
33216
33272
33291
33316
33328
33415
33429
33455
33457
33463
33490
33496
33512
33627
33628
33634
33654
33756
33768
33772
33801
33836
33851
33861
33873
33895
33940
33971
33995
34006
34009
34014
34041
34061
34115
34180
34261
34269
34292
34304
34311
34333
34351
34371
34372
34380
34402
34406
34436
34466
34493
34507
34515
34518
34540
34566
34573
34593
34598
34605
34606
34612
34613
34633
34672
34697
34735
34774
34798
34800
34813
34845
34851
34854
34857
34859
34875
34909
34931
34936
34968
34999
35071
35080
35083
35107
35123
35128
35202
35210
35239
35310
35323
35332
35344
35373
35377
35378
35401
35437
35446
35458
35470
35507
35512
35520
35533
35545
35565
35575
35625
35648
35690
35712
35722
35761
35793
35804
35886
35929
36014
36037
36052
36079
36081
36088
36093
36133
36174
36187
36207
36227
36255
36267
36293
36297
36325
36360
36376
36382
36433
36454
36465
36485
36493
36513
36548
36565
36618
36631
36651
36736
36749
36778
36858
36893
36927
36935
36942
36981
37050
37062
37150
37229
37236
37242
37245
37281
37282
37284
37324
37359
37360
37366
37367
37387
37424
37454
37486
37526
37540
37563
37618
37733
37803
37811
37829
37839
37867
37907
37940
37958
37982
38039
38052
38081
38117
38155
38182
38268
38350
38351
38360
38418
38435
38436
38439
38453
38456
38469
38488
38527
38572
38573
38604
38620
38627
38657
38668
38701
38702
38742
38750
38751
38806
38824
38839
38850
38854
38861
38902
38940
38971
38999
39006
39017
39048
39192
39232
39251
39285
39303
39342
39351
39353
39436
39447
39457
39462
39479
39554
39603
39636
39667
39725
39736
39797
39828
39886
39887
39895
39896
39899
39913
39924
39950
39961
-1
